570
-1
570
-1
570
21 50 28
30 23 174
51 60 247
59 165 285
77 111 286
78 185 104
117 59 118
158 6 260
163 56 171
175 113 90
-1
570
13 128 148
23 174 138
43 65 170
72 167 116
75 77 208
116 122 71
139 0 124
140 62 48
150 149 265
185 46 260
-1
570
33 49 25
35 85 201
40 58 190
49 106 98
63 148 202
63 180 269
67 101 99
68 123 217
81 35 115
103 107 167
116 99 110
129 146 241
134 72 259
138 127 84
149 26 94
166 70 136
167 47 203
185 139 33
187 114 68
187 116 33
-1
570
1 149 116
29 128 246
32 134 221
42 110 271
67 44 195
73 34 73
77 38 78
85 125 299
87 132 86
91 75 204
107 139 238
110 140 60
119 22 115
121 61 52
146 188 235
146 79 224
156 81 271
157 157 172
160 25 170
187 115 2
-1
570
11 107 245
35 96 236
41 50 257
41 10 66
41 0 194
42 114 261
47 109 38
53 24 83
56 76 270
73 182 131
77 134 22
77 87 295
81 22 15
83 167 265
85 18 61
94 80 211
95 5 117
98 119 147
105 16 175
106 48 220
112 37 24
125 32 130
142 102 99
144 167 42
145 103 132
150 131 108
165 173 34
166 168 229
187 38 148
189 152 101
-1
570
5 60 213
7 65 279
16 162 192
31 101 281
35 71 211
38 107 84
40 68 74
52 139 150
62 144 84
66 84 75
71 136 89
72 103 257
73 126 154
86 2 162
102 17 131
106 26 292
111 179 131
117 60 25
122 71 284
127 75 38
128 29 26
134 144 84
139 160 61
150 57 205
156 136 90
160 85 123
169 94 202
178 24 46
188 188 8
189 80 28
-1
570
0 150 6
15 127 224
15 156 221
17 5 74
19 38 240
19 104 190
20 189 21
26 150 22
29 171 107
31 180 222
46 144 158
48 77 15
52 78 127
63 27 272
73 3 136
73 60 57
75 120 220
79 10 212
104 64 94
115 181 70
118 163 248
127 179 56
129 45 155
134 130 138
139 13 21
141 14 157
142 170 253
145 35 20
148 13 188
156 26 242
157 180 54
165 117 276
166 63 284
167 96 154
169 63 143
169 173 45
171 105 88
175 36 195
184 170 208
184 152 293
-1
570
1 101 291
10 35 260
15 181 175
16 57 195
22 74 126
24 115 264
25 76 66
27 148 280
29 169 7
30 157 76
31 68 102
40 3 241
42 155 260
46 19 38
59 173 128
85 84 104
86 119 215
91 175 231
92 183 275
95 54 74
97 84 66
97 168 13
97 19 258
105 10 299
109 154 150
111 162 228
123 181 82
138 11 162
138 156 172
140 187 255
150 45 24
154 144 154
156 104 181
163 0 129
169 18 195
177 174 280
178 87 286
178 179 201
181 183 4
184 169 164
-1
570
0 55 68
4 24 57
12 58 139
13 45 116
13 99 38
15 50 68
16 103 277
18 177 228
20 78 126
20 127 202
31 165 38
32 75 161
39 162 295
51 114 162
51 110 211
51 55 166
52 185 140
52 178 88
54 127 60
54 7 249
56 86 84
56 67 243
58 125 230
71 116 104
73 53 250
87 29 96
93 100 292
98 97 161
103 91 48
109 114 156
114 106 62
117 148 255
118 98 180
121 125 75
122 168 287
124 22 34
133 130 80
134 168 78
136 61 60
138 73 57
146 136 137
146 93 291
147 39 124
152 17 97
156 23 273
165 23 259
165 117 55
167 184 268
171 93 126
174 83 236
-1
570
9 94 293
11 18 117
11 80 108
14 26 52
15 4 284
17 186 126
19 151 150
19 152 149
21 59 170
28 62 50
41 118 185
46 1 243
54 46 43
55 176 21
67 30 50
68 87 128
68 80 251
68 98 39
73 167 221
76 177 69
77 73 298
79 121 13
81 153 96
83 151 146
92 174 2
95 29 208
96 149 157
98 12 121
104 28 103
106 47 96
107 89 58
113 65 287
115 19 250
116 74 262
118 138 188
137 15 172
140 89 22
142 38 119
149 93 289
152 152 275
157 25 13
160 115 4
160 77 268
162 85 243
170 71 276
173 88 223
173 57 79
176 115 5
181 168 31
187 114 284
-1
570
0 139 195
0 9 34
5 133 86
10 76 85
12 41 172
14 73 182
17 13 69
19 172 50
20 120 272
27 148 215
29 139 290
37 46 287
49 10 29
50 122 179
50 124 164
53 78 68
62 170 229
68 181 90
70 54 94
71 178 138
80 167 175
93 111 97
95 144 46
104 105 255
105 149 134
105 16 116
107 12 249
109 61 30
110 124 92
112 36 211
114 24 119
114 59 82
117 164 161
117 111 13
120 121 47
121 117 177
128 86 30
129 164 69
129 54 209
133 87 15
138 101 211
140 182 232
141 159 105
142 178 146
146 45 190
147 125 1
156 1 63
158 189 108
160 82 271
164 81 159
169 3 15
170 149 130
171 135 124
174 34 49
177 26 24
179 169 68
186 3 249
187 101 270
188 180 288
189 93 48
-1
570
2 151 26
4 90 178
8 124 43
19 163 158
25 65 263
28 71 146
29 167 105
36 34 44
38 65 152
46 156 45
46 124 164
47 92 20
48 86 62
50 70 38
50 168 167
53 147 118
58 75 181
63 17 275
64 79 297
69 27 227
69 20 248
74 60 213
75 68 125
76 93 281
77 150 242
81 6 252
82 105 215
83 63 228
83 92 158
84 99 292
88 4 130
89 42 262
89 135 267
90 134 112
95 168 21
95 155 271
97 82 175
103 169 34
103 13 167
104 176 217
109 23 100
110 79 117
116 88 58
116 81 27
120 20 38
122 129 114
126 45 90
141 174 51
142 3 13
143 184 56
143 94 153
143 28 263
153 7 7
155 82 253
159 57 198
177 152 135
179 51 246
179 89 44
182 21 295
188 171 47
-1
570
0 47 75
5 163 93
8 188 274
9 171 18
10 112 278
13 94 131
14 49 22
14 84 159
14 3 50
21 17 193
21 6 148
22 181 101
22 78 266
23 47 100
28 176 92
29 99 159
31 38 74
36 49 76
47 32 74
49 32 70
50 10 276
50 146 206
50 117 239
56 16 247
56 76 194
63 131 256
70 108 11
80 177 34
80 117 218
81 109 83
82 159 186
83 77 166
83 112 149
88 136 6
88 135 238
93 85 286
93 132 220
95 0 169
97 174 107
97 188 173
99 4 26
100 146 17
100 163 125
102 20 224
103 100 281
107 42 106
108 92 105
109 131 164
110 100 299
114 48 241
116 72 104
124 173 207
127 109 129
131 36 116
140 72 26
140 111 23
143 130 28
150 5 287
151 173 246
159 152 88
159 178 169
165 35 230
176 189 113
180 62 72
183 34 29
183 12 73
183 58 201
184 144 72
186 89 104
188 48 245
-1
570
3 69 142
3 27 206
7 153 126
10 162 278
15 88 269
18 131 265
19 151 168
20 76 34
23 143 114
24 44 255
27 61 202
29 20 269
34 30 160
35 138 62
38 163 235
44 119 5
45 86 101
50 157 243
55 176 156
60 3 187
62 175 21
62 7 196
62 26 124
65 179 70
65 29 83
66 174 252
69 100 27
69 136 131
77 123 176
79 129 277
82 164 244
90 70 104
92 71 23
94 33 17
97 139 8
100 36 4
107 178 163
108 143 104
112 34 172
114 81 41
116 28 174
119 51 158
124 152 200
125 24 53
125 36 31
129 82 252
131 82 139
131 34 183
136 71 241
138 139 120
139 104 30
140 119 183
141 175 181
144 97 123
145 155 236
146 8 151
150 70 141
151 179 73
153 110 296
155 137 21
159 27 67
159 124 29
160 12 164
167 89 295
167 13 156
172 22 16
172 39 13
175 8 57
186 99 12
187 179 204
-1
570
1 169 226
3 55 231
6 128 90
10 74 205
10 99 52
12 42 244
15 47 59
22 48 20
22 129 20
25 64 154
28 78 147
37 55 273
37 20 278
45 109 217
46 117 30
46 116 65
46 156 293
46 118 139
49 111 285
51 150 203
53 185 196
69 58 163
72 61 270
74 64 212
76 21 149
77 12 216
77 124 45
79 153 204
84 5 6
84 152 232
85 165 280
86 172 298
89 181 162
90 152 255
102 85 177
104 89 105
108 169 110
109 122 96
111 29 244
112 148 298
113 38 265
115 74 95
115 34 235
116 3 273
116 171 217
119 119 85
122 91 266
123 128 133
123 46 15
128 145 219
129 153 74
130 42 267
132 104 209
135 102 34
136 135 7
142 35 77
142 42 233
145 52 99
152 81 170
153 99 54
154 81 274
156 52 291
156 103 232
156 39 105
157 150 210
158 117 19
160 150 69
162 49 14
162 172 281
162 114 63
169 10 262
170 5 113
170 115 130
171 147 151
172 158 134
174 13 35
178 60 82
182 104 103
183 146 40
183 71 179
-1
570
1 2 205
4 47 228
6 158 91
12 142 127
12 184 35
18 113 163
19 50 138
23 59 56
24 2 64
28 128 143
32 156 4
34 133 58
38 166 4
42 86 43
42 162 175
45 165 153
60 78 282
68 100 234
69 42 141
69 134 68
71 40 230
73 23 260
75 64 257
76 183 159
78 73 197
84 35 137
84 103 184
86 35 153
91 166 61
94 8 253
95 44 184
98 64 272
98 179 238
98 104 113
100 75 258
100 149 215
101 35 280
101 150 203
102 166 17
103 47 193
107 164 100
107 130 31
111 41 283
112 188 190
113 56 246
114 38 98
115 83 162
117 25 151
117 58 62
125 82 159
128 180 297
129 116 290
131 24 225
132 72 11
134 61 83
134 161 81
134 104 62
136 95 229
137 125 246
144 150 177
147 64 6
158 101 53
160 131 257
162 126 113
162 151 246
165 11 208
166 68 127
166 142 25
169 153 207
169 4 54
171 79 285
171 110 137
172 84 289
172 74 197
176 16 276
176 160 31
177 163 91
179 82 193
181 46 163
187 24 53
-1
570
5 87 128
6 177 213
8 107 61
9 132 27
10 24 80
11 4 88
15 54 156
15 121 151
19 178 94
19 183 213
20 157 215
21 50 81
25 159 56
26 125 256
26 119 28
27 42 92
28 148 282
30 122 64
38 10 111
39 139 72
42 60 36
43 76 227
44 72 293
45 177 14
46 170 148
50 157 65
51 108 170
56 105 136
58 176 159
59 136 143
59 19 91
62 189 17
67 35 259
70 4 240
73 14 202
73 85 215
75 186 24
78 166 230
80 121 133
82 121 74
83 160 246
84 127 82
85 54 123
88 27 69
89 7 27
89 176 291
96 155 231
98 145 93
102 155 255
104 26 14
107 11 135
110 176 110
117 96 83
118 69 136
119 15 89
119 119 183
121 17 142
121 79 239
121 163 109
122 4 266
122 103 266
125 89 98
127 189 162
128 87 56
129 143 276
131 84 136
140 144 154
143 14 180
145 115 53
146 5 20
149 64 210
150 86 116
151 150 276
152 74 215
153 10 53
154 184 191
159 96 62
160 8 112
163 86 191
165 180 89
166 121 184
166 71 109
171 37 295
173 133 89
175 88 2
177 165 257
177 91 286
186 140 269
187 150 29
188 59 259
-1
570
1 100 171
2 91 203
5 26 81
9 160 161
11 67 257
17 93 23
18 67 226
20 73 293
21 25 167
26 13 256
29 106 82
30 132 87
32 44 295
34 74 213
35 9 10
42 67 154
43 176 267
44 25 240
45 20 236
46 13 92
47 23 17
51 148 19
51 0 290
53 172 282
58 171 220
58 137 227
60 49 113
62 185 191
64 35 140
65 6 74
66 70 154
67 179 252
67 45 193
68 183 188
70 28 297
72 184 299
74 168 276
78 155 156
80 175 176
84 67 218
86 25 64
86 60 211
87 25 57
92 106 45
96 87 178
97 8 229
98 164 267
98 77 232
98 60 156
99 188 160
99 94 178
100 10 54
102 32 253
106 110 152
106 159 278
107 4 187
108 100 266
116 169 191
117 135 157
123 189 115
129 180 6
129 152 196
132 126 13
142 52 148
144 129 150
145 36 73
147 67 190
148 134 242
148 55 215
150 60 203
152 52 162
154 32 180
155 168 280
165 20 24
165 124 146
165 182 152
168 66 33
170 91 186
170 108 89
173 133 254
174 28 171
174 26 178
174 7 195
177 66 84
177 70 128
178 144 175
181 151 28
184 67 108
184 129 54
189 91 7
-1
570
1 156 134
3 56 78
6 108 11
10 119 105
13 143 159
13 78 261
14 172 50
15 176 239
15 158 138
15 7 270
15 49 15
17 30 116
19 86 95
20 74 93
20 89 232
21 13 57
23 15 165
28 26 178
28 112 106
28 70 241
29 42 160
29 68 129
34 55 83
36 54 103
39 7 192
40 125 267
41 187 102
42 121 298
42 70 122
42 25 118
47 103 202
48 189 36
49 19 267
53 163 83
57 138 67
57 20 276
57 92 161
60 91 179
62 85 225
63 135 99
64 64 66
65 26 60
69 105 247
74 111 86
74 82 80
75 60 101
75 21 19
76 105 44
76 35 214
77 124 78
87 63 119
89 69 84
91 167 194
91 4 105
93 80 166
93 186 271
94 84 98
94 90 299
95 106 225
97 128 233
103 187 257
105 147 58
105 117 299
106 108 252
108 101 292
111 181 9
112 103 207
116 40 4
116 169 14
121 129 174
126 107 105
127 34 250
127 60 9
129 132 215
130 189 60
130 23 217
136 84 72
136 120 124
137 123 120
137 131 113
139 138 248
139 103 37
140 84 220
147 89 79
148 28 55
155 184 226
156 89 183
158 12 194
163 42 17
165 95 292
172 165 91
173 60 82
175 151 30
177 122 93
179 134 243
180 146 240
182 154 10
183 18 116
184 49 264
184 148 221
-1
570
0 88 278
1 159 67
5 59 258
13 58 246
13 85 202
20 40 24
21 109 152
23 158 128
24 178 93
27 45 137
27 16 189
31 29 173
31 1 71
32 2 256
36 52 277
40 109 32
44 85 214
44 48 120
50 85 264
51 136 83
51 46 266
51 121 78
53 47 88
54 97 72
56 15 244
56 46 71
62 128 84
62 127 8
62 104 49
62 83 68
64 53 100
71 109 132
72 15 186
73 182 13
74 9 271
77 89 44
77 165 279
78 5 184
78 148 160
80 26 37
80 76 220
80 176 296
89 142 173
89 2 207
89 63 36
90 51 118
92 93 16
92 143 295
94 148 131
95 3 157
96 189 214
96 57 285
99 175 185
100 127 204
101 132 150
101 78 195
101 168 132
102 26 275
106 53 137
110 102 130
111 26 116
111 115 42
112 134 263
113 121 61
116 143 242
117 42 206
118 126 125
119 164 296
123 158 298
127 98 44
127 124 286
132 107 259
134 78 295
135 57 228
137 154 122
137 160 276
145 138 237
150 162 2
150 138 22
151 150 128
152 119 286
153 23 27
153 91 144
157 43 138
160 153 136
162 108 236
166 19 6
169 162 280
171 69 176
175 41 181
175 5 102
177 121 267
177 44 122
178 17 227
178 131 14
179 127 29
183 179 99
185 88 28
185 102 225
187 169 270
-1
570
0 88 59
0 126 81
4 38 27
5 52 44
7 106 185
8 168 147
14 35 224
15 182 188
15 93 122
17 54 129
17 134 16
17 31 119
18 38 143
19 114 285
21 145 215
26 101 161
29 157 175
31 24 213
33 49 138
34 39 56
34 54 131
34 100 88
34 133 51
38 118 23
39 175 232
43 157 184
43 49 155
44 160 36
45 9 58
49 139 48
56 89 242
58 87 175
59 155 216
59 40 11
60 179 193
64 55 228
66 104 54
66 17 44
71 109 270
72 2 55
74 28 57
75 150 14
75 159 149
78 95 216
79 25 198
79 155 55
79 79 240
79 2 177
79 103 97
82 67 216
83 179 63
83 185 207
83 125 142
84 171 66
89 168 174
92 35 196
94 81 29
95 127 295
95 26 197
99 102 152
104 75 18
106 121 225
107 170 46
109 12 250
111 136 288
114 35 31
114 150 3
116 127 128
116 119 48
118 168 8
119 53 28
120 53 256
128 10 127
132 16 89
135 41 254
137 92 266
139 123 213
140 130 159
141 115 152
146 170 136
149 132 114
150 89 194
152 56 208
152 12 12
154 85 108
155 79 267
155 48 91
159 161 220
159 56 64
161 143 79
161 175 203
162 46 194
162 7 211
163 37 169
166 120 186
166 104 139
167 182 287
167 134 84
167 54 188
168 158 133
171 89 160
172 145 215
173 29 139
177 117 92
177 5 292
177 45 33
181 149 257
182 79 79
183 189 149
185 90 107
-1
570
0 106 36
2 63 236
3 90 112
10 173 5
12 32 197
13 157 122
13 59 249
13 102 245
15 110 191
21 165 91
24 86 272
25 94 299
26 19 108
28 86 165
28 22 186
29 13 45
31 14 287
31 83 9
31 189 259
32 125 258
33 61 261
35 79 295
36 1 91
36 157 128
38 123 249
42 13 85
42 149 51
44 57 23
44 123 1
48 107 23
48 21 170
53 4 61
53 29 239
55 186 209
56 138 90
58 109 113
59 13 21
59 70 161
59 82 253
66 48 198
66 150 104
68 52 123
68 81 12
69 6 261
69 99 72
72 140 190
72 32 296
73 148 153
73 14 285
75 151 238
77 138 186
77 8 63
77 4 136
78 64 228
79 127 257
79 112 204
80 82 248
81 56 256
87 59 274
89 48 199
89 0 266
95 9 73
96 176 269
101 2 245
107 182 27
109 16 75
110 75 284
111 69 235
113 50 113
114 4 41
120 80 296
123 3 134
124 61 157
127 180 272
130 107 250
133 119 209
134 10 137
136 21 299
137 62 7
138 144 17
139 174 133
140 162 155
141 187 205
145 16 23
152 104 201
152 17 148
153 146 297
155 180 68
155 133 108
159 94 49
159 140 82
160 109 228
164 99 31
165 66 141
167 34 31
167 166 48
168 168 214
174 187 61
176 30 73
179 157 255
179 3 26
182 104 55
182 125 65
182 113 225
183 68 110
184 164 113
185 52 110
185 90 236
186 46 32
188 165 298
-1
570
0 85 32
1 141 32
2 157 24
4 183 279
5 146 224
6 7 105
7 67 192
8 40 46
8 16 278
8 159 38
10 70 294
11 149 106
12 28 184
14 165 103
14 35 192
15 94 97
16 124 102
17 150 6
20 39 64
20 13 248
20 111 252
25 16 231
26 178 219
28 138 184
29 101 207
30 42 23
31 159 207
31 70 141
36 127 110
38 130 18
40 167 0
40 153 192
40 42 134
42 151 285
44 74 200
49 74 146
49 171 125
51 152 250
51 157 178
56 184 34
56 165 20
57 22 271
61 67 234
62 165 48
64 46 16
68 69 67
70 169 118
71 19 73
72 146 27
74 56 67
78 181 203
80 63 171
82 27 115
85 3 72
86 138 136
87 107 115
88 106 77
90 93 282
93 188 92
94 140 171
95 27 206
99 141 16
101 95 299
102 18 218
102 167 210
102 41 139
103 99 62
103 45 22
107 64 281
107 161 26
110 25 64
111 144 109
115 95 191
115 68 74
116 184 249
117 171 245
118 18 71
118 121 246
122 73 209
131 164 127
134 189 35
135 149 128
137 9 9
138 87 16
138 62 292
139 70 168
140 148 284
143 77 125
143 129 241
144 11 128
144 91 278
144 77 233
146 14 43
147 120 291
148 56 72
150 9 56
151 175 208
151 37 131
151 125 178
152 119 76
153 59 40
154 26 60
156 182 143
157 121 235
160 148 236
160 34 132
161 20 44
165 3 197
165 65 50
165 61 170
166 79 292
174 5 80
174 147 196
176 11 69
176 7 239
177 77 228
178 15 201
180 107 157
180 128 62
182 72 52
-1
570
0 104 118
0 30 188
1 162 120
1 162 45
2 21 139
10 122 153
13 166 279
18 13 215
18 99 261
20 101 261
22 139 4
33 154 138
33 189 175
34 169 6
37 129 279
38 140 185
42 138 244
43 14 1
43 146 287
47 166 210
47 68 128
49 37 43
50 82 38
51 23 91
52 147 109
52 9 189
57 164 171
59 170 272
63 19 48
63 67 260
67 117 220
69 74 141
70 68 298
70 18 1
70 172 133
74 4 79
75 176 50
78 118 236
78 18 296
80 162 220
80 108 279
82 101 55
83 136 139
85 101 195
86 4 129
91 19 2
91 73 246
93 186 41
98 179 68
98 129 228
100 145 136
100 68 2
101 157 280
103 116 268
104 169 133
109 26 88
110 66 80
111 13 87
111 74 35
113 55 291
115 33 165
115 43 279
120 122 75
121 79 144
121 99 275
122 187 232
124 31 286
124 153 27
125 91 92
127 122 252
127 180 121
129 75 58
129 46 172
131 178 129
133 33 15
135 75 202
136 112 90
137 77 217
138 20 224
138 70 148
139 118 226
140 77 267
142 182 22
143 22 95
144 181 124
146 7 5
146 131 9
146 90 39
148 147 14
149 142 299
149 164 66
152 139 176
154 67 290
154 16 285
159 10 161
160 98 221
160 169 60
160 179 167
161 133 198
163 142 12
163 81 172
164 139 98
165 105 251
165 40 121
167 39 291
167 149 166
168 172 135
168 70 70
171 17 29
174 158 45
178 40 289
181 114 153
182 51 284
182 59 23
184 33 4
185 125 161
186 176 124
186 135 14
189 46 146
189 148 237
-1
570
3 14 86
3 124 111
5 6 180
7 61 17
7 80 195
8 150 3
8 101 286
10 156 108
13 157 30
14 91 84
15 47 152
16 128 242
17 103 60
18 168 76
19 29 4
21 48 254
22 162 91
24 148 81
24 139 41
25 133 209
25 14 180
29 82 28
30 107 53
30 136 174
33 108 46
33 61 139
38 63 122
41 54 298
44 129 233
44 61 152
45 13 51
51 112 156
52 90 1
52 8 243
55 78 242
56 66 48
58 189 155
59 77 266
66 126 255
67 164 100
69 27 122
69 50 154
69 156 58
70 172 261
70 147 279
71 141 161
74 116 177
75 64 59
77 9 34
77 117 95
77 5 45
78 56 76
81 120 288
81 85 137
82 89 89
82 17 190
82 174 273
87 31 66
87 92 131
88 0 258
88 25 270
88 18 220
90 8 70
90 157 265
90 108 125
91 46 114
92 85 250
93 148 297
93 148 260
97 48 59
98 177 100
99 47 234
100 89 56
101 153 271
103 69 290
105 6 291
107 161 251
114 116 260
115 133 168
115 164 226
115 15 82
116 178 142
118 185 54
118 114 195
122 3 146
124 88 57
127 159 244
128 0 247
134 110 119
135 184 287
141 83 80
141 17 181
143 153 286
145 115 188
148 120 295
152 9 143
154 50 10
156 89 31
156 86 59
158 186 41
159 6 298
159 87 83
161 71 44
161 153 82
163 160 165
163 50 79
165 168 170
166 104 250
167 95 262
170 145 139
172 176 36
173 172 231
173 24 31
176 66 104
176 146 264
176 146 297
176 164 164
176 0 153
176 1 136
177 154 205
179 16 193
182 188 239
183 9 162
183 95 56
184 90 224
185 89 181
186 64 140
189 80 33
189 142 203
189 3 24
-1
570
0 127 63
4 6 83
5 103 242
6 119 177
7 78 214
8 116 124
10 120 116
12 58 81
12 95 74
13 11 261
13 169 156
15 185 105
16 125 185
16 146 280
18 90 190
19 161 268
19 24 231
22 167 121
25 153 124
27 24 155
27 64 218
28 129 292
32 81 118
33 109 280
33 172 91
33 140 299
37 119 100
38 36 120
39 98 170
39 148 227
39 174 155
40 83 224
41 180 205
44 69 33
45 115 276
45 119 295
45 12 147
49 107 211
49 11 197
49 129 193
50 61 123
50 129 169
52 93 247
53 16 210
54 28 89
54 18 260
57 95 122
58 123 288
60 163 263
63 44 136
64 42 203
65 41 95
65 52 6
67 174 120
67 114 225
72 185 117
76 108 296
78 51 175
78 31 92
79 35 24
82 166 248
82 0 105
83 52 136
88 74 236
88 114 135
88 101 247
89 113 286
89 170 185
90 176 31
92 153 94
92 107 114
94 149 40
95 84 108
103 1 43
104 22 12
108 47 271
109 17 164
110 63 119
110 113 1
110 95 45
114 160 166
116 27 151
118 177 254
118 60 85
120 139 85
126 4 228
126 51 131
128 99 95
129 95 230
129 64 179
132 29 218
134 168 276
135 48 142
137 35 237
137 79 253
138 159 245
139 138 200
139 49 112
140 60 175
145 50 165
145 74 112
145 88 194
147 182 2
147 130 197
148 187 122
148 16 220
153 97 124
156 147 281
158 86 281
158 118 266
159 58 206
160 34 115
161 76 30
162 161 224
163 160 193
163 95 122
165 7 115
170 144 177
172 50 80
172 69 68
178 50 135
179 144 70
180 82 147
181 64 180
182 90 175
184 68 185
186 44 40
186 53 18
188 54 22
189 185 16
-1
570
0 174 283
1 45 223
2 171 141
2 143 71
2 15 223
4 127 99
4 127 123
5 163 163
7 57 261
7 42 250
9 168 164
9 117 298
9 0 155
12 65 294
15 143 116
16 113 123
18 27 50
18 27 81
19 169 137
19 89 70
19 132 42
20 79 276
22 119 85
22 171 119
23 184 9
23 147 53
24 24 48
27 115 293
29 94 73
32 76 243
33 16 48
35 46 165
36 83 252
36 164 50
37 15 188
38 22 188
39 168 85
40 89 291
41 122 244
43 150 185
44 14 26
46 146 158
46 58 139
46 174 152
48 13 87
50 46 85
52 183 209
53 133 141
55 71 210
56 0 158
58 122 115
58 63 183
61 95 128
61 119 183
61 119 77
62 128 223
63 121 206
64 138 232
68 129 83
68 114 160
69 144 191
70 38 279
72 22 206
75 155 210
75 146 287
75 99 172
76 165 181
78 161 275
78 2 47
81 67 29
82 83 77
83 55 282
92 138 189
93 121 248
95 181 213
96 51 69
96 110 132
96 37 91
97 121 121
98 62 215
98 50 191
104 33 84
105 186 120
107 180 135
109 11 57
109 173 216
109 136 146
111 160 94
111 97 77
111 15 36
114 136 105
115 75 33
116 40 68
119 76 229
121 180 84
121 120 184
124 124 288
124 177 227
124 189 6
125 138 197
128 25 74
128 38 232
129 19 240
131 17 209
131 15 150
132 130 123
132 1 264
133 80 136
134 176 281
138 65 224
139 10 188
141 69 282
147 154 156
148 2 88
150 115 279
150 145 4
150 91 41
152 27 146
153 180 57
155 55 285
159 24 34
162 92 3
162 182 189
162 189 101
162 117 35
163 121 71
165 94 217
169 24 116
169 33 9
169 33 265
171 54 32
173 106 173
175 73 249
177 60 231
178 152 137
180 28 219
181 150 57
181 188 224
188 21 51
189 109 139
-1
570
1 79 166
5 51 182
6 135 106
7 128 117
8 170 135
8 113 159
9 50 74
10 95 294
11 44 139
12 103 25
16 143 27
22 168 176
23 111 39
24 165 296
24 67 39
27 134 284
27 139 181
28 179 282
28 9 62
30 170 66
39 94 10
40 146 172
41 184 192
41 33 246
44 9 198
47 19 294
48 34 104
49 184 295
49 64 96
50 174 201
51 7 175
52 92 174
53 55 290
55 10 121
55 102 259
59 52 76
59 134 230
61 183 285
63 105 115
66 153 209
66 79 200
66 164 247
67 141 187
70 113 107
71 161 297
74 178 293
74 19 226
74 97 224
75 185 62
75 34 202
81 86 189
81 43 102
85 171 201
87 56 255
88 86 112
88 15 28
92 92 86
94 150 64
95 99 219
96 34 115
97 97 84
97 136 40
99 43 261
99 164 63
100 14 113
101 171 290
102 29 0
102 35 164
102 151 110
102 81 5
102 4 10
105 77 21
106 37 201
106 181 257
108 145 122
108 153 192
111 60 151
111 124 37
112 0 54
114 186 32
114 128 164
114 175 90
116 165 241
117 65 61
119 127 105
119 149 177
123 128 96
123 56 253
124 104 160
125 28 216
127 92 284
128 43 16
128 32 60
128 17 30
129 27 99
130 177 248
131 187 261
131 106 146
132 144 100
135 151 109
137 125 47
137 189 118
141 158 164
142 181 157
143 93 134
144 22 27
144 188 36
145 142 214
147 105 260
147 97 46
150 77 25
151 79 281
151 182 297
151 61 244
152 113 31
155 3 130
155 117 148
158 124 201
160 49 115
161 187 6
161 67 180
164 174 273
166 54 295
166 5 88
167 164 216
169 42 88
173 146 28
174 24 275
177 10 252
177 49 136
177 64 250
177 100 8
177 63 168
178 26 43
182 52 29
183 121 164
183 105 273
183 184 87
185 127 267
188 133 193
-1
570
1 4 163
2 84 122
3 45 170
5 68 198
5 119 41
5 101 152
6 118 171
7 185 78
9 126 80
9 13 128
13 15 206
15 63 94
16 10 168
18 18 162
19 164 13
20 7 236
22 17 176
23 124 213
23 152 11
23 123 177
25 114 11
30 186 104
30 42 270
33 90 281
34 93 53
34 88 13
37 118 81
37 117 157
37 24 92
38 186 291
41 158 149
41 161 115
44 127 171
45 181 21
47 2 158
47 143 171
49 118 31
49 109 158
50 45 109
50 81 227
51 49 42
52 120 1
54 117 67
56 56 247
57 74 84
57 174 44
57 102 124
58 131 38
58 178 204
60 179 215
60 37 257
62 106 180
62 27 232
62 106 217
65 23 96
65 115 250
67 30 29
67 30 283
70 29 266
71 186 38
72 157 228
72 108 156
72 134 16
73 146 45
75 38 99
76 41 146
77 164 16
78 53 97
79 90 299
79 100 20
79 111 251
80 3 235
83 130 191
84 43 31
85 18 54
86 161 48
87 88 217
87 91 29
88 5 158
89 118 262
91 60 177
91 111 264
91 52 240
92 109 18
92 45 200
93 175 216
95 141 145
95 107 264
96 82 277
97 5 154
98 132 121
105 170 224
106 25 263
108 54 286
111 114 233
114 73 137
114 31 173
114 74 209
116 117 60
116 123 20
116 80 61
118 93 172
119 149 74
120 178 178
120 39 42
121 19 53
122 64 191
122 118 34
122 70 237
123 134 187
125 131 71
127 99 247
130 65 62
131 69 116
131 33 244
136 30 126
136 62 168
139 0 22
139 128 107
140 147 50
141 99 134
141 40 70
143 168 91
144 177 26
145 34 295
147 10 182
147 120 239
147 134 176
150 141 203
150 89 107
152 36 75
152 43 299
153 150 207
154 66 63
160 66 215
160 144 99
162 13 158
163 78 43
164 114 251
165 142 179
166 142 11
167 102 91
167 80 281
168 18 122
170 26 207
172 44 21
172 32 59
175 135 127
182 170 263
183 104 8
-1
570
2 144 254
5 21 116
6 116 16
8 188 185
9 10 214
13 148 142
14 110 107
15 58 64
17 70 129
21 46 171
22 140 267
22 86 291
22 101 143
25 114 12
26 186 268
27 5 86
29 58 299
30 55 185
31 90 10
32 40 291
33 171 16
34 187 194
34 86 81
35 81 73
36 1 207
36 180 280
37 26 253
37 4 112
37 38 120
37 170 164
38 10 126
40 2 177
41 105 134
41 5 72
41 163 262
42 52 240
42 178 205
46 117 125
47 162 131
48 54 87
48 57 148
51 185 173
52 14 202
54 123 250
55 151 45
57 162 72
57 35 203
58 98 4
59 83 2
59 4 53
60 75 251
63 145 280
65 90 60
66 148 66
68 69 98
68 12 146
69 54 9
70 54 45
70 102 179
71 16 218
71 104 61
75 32 179
77 48 256
80 156 292
80 180 153
81 130 116
82 15 194
85 22 193
87 139 76
89 145 147
91 95 233
97 75 223
98 143 76
100 94 248
101 158 237
101 160 105
103 13 281
104 133 64
105 162 63
105 142 266
106 113 77
107 106 18
109 56 62
109 133 233
109 54 35
109 13 162
110 56 25
111 68 188
114 55 239
114 20 247
115 13 231
117 19 295
117 93 108
117 155 231
118 179 99
119 108 134
124 153 253
124 165 165
124 160 145
126 165 215
127 88 266
127 150 48
128 108 195
130 73 114
131 89 159
132 39 6
134 86 209
134 72 98
135 159 195
136 158 72
138 104 248
141 140 46
142 162 85
144 40 290
144 73 152
144 43 73
145 187 80
146 113 34
148 138 256
150 103 53
151 116 92
152 24 289
152 176 6
155 15 138
159 6 141
161 45 101
161 111 22
163 48 140
163 143 168
163 116 65
164 32 81
166 90 56
168 138 124
169 6 298
171 39 166
172 32 29
176 188 186
177 155 162
177 76 41
178 59 175
178 7 7
179 164 168
180 14 222
180 28 225
183 39 293
187 163 97
187 152 19
188 174 288
189 82 239
189 76 49
-1
570
0 155 228
0 33 254
2 155 109
3 186 202
7 189 12
7 145 245
10 95 47
10 180 266
10 114 269
11 57 172
13 40 86
16 134 199
16 50 292
16 33 261
17 153 251
19 85 146
21 87 21
21 95 30
29 82 227
30 86 199
31 132 54
33 55 89
33 35 44
34 185 276
35 150 221
35 141 4
35 7 11
35 28 156
36 37 31
37 124 200
38 86 230
41 75 89
42 166 36
43 75 18
44 146 48
44 156 34
45 110 60
45 5 63
45 85 28
46 112 226
46 96 186
47 18 110
49 149 150
49 138 93
50 141 258
51 5 70
55 87 287
57 39 129
59 4 168
60 176 60
62 71 159
62 184 278
63 141 38
67 100 47
68 50 126
68 44 275
70 15 75
71 163 26
71 104 221
71 37 165
72 125 88
73 9 268
73 96 9
73 108 44
74 89 208
76 181 235
76 128 187
78 73 188
79 154 72
80 98 130
80 80 96
82 26 149
82 43 168
84 53 68
86 129 147
86 45 271
87 146 43
87 117 276
89 38 12
89 44 226
89 13 221
90 20 1
95 1 263
95 121 113
96 137 159
97 112 195
97 126 190
98 50 153
99 55 99
102 49 118
102 149 185
102 64 191
102 30 24
102 17 165
104 30 209
105 15 97
107 108 104
108 149 29
111 2 15
112 168 166
112 16 61
116 21 169
116 112 263
117 140 70
118 160 121
118 182 133
121 16 19
122 30 222
122 135 275
123 92 86
123 109 183
124 25 15
124 72 128
125 120 104
126 153 272
129 22 126
129 114 295
130 180 211
130 97 94
132 142 164
133 180 259
134 109 197
134 44 87
135 113 109
138 3 16
139 41 111
140 178 3
141 58 21
142 142 106
147 139 157
148 99 64
149 56 57
151 106 80
153 36 242
153 123 116
154 133 77
156 162 231
156 169 32
157 9 261
157 77 185
158 84 212
159 123 182
159 56 254
161 6 70
165 177 288
165 81 61
170 134 113
172 40 120
173 12 91
175 168 98
177 45 32
182 161 195
182 177 40
183 149 38
183 147 246
183 125 152
185 50 284
187 162 169
189 81 179
189 33 240
-1
570
1 117 267
1 182 101
3 141 176
3 18 269
4 148 109
5 141 200
7 173 168
9 122 23
11 37 279
13 155 178
19 136 235
21 2 176
25 21 3
25 87 11
27 86 45
27 70 23
27 40 228
29 41 151
30 137 202
32 78 93
33 180 200
33 186 136
35 137 265
37 101 72
38 169 190
39 126 156
41 108 241
41 5 240
43 108 38
44 10 194
44 20 87
45 136 135
46 62 275
48 16 187
48 21 114
49 53 93
53 106 149
56 150 284
56 46 100
57 35 250
59 183 177
59 114 89
61 41 271
62 68 73
62 157 55
62 156 16
65 1 103
67 146 238
67 97 61
68 181 182
68 111 193
69 147 13
70 148 270
70 73 236
71 183 139
72 58 85
75 159 121
77 126 6
78 112 90
79 111 23
80 185 60
81 114 47
82 175 89
84 136 0
84 61 228
84 73 228
86 7 258
87 121 126
87 79 289
88 124 235
89 6 105
89 132 294
93 127 210
94 39 290
94 167 96
95 4 188
96 58 56
97 2 220
97 112 8
99 22 177
99 162 149
99 109 74
99 26 298
100 22 133
103 170 263
103 175 37
104 151 207
105 149 276
106 158 78
108 84 47
111 22 154
112 38 289
115 92 62
120 16 60
120 144 182
121 99 12
122 77 43
122 49 114
125 80 77
127 126 277
127 175 152
128 125 167
128 67 287
129 133 232
130 102 219
132 74 153
134 161 38
135 114 165
136 91 50
136 88 290
136 142 66
136 51 179
138 161 220
138 122 121
141 179 238
141 61 47
142 61 159
144 19 7
144 10 116
144 156 176
145 121 179
149 54 46
150 53 49
151 41 26
155 105 180
155 110 39
155 175 107
156 187 18
157 102 77
157 179 83
157 9 96
158 95 88
159 112 59
159 108 11
159 147 26
162 85 238
163 24 85
165 152 283
166 76 193
166 169 90
171 171 233
177 121 266
177 54 136
178 47 268
178 74 115
179 131 151
180 66 163
180 137 70
181 103 10
182 157 201
182 144 190
182 18 9
183 8 197
185 100 87
185 60 74
186 147 247
187 134 112
187 66 92
189 161 296
189 146 179
-1
570
2 121 17
2 32 290
3 90 65
6 63 195
9 132 262
9 11 170
10 27 154
10 121 54
10 88 280
11 184 11
11 130 252
12 8 27
12 155 1
14 166 283
14 138 284
15 160 104
15 35 177
15 139 116
16 1 253
16 11 65
16 19 173
17 128 68
17 79 276
18 155 210
20 102 196
21 116 143
21 146 246
21 97 40
21 73 210
21 65 231
22 108 195
23 91 239
23 174 79
24 64 187
24 87 62
25 110 47
25 51 206
25 69 10
25 82 60
26 51 244
27 14 30
27 101 49
27 146 113
29 5 205
30 80 278
32 88 250
34 62 272
34 42 220
35 77 173
36 20 158
37 150 1
37 95 166
38 59 104
40 50 47
41 143 34
43 29 18
45 152 171
47 6 287
48 27 143
50 115 228
56 73 271
57 120 45
61 113 136
63 148 80
69 30 30
71 9 108
72 69 21
74 114 120
74 189 292
74 77 92
76 104 21
78 145 13
79 90 292
79 120 79
79 41 295
80 110 236
83 64 172
84 29 15
85 7 63
86 46 297
89 148 250
90 188 299
91 57 270
92 149 83
92 0 13
94 187 57
96 58 68
96 72 44
101 112 246
101 174 215
101 103 242
102 18 25
102 182 62
102 160 276
103 24 267
104 178 254
104 104 85
105 33 107
105 49 38
106 137 99
107 4 207
107 141 182
108 150 170
111 178 34
111 40 110
111 81 255
114 59 43
114 72 97
117 49 197
117 161 247
118 147 93
119 33 162
119 57 173
120 78 70
120 102 99
121 99 211
123 152 78
124 20 138
127 186 256
130 152 2
130 32 285
130 48 71
132 118 115
132 187 160
134 24 225
137 147 37
137 185 129
138 24 25
139 54 69
139 3 23
139 28 4
140 86 235
140 61 51
141 5 161
145 115 72
152 51 283
152 51 24
153 103 176
153 40 57
154 115 83
155 17 202
158 153 55
158 168 239
159 52 294
159 163 50
160 132 98
161 87 154
163 95 211
165 169 93
165 106 45
167 64 158
167 108 156
167 103 134
168 183 141
170 58 240
173 90 61
173 179 161
175 122 40
176 150 0
177 34 99
180 94 33
181 185 265
182 84 78
183 99 168
184 163 176
184 34 274
185 101 157
186 147 7
187 161 76
189 25 140
-1
570
1 25 280
1 35 246
2 105 287
2 10 15
2 160 280
3 148 273
5 126 286
5 167 50
6 52 292
7 80 275
9 21 293
9 122 294
9 187 210
11 82 191
11 48 272
12 43 158
13 60 64
13 109 235
13 45 280
15 84 53
18 68 297
18 100 222
20 21 133
22 9 81
28 98 143
29 105 74
30 91 64
32 96 37
32 169 239
37 123 233
37 17 210
38 71 258
39 11 210
41 163 245
41 124 168
43 21 294
45 183 290
46 167 122
47 114 137
48 61 271
49 145 128
49 116 84
50 9 34
50 59 258
53 78 45
54 179 9
54 49 152
55 65 35
55 44 2
57 153 86
62 186 166
63 99 143
64 118 79
65 108 51
67 9 165
67 73 11
67 92 262
69 138 236
69 12 43
72 128 203
72 116 89
73 147 118
73 167 251
73 181 171
76 87 46
79 55 110
79 26 6
79 138 95
80 124 260
83 157 138
83 96 9
83 150 8
84 29 144
84 164 175
85 24 6
86 66 123
87 77 18
90 84 213
93 5 296
96 164 144
96 143 164
97 67 232
97 42 271
98 31 170
100 80 273
100 61 74
101 79 77
102 180 35
103 68 174
103 42 142
104 73 103
104 110 142
104 82 247
106 118 149
106 69 259
108 184 286
108 63 229
109 144 40
110 123 85
111 93 230
113 50 132
115 34 16
118 169 299
119 14 202
120 123 247
120 64 50
120 91 107
125 89 61
126 55 8
126 92 219
126 1 143
128 88 23
128 105 97
129 109 223
129 90 177
129 141 114
130 95 234
130 97 74
130 34 289
131 76 143
133 172 205
135 119 35
136 66 8
136 12 265
139 112 204
139 27 30
140 1 259
140 45 222
140 21 48
143 183 298
143 161 254
143 77 242
144 29 231
145 125 276
145 121 128
146 102 68
148 161 72
149 10 205
149 31 105
151 75 140
152 142 52
154 142 242
155 100 260
157 120 84
161 41 220
161 171 274
162 54 156
162 3 186
163 38 148
165 33 226
165 145 52
166 11 111
170 15 202
171 147 25
173 83 239
174 189 123
177 61 176
182 55 101
182 24 76
182 106 44
182 92 59
183 24 76
184 8 225
184 88 6
186 55 234
186 168 97
186 97 61
186 132 223
187 137 226
187 49 228
-1
570
0 26 57
0 49 184
1 38 280
3 117 3
5 107 272
5 55 186
5 62 56
6 134 45
7 0 200
8 134 214
9 113 198
10 157 261
12 169 28
12 186 131
12 9 134
12 160 67
14 91 143
15 22 108
16 146 21
16 58 15
19 177 134
20 103 79
20 122 50
20 169 124
20 179 97
21 70 179
24 5 0
24 52 169
24 81 157
26 177 73
26 167 170
27 161 103
28 90 277
29 178 79
30 60 168
34 100 194
37 120 94
38 115 169
38 73 57
39 147 166
40 21 232
41 40 146
42 170 37
44 55 279
44 179 222
45 55 150
46 46 56
46 20 193
46 184 102
48 81 278
50 136 245
50 44 140
52 129 132
52 171 32
52 49 74
53 88 256
54 2 143
55 142 40
57 38 70
58 1 105
63 104 206
65 135 1
65 111 246
66 182 263
66 74 64
68 24 169
69 165 254
69 163 162
70 22 133
70 147 181
72 52 48
73 183 79
74 8 270
74 14 23
77 55 17
79 186 207
80 65 68
80 47 106
81 187 99
82 114 124
85 58 274
85 187 172
86 49 113
86 148 219
87 101 233
88 118 285
90 114 87
91 1 211
92 14 34
94 177 143
94 72 78
95 126 151
98 39 263
99 56 84
100 85 210
101 106 28
103 159 74
108 170 283
110 1 152
110 48 6
110 9 22
111 50 196
112 101 220
112 54 199
112 71 21
114 54 87
115 108 25
116 6 127
116 172 91
118 97 223
118 118 185
119 46 290
120 117 252
123 168 101
124 154 23
124 118 81
125 133 220
126 3 80
127 113 134
128 120 81
129 171 24
129 37 95
132 13 144
133 110 58
134 38 213
136 157 129
137 65 241
137 185 248
139 109 231
139 59 249
140 134 149
140 133 4
141 111 280
141 77 179
141 42 216
142 85 102
142 23 156
144 68 175
145 138 209
146 144 113
148 161 122
149 82 205
150 183 163
152 0 86
153 23 283
153 53 232
155 122 76
155 146 145
158 50 298
161 15 160
163 15 189
165 10 241
165 73 161
166 38 176
166 8 8
168 5 97
168 12 8
168 125 62
169 138 226
169 78 163
171 71 122
172 137 203
173 2 188
173 131 84
175 165 43
176 1 139
176 95 199
178 183 67
179 47 118
182 152 206
182 52 201
183 64 39
183 121 64
184 3 95
185 130 129
186 58 205
186 160 216
186 134 195
188 58 108
188 75 167
-1
570
1 18 14
2 189 180
2 86 29
3 133 192
3 163 218
5 179 217
5 35 165
5 31 27
6 95 51
6 32 225
6 108 50
7 60 232
7 142 92
7 95 38
8 121 43
9 101 221
12 172 20
12 116 6
14 139 257
15 97 121
15 87 3
17 121 24
19 84 249
19 19 259
19 22 216
20 38 248
20 70 104
24 76 69
27 17 291
30 171 288
32 40 73
34 86 272
34 48 28
35 109 53
37 16 66
37 67 229
37 85 172
38 145 59
38 146 278
41 129 120
42 166 208
42 13 259
42 53 15
43 35 262
44 133 158
47 155 96
47 147 35
48 156 141
49 29 110
49 134 286
50 80 268
50 157 139
53 54 274
54 133 56
54 28 0
55 25 52
56 66 137
56 14 294
58 21 261
59 160 145
59 43 83
59 136 92
60 85 68
62 136 61
63 58 159
63 129 68
64 144 200
64 174 0
65 88 165
65 177 19
66 17 90
66 116 104
66 84 282
67 144 162
68 157 83
69 35 188
70 188 34
71 14 274
71 101 126
71 160 185
73 185 107
76 1 166
77 170 246
78 53 72
79 41 27
80 69 27
83 172 21
84 55 271
85 79 113
86 35 237
86 87 282
87 178 297
87 18 152
89 91 298
90 143 297
91 19 68
92 103 234
94 126 33
94 27 208
95 126 66
95 124 137
96 129 266
97 87 133
97 149 162
98 161 217
100 185 71
104 86 19
106 178 187
108 155 108
109 12 64
112 100 273
114 115 5
115 152 18
116 65 54
116 102 52
121 24 143
121 176 6
121 58 111
124 169 97
124 160 64
128 160 287
128 23 206
129 102 212
130 29 97
130 55 14
132 99 235
132 5 226
132 123 164
133 68 2
134 85 125
135 5 7
135 130 261
136 132 83
137 132 10
138 186 250
139 48 125
142 140 257
143 77 228
144 84 144
144 71 108
146 82 55
149 92 271
150 115 20
151 71 69
151 126 15
152 41 177
152 149 109
155 96 17
156 65 189
156 17 111
156 180 72
157 96 103
157 83 248
157 100 111
160 96 195
162 32 212
163 179 91
164 161 80
164 14 173
165 141 144
165 173 253
166 50 146
166 33 291
168 125 74
168 167 252
168 32 61
172 11 27
172 13 61
172 105 69
174 122 207
174 88 234
176 51 237
176 129 131
176 120 0
179 77 165
180 83 258
186 159 132
187 31 29
188 59 44
188 36 195
-1
570
0 17 39
1 149 120
4 127 99
5 18 47
5 116 158
6 137 76
6 6 109
7 133 175
9 13 282
9 32 61
11 131 162
14 17 75
15 150 299
16 80 94
17 162 297
19 183 76
22 58 292
22 35 33
25 116 37
25 54 202
25 19 41
25 65 298
26 133 31
27 5 248
29 167 150
30 169 36
31 6 5
32 146 248
32 78 186
32 54 234
34 61 285
36 35 62
37 71 97
37 132 65
38 164 8
39 52 293
40 19 37
40 32 80
40 62 179
40 149 80
41 120 238
44 31 77
44 126 299
46 135 268
47 138 176
48 53 291
50 146 213
51 33 276
52 19 109
54 118 16
57 179 90
57 171 123
61 142 32
61 50 223
62 43 289
62 17 138
63 79 169
63 163 64
63 2 27
65 71 256
65 43 163
68 73 27
69 70 251
69 157 65
70 37 251
71 181 22
74 162 264
74 100 163
75 28 203
76 47 56
79 172 158
79 95 42
79 131 53
80 175 275
80 119 38
81 8 25
82 77 146
83 125 258
86 61 91
89 29 163
89 12 171
89 150 263
89 144 282
90 16 11
91 153 192
91 173 195
93 94 227
93 91 134
93 114 215
95 37 35
95 167 84
95 81 109
95 53 188
96 172 232
99 44 240
99 164 298
100 115 207
102 29 57
102 169 141
102 29 175
102 116 219
103 188 45
104 173 191
104 149 297
105 112 161
105 96 9
108 164 2
108 6 93
109 174 271
112 94 221
113 112 10
113 83 65
114 119 91
114 82 258
115 114 299
117 105 259
117 128 156
119 188 212
120 165 232
122 62 0
124 110 80
127 152 39
128 171 22
128 186 168
128 148 108
129 90 58
129 151 44
130 49 149
132 179 242
133 68 135
134 21 41
135 159 87
135 168 92
136 63 275
137 58 185
138 30 207
138 119 195
139 101 213
140 154 69
141 140 142
144 71 231
144 164 33
145 56 189
145 182 104
146 0 23
146 185 19
147 95 214
147 106 6
149 14 42
149 57 16
150 4 51
151 82 278
151 141 161
152 128 115
153 155 241
154 45 269
154 150 144
154 189 122
154 151 257
154 122 270
157 57 19
159 119 168
159 27 212
160 89 295
160 178 85
160 15 2
166 108 63
166 166 41
167 102 49
167 62 296
169 124 213
170 35 38
170 174 113
172 91 237
173 24 262
174 70 125
174 130 275
176 153 18
176 100 265
176 176 254
177 118 235
179 160 2
179 21 185
180 52 297
182 141 125
186 185 125
186 94 14
187 48 299
187 92 32
189 62 245
-1
570
0 179 114
1 139 160
3 8 280
4 33 105
4 168 278
6 92 275
6 103 280
7 158 155
9 152 258
10 83 90
11 130 3
13 108 172
14 88 165
14 184 24
17 11 160
18 73 47
18 180 262
21 106 99
21 69 14
21 4 181
22 26 186
23 25 284
24 105 9
24 94 17
24 48 220
24 189 138
25 151 202
25 182 194
26 157 61
26 178 38
28 160 81
28 181 10
30 159 120
32 77 187
32 59 266
32 148 59
33 94 171
34 88 228
35 151 43
36 40 235
38 14 156
38 94 60
38 146 118
41 110 131
42 104 264
43 26 277
44 120 23
46 117 22
47 161 246
49 109 181
50 68 145
51 184 151
52 139 103
53 77 95
54 23 194
57 156 138
57 165 237
58 91 291
58 145 293
58 77 290
59 186 160
59 93 285
61 29 260
62 86 168
62 44 295
64 170 267
64 120 214
65 169 268
66 185 232
70 40 70
70 41 95
70 158 154
72 82 35
72 41 102
73 173 180
76 66 1
76 68 250
78 76 208
79 157 291
79 147 281
81 47 84
82 19 21
82 33 224
83 49 238
83 136 286
83 162 298
84 181 152
85 71 269
86 80 78
88 115 4
88 174 160
90 147 104
92 186 204
92 133 232
93 81 123
94 139 70
95 55 291
98 19 123
100 78 292
102 24 196
103 9 118
103 0 38
104 108 262
105 100 168
107 3 163
108 25 206
108 110 154
111 127 215
112 161 58
112 50 177
113 118 15
113 146 52
114 39 117
114 120 247
115 72 4
115 61 45
116 2 36
117 52 289
117 188 73
119 127 174
119 27 52
119 180 71
120 162 70
121 159 108
122 26 168
124 188 42
125 108 54
125 29 147
127 92 35
128 174 185
129 44 83
130 168 267
131 73 245
131 77 132
131 182 112
133 151 226
136 111 116
136 174 53
137 39 243
138 14 218
138 59 71
139 84 129
141 15 39
142 83 185
142 21 256
142 59 232
143 26 76
145 153 172
145 19 191
145 67 27
146 4 123
148 139 41
148 17 91
149 43 185
150 116 115
151 159 288
154 77 287
154 177 90
158 174 85
159 56 248
161 185 41
162 11 96
162 141 130
162 67 114
163 77 91
163 159 259
165 152 51
165 22 231
166 57 271
167 57 171
168 86 277
168 121 259
171 142 29
171 73 284
172 152 206
172 160 140
173 105 45
174 139 299
175 122 169
175 34 144
175 184 55
176 122 144
179 34 216
179 144 153
183 161 160
183 97 193
183 52 77
184 145 25
185 68 93
189 33 10
-1
-2
