420
-1
420
-1
420
2 63 46
19 35 80
26 7 188
36 107 199
64 114 118
106 108 285
108 137 157
128 114 257
129 68 249
135 57 194
-1
420
10 121 25
14 99 153
30 14 126
38 41 280
45 54 245
57 92 99
61 84 2
62 103 140
99 138 95
107 49 26
-1
420
14 72 12
15 108 13
22 47 197
34 88 225
40 107 87
52 39 251
53 32 237
55 57 41
57 89 185
59 124 112
64 38 206
66 47 68
72 20 199
91 113 11
96 106 9
112 15 292
117 26 87
121 113 148
133 13 14
136 29 120
-1
420
0 48 198
35 115 149
36 44 87
44 91 226
47 44 242
51 80 287
52 41 88
59 8 91
61 90 32
62 15 199
85 96 218
90 48 146
95 102 1
108 120 17
113 8 248
114 7 155
115 50 67
138 41 157
138 137 299
139 59 114
-1
420
5 107 28
22 117 292
27 125 44
34 31 162
34 79 43
35 25 44
39 75 283
40 91 159
44 37 245
64 18 252
71 39 227
76 82 282
79 87 177
82 119 251
82 11 113
82 75 258
88 130 290
92 60 152
93 116 36
94 132 183
97 42 10
101 58 112
114 87 295
119 87 110
121 19 263
124 86 228
125 88 142
131 69 276
132 63 239
135 112 65
-1
420
4 51 32
12 105 1
14 134 41
16 102 114
19 38 136
23 76 139
24 128 30
35 38 39
37 101 242
38 133 123
40 9 262
41 6 36
47 31 217
61 51 39
63 109 135
68 31 161
81 93 284
84 8 262
85 38 116
85 134 138
95 63 92
103 117 158
114 19 294
116 47 85
123 135 163
123 99 14
126 105 16
130 80 131
136 7 198
138 65 124
-1
420
4 93 43
4 27 32
5 99 222
6 123 239
6 3 52
8 109 6
8 83 44
8 8 132
18 85 199
18 93 187
19 13 2
22 33 100
28 51 186
30 126 210
31 132 99
39 98 285
45 129 283
49 97 1
50 30 275
55 21 85
60 92 201
63 71 118
64 134 25
74 73 210
75 119 193
78 102 0
83 135 30
86 130 292
88 11 133
90 63 82
90 50 3
100 57 17
101 83 267
104 83 225
104 3 26
108 45 257
111 48 168
116 37 97
135 60 254
135 35 116
-1
420
7 35 105
10 18 119
10 95 72
14 21 28
18 90 204
18 77 193
22 46 82
22 57 253
28 13 29
39 135 284
47 101 33
48 132 245
50 107 24
52 125 272
53 4 69
57 56 226
58 43 150
59 34 166
65 36 298
70 76 23
76 62 200
79 107 192
82 4 249
82 80 262
86 70 69
87 130 286
92 106 117
93 80 36
94 43 287
95 10 290
100 96 217
100 125 248
108 36 224
118 22 224
119 71 280
119 65 156
120 6 277
126 78 210
130 119 110
133 82 18
-1
420
0 23 53
3 122 135
4 66 97
4 5 47
4 79 251
11 19 288
12 86 219
18 79 224
20 87 202
25 57 236
25 66 31
27 53 246
37 51 64
40 82 135
47 123 276
48 83 275
48 62 90
53 63 174
54 99 222
58 84 82
59 93 35
59 14 110
62 17 129
63 121 26
64 3 161
64 96 199
67 55 162
68 89 253
70 96 240
72 31 71
74 118 29
77 5 247
83 91 163
88 108 272
102 60 282
102 83 71
104 29 212
104 127 78
109 49 16
112 62 142
113 93 5
117 48 174
120 7 143
122 7 250
123 116 65
125 77 96
125 34 236
126 32 132
131 113 256
132 101 246
-1
420
2 128 170
2 23 259
7 67 38
7 60 169
9 62 227
10 116 277
10 12 286
11 60 222
11 117 78
13 56 120
15 132 70
16 107 2
21 62 263
21 20 112
21 122 87
22 27 216
26 76 289
28 138 148
31 44 280
39 66 139
41 122 13
48 51 15
49 103 97
51 103 145
53 40 132
54 14 194
55 80 190
60 23 257
60 2 276
66 118 76
72 36 167
74 70 206
75 76 176
78 84 22
79 117 284
79 61 39
79 31 219
94 123 88
105 0 281
112 87 116
113 14 135
114 0 272
115 76 186
116 68 189
129 50 221
133 44 150
134 63 163
135 117 274
135 116 272
139 58 99
-1
420
0 66 254
2 65 17
2 7 74
2 110 97
4 138 33
6 39 115
7 56 128
12 101 277
13 61 62
14 14 176
15 85 100
17 13 79
18 16 263
26 118 98
26 18 145
28 77 166
32 17 288
37 110 131
39 53 113
40 74 98
41 19 68
42 6 223
46 110 106
46 31 173
47 48 116
55 1 29
56 42 143
57 71 256
58 49 166
61 72 151
63 44 145
64 130 7
65 56 262
66 52 246
66 53 8
67 138 116
68 14 216
70 87 295
85 57 190
90 42 60
91 118 49
91 64 117
96 40 173
101 87 210
101 81 238
101 121 288
105 74 242
106 72 93
107 135 89
107 110 105
114 119 16
115 108 180
117 20 283
120 95 108
120 60 140
124 42 118
126 36 150
127 69 268
131 46 99
132 25 130
-1
420
0 95 88
1 138 96
3 41 175
3 34 263
3 10 10
3 73 138
7 138 202
10 21 132
10 40 148
15 113 204
23 19 191
24 90 9
25 120 67
27 125 135
30 1 204
32 25 265
33 44 128
33 138 18
34 0 96
41 69 205
42 32 117
45 1 288
48 73 232
49 108 158
49 112 3
55 14 218
56 73 107
56 42 23
58 57 26
62 49 223
63 106 157
69 99 99
83 106 216
83 65 265
83 107 293
84 135 137
85 8 39
90 130 262
91 38 140
102 47 14
105 129 147
105 4 252
106 28 133
112 101 12
113 59 51
113 34 167
122 59 63
123 56 194
123 86 204
123 87 17
124 117 176
126 6 104
127 26 3
130 66 96
133 25 23
134 66 205
135 57 205
136 8 245
136 50 245
139 122 157
-1
420
1 137 45
4 117 175
5 131 136
6 55 151
7 74 238
8 73 109
12 39 44
15 46 121
16 89 40
17 116 118
22 6 295
22 110 139
22 127 91
23 28 167
24 103 97
24 41 17
26 45 66
28 7 271
30 23 200
31 109 248
32 121 130
38 33 27
39 51 210
40 42 291
41 136 116
43 59 284
43 131 268
45 88 168
49 108 145
51 39 9
53 67 186
55 100 262
56 118 102
56 22 23
57 94 57
58 25 70
65 102 266
65 45 280
69 66 288
70 56 44
74 109 120
75 32 223
79 38 1
81 105 256
87 71 69
92 2 158
95 109 112
96 130 207
97 126 178
97 3 298
101 27 220
104 25 158
105 110 292
107 34 239
108 126 99
110 104 66
111 26 61
113 38 233
114 68 143
114 63 197
116 20 251
121 118 231
123 50 23
123 43 260
124 16 258
124 43 102
127 107 200
129 13 7
129 0 272
138 107 232
-1
420
2 59 135
8 0 151
9 99 69
12 14 82
12 34 251
15 27 232
16 86 226
18 9 101
19 126 175
20 139 260
21 109 171
27 76 126
29 67 101
31 110 191
31 70 187
37 121 125
41 80 293
45 63 277
45 23 169
46 86 201
47 122 37
52 45 221
52 61 284
52 16 218
57 2 192
57 24 284
59 2 212
59 131 177
62 112 18
62 36 101
62 36 282
64 24 14
64 57 2
67 111 152
67 54 98
68 93 274
68 17 37
71 89 94
72 119 219
77 88 274
77 2 166
79 41 196
79 108 265
81 42 50
81 133 252
81 94 177
85 17 124
86 120 282
86 38 143
88 28 229
89 2 133
94 115 297
96 110 97
99 29 123
100 39 134
108 21 209
115 18 207
117 104 4
117 70 191
119 122 133
119 93 252
120 108 155
125 16 104
129 102 101
130 130 80
131 124 298
131 39 281
131 110 91
133 91 123
139 37 134
-1
420
1 100 250
2 32 158
5 44 227
8 37 231
9 120 234
12 136 72
14 100 84
15 79 287
16 124 174
16 4 270
16 134 89
23 48 18
28 126 252
33 22 6
36 71 88
39 65 216
41 72 279
42 135 167
45 95 17
45 137 150
46 7 123
47 76 293
48 108 71
50 120 254
50 108 254
55 47 249
64 11 3
64 67 81
66 131 45
68 79 190
69 29 237
70 135 134
70 80 165
71 40 258
81 28 298
81 21 91
83 101 238
85 31 247
87 88 11
87 3 35
89 75 131
90 100 24
90 128 202
93 134 222
96 49 62
97 133 99
100 33 71
101 1 200
101 91 88
102 76 223
103 39 291
103 96 113
104 106 286
105 68 270
107 49 169
109 41 129
110 84 208
111 27 95
114 22 68
115 69 296
115 113 26
117 67 33
117 60 285
117 66 83
118 95 90
119 53 262
119 117 108
121 66 144
125 21 219
126 2 278
127 2 127
127 33 279
130 83 160
132 103 249
132 124 36
134 123 250
135 88 38
137 8 43
138 13 294
139 3 190
-1
420
2 114 33
2 35 214
6 66 204
6 115 199
9 88 102
16 88 179
17 115 282
18 1 150
22 47 243
24 73 171
26 87 181
28 127 133
30 108 277
31 106 55
31 137 211
32 130 258
33 130 140
33 88 216
34 112 189
34 23 277
39 94 46
40 116 295
40 119 95
41 44 116
41 6 277
41 139 274
42 78 16
42 25 210
44 29 187
45 57 151
47 84 232
47 103 118
48 134 21
48 137 204
51 22 209
54 56 22
58 81 140
63 67 261
64 7 69
65 100 96
66 49 95
67 113 126
67 79 125
67 6 252
68 25 21
70 22 288
75 126 135
78 29 67
78 5 192
78 51 223
79 55 22
79 100 34
79 130 179
80 96 237
82 18 202
84 47 238
89 2 162
94 99 170
96 54 133
97 64 147
101 35 202
103 70 91
105 117 225
109 76 183
110 73 59
113 50 104
114 46 62
115 131 102
115 54 60
116 3 66
119 2 90
122 95 104
124 18 185
128 106 79
130 28 48
130 71 12
133 139 259
138 99 152
139 16 10
139 86 232
-1
420
0 104 46
3 118 161
6 21 28
11 59 188
18 0 132
21 129 286
22 73 56
23 117 65
23 35 144
23 4 113
24 6 147
26 104 97
29 72 110
29 82 75
29 66 36
30 117 73
31 2 163
33 40 24
33 54 102
38 50 146
42 123 65
43 11 177
45 20 246
48 29 18
51 18 222
51 127 76
53 98 211
53 63 132
56 98 264
57 96 241
61 14 202
62 16 29
62 21 16
62 125 131
63 10 101
63 139 195
64 91 216
64 121 134
66 19 284
68 27 86
73 79 280
74 92 218
74 134 7
75 51 95
76 118 224
78 47 134
80 102 126
80 81 166
81 128 234
82 139 204
82 55 45
83 82 56
84 46 193
84 124 175
86 39 257
86 71 247
89 47 95
89 109 8
92 122 63
98 139 48
103 49 136
103 3 118
106 9 181
107 99 111
107 92 86
107 81 178
109 129 29
115 42 31
117 18 169
118 127 162
120 112 296
122 56 129
122 14 278
123 130 275
125 74 209
128 26 205
130 70 256
130 71 94
131 102 48
131 46 216
133 116 228
133 106 105
134 71 288
135 50 298
135 80 232
136 76 240
136 115 197
137 122 86
138 100 142
139 0 62
-1
420
1 124 82
4 25 63
6 39 299
10 69 216
10 6 190
14 135 14
15 131 82
16 63 158
17 52 292
20 139 135
22 22 31
23 26 122
23 40 278
23 86 225
23 118 85
25 55 173
26 133 75
28 98 26
28 19 7
29 91 53
33 31 86
35 56 163
35 134 161
35 135 274
36 91 185
37 94 74
37 36 200
37 120 149
42 95 194
42 124 84
43 138 220
46 51 138
48 121 46
49 61 125
51 60 246
54 48 119
54 73 168
54 15 210
56 104 261
59 114 65
59 94 175
60 75 222
64 12 17
67 43 98
69 36 214
72 90 204
72 11 144
73 139 92
74 121 75
79 67 112
84 81 189
86 13 27
87 99 32
88 96 269
89 43 294
89 127 173
91 73 207
93 117 278
96 117 114
96 56 159
96 19 86
100 78 151
101 57 256
104 56 194
108 120 256
109 86 192
110 87 82
112 72 120
113 120 255
114 107 242
114 5 275
114 31 159
115 51 98
116 62 97
116 80 124
118 136 52
123 116 274
123 99 7
128 51 176
129 32 225
131 78 34
131 121 2
131 55 27
133 115 128
134 107 85
135 8 48
137 104 288
138 51 217
139 79 118
139 44 56
-1
420
1 28 172
2 123 117
6 104 128
8 71 245
11 3 20
13 111 41
14 51 158
19 45 118
20 91 55
21 30 220
22 135 42
22 2 74
24 14 222
24 102 146
24 120 123
25 134 189
25 30 125
26 97 42
27 101 106
27 79 129
27 127 135
28 76 87
29 62 61
30 63 277
30 60 128
32 13 278
35 61 113
35 91 273
36 75 195
37 101 172
37 51 139
38 7 282
39 80 229
40 2 280
41 123 221
42 26 118
43 121 161
43 21 41
43 19 185
44 87 297
44 42 38
48 56 228
49 115 47
50 90 107
51 60 272
51 119 181
54 43 151
54 77 233
55 60 265
56 16 79
57 97 142
57 23 267
66 65 194
66 106 164
67 133 39
68 115 73
69 91 141
70 121 147
71 108 33
74 14 94
76 70 200
76 102 139
76 118 27
77 49 78
77 87 110
80 77 141
83 71 192
85 91 162
85 138 49
86 32 148
88 99 263
88 119 245
88 119 214
89 59 267
90 18 49
90 113 91
102 90 113
106 32 136
108 38 292
109 78 130
109 111 201
109 82 237
111 45 43
112 91 136
112 124 115
116 93 87
116 17 196
119 137 177
119 84 153
120 8 39
123 112 293
125 103 27
126 131 92
126 96 220
128 16 124
130 129 106
130 40 102
133 98 1
134 86 167
139 27 52
-1
420
0 19 287
1 138 224
1 90 143
4 95 274
4 24 116
4 124 197
5 82 52
6 19 190
8 63 52
8 123 92
9 139 240
11 75 62
11 58 167
11 49 194
12 53 53
13 80 145
18 131 144
18 18 248
20 77 142
22 113 0
23 88 206
27 106 222
31 87 86
31 52 235
32 130 37
32 20 78
34 51 98
35 87 61
36 38 111
37 30 148
38 128 169
39 114 77
39 21 291
40 128 197
44 89 165
46 46 232
46 16 122
49 51 246
49 57 42
50 67 287
52 42 215
54 24 214
54 90 197
56 102 193
56 51 111
57 46 128
59 132 12
66 3 105
66 137 53
68 31 15
68 122 297
69 43 221
74 57 15
78 18 214
79 33 148
80 127 186
85 66 9
88 124 266
88 127 146
90 120 225
91 42 239
91 69 165
93 84 271
94 14 181
98 71 270
98 118 86
99 120 254
100 97 256
100 79 252
101 4 121
103 101 214
104 13 289
106 10 48
106 3 95
107 107 46
108 48 41
110 32 13
112 9 260
114 66 117
115 79 269
119 132 220
120 100 210
120 73 238
121 120 93
122 30 47
122 87 122
124 56 247
124 119 93
130 84 60
130 6 75
131 27 106
133 43 94
134 129 24
134 42 14
134 65 291
135 90 0
135 117 242
135 24 35
137 72 102
138 139 241
-1
420
1 104 248
1 10 198
2 116 143
4 12 241
5 49 294
5 106 63
5 19 205
7 59 86
7 114 288
8 78 159
8 84 102
9 47 0
11 127 158
11 66 54
12 21 101
15 133 190
16 22 27
17 99 61
18 52 199
19 60 26
21 22 27
21 75 158
22 115 142
23 121 137
23 63 184
24 6 292
24 65 151
26 44 14
29 118 231
30 89 296
30 114 57
33 91 260
34 69 63
38 59 3
38 89 201
41 27 156
41 74 231
41 30 157
43 74 179
43 98 31
44 27 199
45 77 121
45 51 191
47 58 56
48 25 169
49 25 265
53 41 219
54 25 131
54 99 93
56 6 66
62 122 39
65 16 218
66 4 118
68 136 78
72 68 11
75 38 24
77 12 175
77 114 175
77 76 72
78 24 192
80 57 152
82 110 157
84 75 128
85 64 168
86 64 202
87 131 120
88 72 161
92 88 269
99 108 225
100 55 255
100 122 172
103 132 197
104 62 118
105 99 106
106 71 293
107 42 169
107 1 232
108 97 253
109 82 141
110 130 50
111 133 27
112 33 268
113 15 299
114 20 54
114 30 76
114 96 212
115 109 53
116 135 193
117 97 224
119 136 229
120 119 30
121 92 253
127 112 77
127 37 246
127 32 283
127 139 50
129 82 158
129 11 242
130 89 67
131 65 89
132 67 204
133 139 132
134 104 36
135 132 156
136 104 145
137 60 151
137 29 144
138 63 272
138 58 237
139 84 60
-1
420
1 88 262
4 80 86
6 14 150
10 137 58
11 118 49
12 21 30
13 85 281
13 7 118
15 64 245
15 51 269
17 0 267
17 62 168
19 96 29
20 107 205
22 82 197
28 50 72
28 52 241
29 134 246
30 68 38
31 81 78
32 61 100
35 8 80
36 119 160
37 12 67
38 13 72
38 48 49
39 9 222
41 70 125
41 88 75
41 69 241
41 82 153
41 9 165
43 121 263
44 115 127
45 108 113
45 49 23
49 47 40
52 33 203
57 13 55
60 10 222
60 86 50
64 126 121
66 12 276
67 30 173
68 96 146
69 38 294
69 20 74
70 82 217
71 95 266
71 65 213
72 82 125
72 55 43
73 64 185
74 124 115
74 131 218
75 112 290
76 130 204
77 26 102
78 5 149
80 65 285
82 9 52
83 90 290
83 44 123
84 27 245
86 48 131
87 83 186
88 125 174
88 77 283
91 109 8
92 35 100
92 119 206
93 34 292
102 96 221
103 137 96
105 135 68
105 72 268
105 3 142
106 129 145
106 135 191
107 36 201
107 117 26
108 39 156
108 4 127
112 14 102
112 112 258
112 87 13
113 61 145
113 75 202
115 108 101
119 15 232
119 118 73
119 9 11
121 64 238
121 29 136
122 33 55
124 94 100
124 134 74
125 93 241
125 72 113
126 100 117
127 26 290
132 139 181
132 117 30
132 134 261
133 9 94
133 89 267
134 136 182
134 69 164
136 130 191
138 9 297
-1
420
0 34 66
5 66 298
9 89 130
11 99 272
14 18 171
14 112 203
14 49 237
16 12 58
16 69 189
17 116 244
17 123 124
18 110 207
18 125 195
19 47 156
20 55 279
22 58 245
22 76 76
23 31 15
23 103 267
24 19 61
25 7 125
26 33 0
28 7 101
28 23 210
29 10 75
29 48 23
30 111 104
31 104 84
31 4 145
31 51 188
32 75 82
35 91 40
36 63 148
37 136 174
40 60 108
41 116 30
43 28 244
44 139 180
45 35 151
46 79 102
47 9 275
48 3 143
50 68 55
53 134 66
54 122 83
54 4 93
56 110 5
56 75 279
59 9 176
60 78 150
60 2 289
61 119 220
63 40 55
65 12 154
66 137 113
66 75 277
68 90 282
68 34 217
70 60 232
72 100 280
73 88 170
75 49 142
75 81 175
76 41 238
77 60 157
80 61 13
81 135 293
82 106 135
82 1 208
83 25 204
84 1 186
84 68 129
85 60 204
85 37 236
87 63 260
87 44 275
88 77 219
89 53 42
91 116 192
91 32 213
94 120 240
95 60 230
95 44 297
95 135 122
96 94 142
96 7 86
96 105 210
102 57 39
103 14 138
104 137 242
105 35 8
106 6 10
108 119 23
108 5 278
110 134 132
112 139 247
112 29 112
113 76 287
115 95 64
115 79 180
115 117 101
116 106 214
118 125 8
119 26 179
121 80 43
121 66 26
126 124 154
127 110 31
128 56 279
128 28 120
128 3 215
129 123 279
131 65 87
132 27 150
133 12 238
134 116 84
136 111 138
137 116 84
138 25 273
138 15 230
-1
420
0 28 71
1 61 230
1 124 257
2 45 219
3 116 137
3 90 100
3 82 64
5 114 277
6 111 31
8 133 66
9 0 90
9 120 116
10 87 260
11 127 76
11 93 287
12 41 201
13 39 223
15 106 16
16 69 187
19 103 220
19 101 170
23 7 37
24 19 0
25 11 188
27 73 243
28 92 280
28 11 169
28 102 171
31 59 163
34 80 233
37 30 287
38 122 288
44 12 105
45 66 117
45 117 225
46 109 4
46 70 250
46 89 98
48 130 211
49 68 188
49 76 238
50 96 121
53 78 189
53 52 179
54 45 80
54 106 234
55 68 177
56 45 102
57 115 9
58 34 129
58 5 246
59 16 193
59 118 205
59 124 187
59 125 273
61 38 204
61 57 70
64 71 279
64 64 52
65 116 273
66 102 76
67 86 258
67 97 102
69 11 114
70 101 147
71 14 97
71 59 127
71 3 137
73 62 88
74 57 162
74 128 65
77 138 94
79 103 243
80 1 268
82 85 164
82 35 240
83 39 271
86 121 109
87 114 122
89 76 10
90 133 247
93 34 56
93 132 95
94 127 296
96 5 226
96 1 81
98 63 155
99 71 97
100 62 102
102 121 81
102 46 74
107 4 194
109 0 40
110 8 158
110 86 166
113 109 80
113 89 111
114 133 299
115 75 133
115 56 290
116 0 144
116 90 187
118 55 51
118 69 209
118 92 100
120 44 48
120 7 23
121 18 177
123 39 166
124 121 165
126 53 224
129 114 89
131 84 265
132 64 222
132 14 130
134 103 46
136 40 251
138 25 159
138 18 161
139 22 73
-1
420
0 82 86
1 14 66
1 39 72
1 52 296
1 92 14
2 19 101
2 95 213
4 60 35
4 78 85
5 92 27
7 100 209
7 6 118
7 64 264
12 6 207
13 75 119
14 108 139
14 126 16
16 55 135
20 115 233
20 87 153
20 20 101
20 96 81
21 87 109
21 55 183
22 26 204
22 58 117
23 46 47
23 113 155
24 89 172
24 6 84
24 3 40
26 68 36
28 7 207
29 56 156
29 97 242
30 114 31
32 1 258
33 139 77
34 122 245
36 98 93
37 20 298
38 81 250
40 82 212
42 118 136
42 8 239
42 76 129
42 52 14
45 77 193
48 48 166
48 98 9
48 73 46
53 48 92
54 44 285
54 77 237
57 68 14
58 3 68
59 54 31
59 7 254
60 46 23
60 69 58
62 55 270
63 3 161
67 52 97
67 111 227
68 3 273
68 100 132
70 109 58
70 136 228
71 27 133
73 135 11
73 63 12
74 19 71
77 65 169
77 75 68
78 15 287
79 2 83
80 7 186
81 103 208
82 13 52
83 62 298
85 23 236
86 85 206
86 52 250
87 37 269
88 76 178
88 78 34
90 17 152
93 113 232
93 63 95
94 13 224
94 16 265
94 61 160
95 84 35
97 136 195
101 12 97
103 101 288
103 24 50
104 110 54
107 85 45
108 90 145
110 62 230
112 74 230
112 90 230
112 25 253
114 28 38
114 34 75
114 35 233
114 16 9
115 120 75
115 111 108
117 9 149
118 28 251
118 77 71
119 38 101
120 106 112
120 63 254
123 56 83
125 15 199
127 123 93
127 116 86
128 118 41
128 85 4
131 25 249
131 73 278
132 102 120
132 57 225
133 64 73
135 125 110
137 92 277
139 129 247
-1
420
0 50 90
1 42 169
2 85 96
2 98 9
3 61 158
4 128 194
4 65 251
7 123 107
8 55 30
9 62 63
10 138 106
11 23 163
11 22 24
12 32 268
14 37 247
16 132 80
16 114 235
16 72 134
16 93 6
17 120 67
17 92 137
20 25 192
20 34 251
22 2 200
23 37 154
24 19 265
25 87 259
26 90 85
26 32 249
27 19 208
27 125 203
28 34 120
28 8 29
30 20 162
31 34 170
31 130 220
31 20 150
32 13 28
32 112 50
34 101 54
35 130 261
35 67 287
35 51 21
36 62 78
36 138 9
37 109 85
38 64 179
38 0 195
39 70 108
40 128 42
40 83 126
40 129 158
43 81 299
43 97 267
46 85 187
48 9 66
50 102 193
54 63 219
54 28 94
55 132 96
55 68 21
57 88 154
57 92 41
58 15 245
59 89 1
63 39 285
64 2 77
64 71 272
65 36 165
71 17 167
72 41 140
75 136 235
75 9 265
76 35 78
80 12 33
80 87 46
83 108 164
83 14 48
84 24 73
85 13 257
86 107 26
87 84 38
87 90 167
90 74 140
93 107 264
95 129 176
97 55 173
97 94 59
100 4 80
101 23 117
102 55 123
103 3 91
103 137 80
104 122 274
104 3 253
105 82 13
107 35 58
109 109 173
115 75 278
116 30 84
117 37 108
118 80 248
119 17 255
121 68 274
122 53 98
122 94 287
124 41 267
125 13 277
126 14 199
127 78 121
128 97 181
128 92 258
128 119 133
129 134 98
129 58 0
130 62 23
130 139 179
131 63 6
132 17 183
132 29 39
134 31 160
135 109 106
135 91 115
135 86 78
136 109 219
136 92 88
136 41 269
137 107 240
139 47 44
139 65 291
-1
420
1 83 117
1 62 293
2 79 258
3 22 197
3 113 116
4 58 7
6 29 34
6 53 215
7 23 177
7 28 115
9 118 109
11 40 152
12 64 183
13 44 232
14 21 107
14 109 63
16 78 287
17 120 281
17 126 178
18 92 288
19 34 152
21 113 237
23 110 10
23 79 54
25 103 281
25 120 214
27 109 115
27 115 193
29 10 114
29 108 172
30 50 296
31 94 75
31 3 209
32 81 112
33 26 29
33 82 82
35 72 4
36 94 268
36 6 100
36 109 86
37 76 16
39 78 275
41 71 70
41 16 82
41 94 33
41 123 142
41 101 181
42 128 168
44 0 295
44 29 113
45 73 94
47 127 141
49 128 77
49 123 296
50 94 196
51 47 229
52 63 4
52 44 2
54 133 134
55 56 128
57 89 246
60 135 262
60 7 67
60 54 188
61 50 134
62 78 13
62 103 167
65 48 85
69 121 193
70 134 65
71 35 152
73 72 202
74 55 253
77 76 116
77 52 158
78 78 87
79 25 230
80 49 272
80 69 101
83 109 88
85 1 218
85 112 171
86 77 27
91 15 107
91 66 164
91 17 2
93 110 199
93 84 9
95 98 230
96 133 143
96 25 254
97 48 166
97 109 77
98 30 53
98 76 240
100 23 95
101 51 65
101 92 59
101 35 213
103 28 39
104 15 141
104 121 148
105 46 269
106 10 161
106 5 260
106 48 155
108 39 59
108 131 189
110 118 280
112 111 162
112 119 56
114 63 119
114 105 166
115 0 203
116 100 142
119 54 179
119 20 236
120 38 79
121 23 207
121 67 160
125 78 193
126 130 233
128 22 61
129 54 47
129 106 270
131 40 18
131 68 120
131 40 138
131 89 256
131 108 217
132 6 175
133 16 289
133 98 22
134 67 254
135 50 78
135 27 184
135 94 171
138 101 159
138 13 252
139 98 57
-1
420
0 105 242
1 31 265
1 0 293
2 105 26
3 49 189
4 112 231
5 15 8
5 78 28
5 90 202
7 121 253
10 114 253
11 125 270
12 132 288
13 18 235
13 55 78
14 66 44
14 19 95
14 43 174
14 67 234
16 125 71
16 122 192
16 28 39
18 124 146
19 85 1
19 8 187
20 62 67
21 77 186
22 59 116
24 51 166
25 83 192
26 89 42
26 89 183
27 79 198
27 100 108
28 71 145
28 121 292
31 79 236
31 57 213
33 85 285
35 6 258
35 19 235
36 86 288
37 40 18
38 103 24
38 44 257
38 67 29
39 17 169
39 26 298
39 125 243
40 44 235
40 95 226
41 54 263
42 99 55
42 104 178
43 88 34
44 92 56
45 135 177
45 22 78
46 124 230
47 30 195
47 113 15
48 59 90
50 94 10
51 14 165
51 52 212
53 24 238
56 81 64
56 88 298
64 66 122
65 59 165
66 42 287
67 56 233
69 125 276
69 118 11
70 28 158
70 41 67
70 37 226
71 125 2
72 135 262
72 11 145
73 18 56
74 12 20
74 15 5
75 57 185
75 69 203
77 41 218
79 51 218
80 87 39
80 103 42
82 77 175
82 134 164
84 58 247
84 35 258
86 30 59
86 132 232
86 1 103
87 0 245
88 117 132
88 35 158
90 76 100
92 23 254
94 24 57
95 66 284
95 131 67
95 75 108
95 52 272
97 125 77
98 28 185
98 36 116
99 81 202
99 37 56
101 136 230
103 122 114
104 55 228
105 38 57
105 121 158
105 40 176
107 17 262
107 27 183
107 9 15
109 130 12
109 80 110
113 38 227
113 71 137
117 43 52
122 109 50
126 55 232
127 83 11
129 28 254
131 32 74
131 3 175
133 13 237
133 58 166
134 86 146
134 119 245
134 59 166
135 117 84
136 85 273
136 60 274
138 51 221
-1
420
1 65 44
3 5 237
4 106 113
4 13 21
5 4 12
7 38 298
7 71 42
8 44 241
8 17 22
8 83 203
8 39 35
8 52 172
9 39 50
9 125 161
10 113 211
11 124 161
11 43 298
11 47 182
13 5 109
14 127 242
15 55 167
15 38 77
17 20 86
18 92 239
23 32 72
23 126 161
23 85 102
24 87 122
24 93 136
25 70 278
25 108 10
26 71 279
27 5 16
27 85 298
27 56 98
27 35 274
28 46 182
29 114 20
30 107 209
32 61 99
33 16 251
33 125 257
34 46 205
35 82 285
35 65 258
35 51 48
35 94 190
36 128 118
36 3 185
38 96 150
39 74 141
41 2 291
42 127 225
42 11 80
43 100 28
43 82 296
46 32 47
46 107 133
47 15 46
49 15 31
50 40 32
51 111 47
53 85 232
53 96 75
55 97 33
55 76 13
57 21 239
57 48 227
57 96 188
58 21 82
58 25 57
59 50 190
59 44 15
60 8 192
63 102 224
64 1 260
65 114 288
68 4 80
68 135 266
68 17 14
69 105 165
70 35 288
72 11 92
73 79 67
74 97 16
76 92 64
77 59 136
79 85 105
79 69 136
80 127 32
80 51 76
81 52 240
83 13 114
85 10 261
86 24 158
88 69 245
88 114 75
89 121 61
90 116 230
91 111 154
91 124 156
92 119 187
92 114 60
92 38 266
93 55 240
94 92 274
94 81 83
95 72 287
97 30 165
98 64 231
99 64 151
99 114 224
101 22 157
102 36 54
103 6 286
104 21 76
105 2 210
107 112 3
108 98 28
108 33 186
112 85 201
112 54 90
113 127 277
116 139 26
116 98 31
117 116 184
118 30 21
118 11 249
119 86 283
119 28 145
120 59 35
122 87 11
123 100 295
123 21 41
123 85 228
124 95 299
125 72 228
126 111 120
130 136 94
131 99 150
132 82 166
133 10 263
134 97 172
134 38 43
135 41 259
136 11 58
136 123 185
136 131 20
137 133 53
138 50 14
-1
420
1 43 137
3 22 250
3 86 42
3 22 278
5 39 123
5 6 261
5 19 110
6 48 28
7 81 182
7 58 69
7 71 112
7 112 262
8 83 79
8 16 190
10 44 125
13 78 272
13 24 194
13 44 88
13 94 145
14 13 201
17 128 65
19 105 296
19 116 188
20 40 224
21 138 63
23 18 189
24 65 210
25 102 56
25 79 100
26 96 208
26 51 223
26 2 147
27 18 86
30 47 220
31 78 214
31 17 78
32 95 52
35 51 116
39 78 195
39 108 242
40 85 151
42 24 262
43 110 222
43 52 145
44 60 47
45 108 98
46 103 218
46 83 254
47 24 62
47 126 88
48 18 283
51 124 257
52 77 208
52 131 31
52 130 259
52 75 269
53 93 209
55 92 256
56 124 212
56 54 13
57 43 82
57 50 126
59 48 276
60 105 261
61 54 22
62 99 269
63 46 272
65 14 93
67 114 260
68 29 113
69 117 111
71 133 18
71 28 8
74 107 161
75 49 138
75 89 118
75 85 38
76 114 229
76 138 13
82 113 274
82 89 193
82 88 241
83 53 51
83 16 215
84 66 254
86 2 100
86 39 276
86 61 245
87 99 281
88 115 114
89 20 45
89 28 199
89 116 281
91 78 26
91 89 204
92 108 142
93 87 133
95 51 108
96 9 245
96 137 70
98 128 35
101 55 163
101 120 231
103 85 78
103 126 229
104 100 225
104 103 90
105 106 178
107 10 143
107 19 168
108 138 88
108 100 152
110 75 84
110 22 223
112 79 188
112 43 197
112 89 132
114 71 163
115 107 73
116 83 211
118 77 285
119 71 225
119 42 102
119 112 52
119 73 76
119 21 231
120 103 264
120 103 172
120 124 45
121 113 93
122 34 214
122 31 219
123 37 194
123 50 194
123 118 95
124 11 216
125 35 263
127 40 47
127 5 279
130 40 292
131 21 19
132 43 163
132 65 128
133 9 42
135 121 143
136 33 75
136 129 126
137 10 78
138 102 135
139 89 136
-1
420
1 0 45
1 134 136
2 100 58
3 117 277
3 63 296
4 64 144
4 135 1
7 62 154
9 88 89
10 3 58
11 55 81
12 26 37
15 123 178
16 89 254
17 80 247
17 13 283
18 98 141
18 39 294
19 3 50
19 134 10
19 50 251
21 41 140
22 46 246
23 92 193
24 41 217
24 61 244
25 17 49
25 112 268
26 73 115
27 45 143
29 100 293
29 5 1
30 20 264
30 17 260
31 94 107
31 41 71
31 139 103
32 78 269
34 74 153
34 134 2
35 29 281
35 34 141
35 10 0
36 125 30
36 108 5
38 137 67
38 64 162
39 60 206
39 75 260
41 98 176
41 69 80
41 108 2
42 69 106
50 71 262
51 61 210
51 38 293
52 113 198
53 19 44
53 91 80
58 22 194
59 30 156
60 19 42
62 100 238
64 131 98
65 48 251
65 69 4
65 77 214
66 43 264
68 59 85
69 136 145
69 36 26
69 67 183
72 37 285
72 39 132
72 66 44
73 81 206
73 1 201
73 74 52
74 95 25
74 135 271
74 7 130
75 44 83
75 70 28
75 77 256
76 17 269
76 71 146
77 64 99
81 79 219
82 0 164
83 109 98
85 24 284
87 4 120
89 80 55
90 96 222
91 90 227
91 69 223
92 136 236
93 17 123
93 29 82
93 127 161
93 139 72
94 11 213
96 137 181
96 132 113
96 2 143
96 61 128
97 83 106
98 50 137
98 114 129
99 43 127
100 92 113
100 26 256
100 114 128
100 34 276
101 84 256
103 98 154
103 89 220
104 40 86
105 57 44
107 82 219
107 58 256
107 78 99
110 110 64
110 8 217
111 101 120
112 35 152
113 132 290
113 65 15
114 121 295
114 18 275
114 130 92
114 10 109
115 45 178
115 50 82
115 138 71
116 95 117
117 82 161
117 106 136
119 88 120
120 139 294
121 17 140
122 2 124
124 85 39
124 138 169
125 104 36
125 117 166
127 7 104
131 11 48
132 11 3
133 13 67
133 46 27
134 92 175
136 122 173
136 16 31
136 128 76
137 82 115
137 106 264
137 103 150
137 80 151
139 39 275
-1
420
0 134 97
2 49 219
2 56 266
4 124 96
6 68 22
7 77 269
8 78 289
9 8 3
9 59 298
10 65 131
11 129 254
11 39 286
11 98 72
12 79 264
13 109 52
14 102 85
15 138 277
15 45 167
17 56 173
18 83 113
18 74 138
19 75 101
20 74 297
20 68 79
21 83 70
21 60 12
22 28 273
22 12 295
23 8 208
24 86 62
25 118 209
25 46 239
29 106 203
29 74 268
29 127 132
30 63 2
31 110 132
31 108 245
31 91 214
34 121 172
34 31 245
37 45 122
38 38 226
38 118 116
38 62 278
38 85 183
39 40 24
39 124 44
42 98 162
42 32 17
42 14 175
43 16 138
44 104 202
47 41 136
48 20 113
49 137 249
51 116 217
54 53 79
54 8 277
55 9 268
55 48 6
58 89 59
58 37 195
59 25 67
60 58 162
60 28 65
64 97 177
66 73 236
67 131 245
68 31 150
68 134 116
69 67 206
70 77 126
70 39 102
70 91 139
71 83 164
73 93 53
74 114 202
75 108 98
75 77 257
76 49 40
77 109 193
77 122 282
78 128 198
79 19 89
81 92 244
82 66 64
84 121 285
85 6 54
85 99 72
86 61 265
86 23 144
86 75 124
87 118 11
88 74 148
89 39 26
90 112 206
92 45 34
93 43 20
94 54 31
94 35 241
95 98 137
97 25 156
99 48 55
100 115 144
102 2 114
103 112 200
105 105 9
105 136 90
106 87 6
107 128 179
109 87 46
109 137 91
109 6 65
110 72 1
110 138 190
110 125 50
111 56 86
111 67 78
111 14 23
111 59 134
112 30 150
113 120 32
113 6 53
113 31 4
114 111 208
114 121 287
115 44 38
115 93 123
116 99 74
116 131 105
116 13 270
116 136 231
118 75 282
118 113 285
119 130 236
119 62 214
119 125 136
122 10 228
122 134 43
122 70 293
124 14 112
125 45 51
127 14 255
127 46 170
127 132 244
128 123 2
130 61 110
131 39 228
132 76 139
133 82 198
134 139 108
135 0 250
136 126 285
136 47 166
136 53 178
137 139 91
137 126 280
138 135 58
139 17 142
-1
420
0 89 110
0 133 139
0 58 149
2 50 174
2 114 197
2 42 241
4 69 170
6 32 79
7 25 68
7 3 69
7 66 83
9 21 291
9 38 216
10 52 117
13 33 287
15 78 169
15 111 32
15 9 158
16 32 191
16 57 297
17 55 29
17 5 256
21 112 204
22 94 52
22 109 3
23 82 207
23 18 261
24 80 131
27 111 217
27 13 101
27 100 98
28 121 280
29 65 191
30 134 178
30 7 166
31 49 257
31 64 167
32 34 125
32 75 89
33 10 27
34 126 144
34 11 160
35 45 132
35 38 132
37 129 217
37 92 93
37 95 52
39 68 171
39 114 221
39 40 213
40 65 18
41 82 182
42 137 259
42 115 192
44 13 294
45 102 181
46 122 104
48 77 62
48 33 38
48 112 26
48 6 104
48 123 192
49 138 59
49 60 17
52 32 297
53 131 142
54 64 276
54 94 293
55 30 47
56 13 197
56 127 32
57 68 272
58 51 236
58 45 251
59 112 223
61 46 195
61 24 37
62 40 53
62 48 152
63 42 240
64 72 79
66 14 197
66 38 74
68 82 94
70 12 221
71 105 189
72 87 289
72 31 190
74 48 189
74 35 245
75 26 95
75 117 173
76 76 60
77 55 183
78 41 186
78 34 296
79 58 180
80 130 274
80 44 89
81 82 212
81 83 54
81 134 261
82 0 24
83 46 125
83 132 106
84 91 64
84 34 269
85 28 6
88 130 239
89 35 73
94 69 85
96 19 241
96 41 147
97 114 170
97 44 276
98 111 15
103 133 82
104 111 135
105 126 293
106 103 53
106 135 27
107 93 14
108 8 245
108 94 154
109 92 229
110 129 154
113 114 119
113 124 200
113 105 265
114 42 248
114 41 117
116 79 17
116 81 298
116 25 76
116 56 8
117 49 92
117 85 88
118 55 59
119 61 219
119 35 215
120 31 46
121 121 192
122 90 285
124 6 102
124 15 247
127 100 87
128 113 291
128 118 148
129 8 103
129 33 140
129 33 228
130 43 176
130 33 82
131 94 140
131 110 130
131 11 200
131 30 150
132 68 30
132 107 93
133 1 131
133 90 229
133 78 239
134 139 116
136 117 253
136 62 124
137 25 18
137 133 221
137 39 30
138 23 255
139 27 199
-1
420
0 132 216
1 88 186
1 78 258
1 52 68
2 24 143
4 39 244
5 77 248
5 7 232
7 130 98
9 105 24
9 28 37
10 128 55
11 18 75
13 111 198
13 68 254
13 5 8
14 130 155
15 109 18
15 54 253
18 131 7
18 111 244
19 64 61
20 13 283
21 130 121
21 87 167
22 133 119
22 46 117
24 66 44
26 73 248
26 83 189
27 115 259
28 56 78
30 123 218
30 11 129
31 2 249
31 2 299
31 33 188
34 59 100
34 116 257
34 64 238
36 72 94
36 66 176
37 82 159
38 124 190
40 34 138
40 13 142
43 101 60
43 74 168
43 27 111
44 20 272
44 127 179
45 67 86
45 5 297
46 56 206
47 52 28
47 67 91
48 100 189
48 24 150
49 133 241
50 63 255
50 68 207
52 51 27
53 94 223
53 17 1
54 88 182
56 48 6
57 6 207
57 118 277
58 66 4
58 26 99
63 45 1
64 119 216
64 87 92
64 68 208
64 41 141
64 83 293
66 134 220
66 132 171
67 97 286
67 136 53
68 95 80
68 48 202
69 16 214
69 1 206
69 92 2
69 5 15
71 121 140
72 125 5
72 79 77
72 50 6
74 129 217
75 87 153
76 92 9
77 100 237
78 29 200
79 92 126
80 87 101
81 72 130
81 47 186
82 110 199
82 65 199
82 44 264
82 127 142
83 92 245
84 38 177
85 13 105
85 98 102
86 103 7
87 3 150
88 21 197
89 21 53
90 6 279
90 112 93
91 109 206
92 106 238
92 52 274
92 48 31
94 93 268
96 110 214
97 19 197
98 10 101
98 69 44
98 19 64
100 100 203
102 51 178
103 100 276
103 13 52
105 45 238
105 38 216
107 109 8
108 43 208
108 97 17
108 110 270
108 91 53
109 91 115
112 37 51
113 5 45
113 55 92
113 21 298
113 138 180
114 114 124
115 97 96
115 139 160
116 93 213
116 79 158
119 30 80
120 135 291
120 24 1
121 124 273
122 97 2
124 101 111
125 19 139
125 111 75
125 1 142
125 53 156
126 124 135
126 30 110
127 23 229
127 98 59
128 31 168
129 19 20
130 106 108
131 75 61
133 29 8
134 116 65
134 29 187
135 90 181
136 91 177
136 139 198
139 19 161
-1
420
0 26 56
0 46 274
1 72 99
1 62 150
3 12 284
4 43 158
4 72 120
5 29 216
7 119 64
7 43 192
7 116 211
8 52 74
9 87 251
11 118 206
12 30 294
14 22 227
14 60 124
15 136 270
19 56 32
20 54 217
22 40 250
23 63 289
23 94 132
23 12 144
26 80 214
27 20 1
28 124 10
29 23 11
30 103 185
30 69 13
31 34 84
32 44 68
32 109 295
33 6 15
35 139 185
35 137 25
36 100 294
37 15 297
37 24 153
39 1 180
39 17 153
39 101 107
39 48 222
40 17 68
41 51 75
41 74 169
41 23 270
41 93 267
42 116 109
43 101 262
43 25 239
43 29 166
44 14 32
44 59 45
47 85 174
47 8 79
47 95 87
49 45 110
50 14 130
50 82 94
50 90 185
50 127 208
50 17 74
50 19 22
52 99 135
53 48 55
53 110 72
54 74 206
55 117 162
55 11 26
56 55 117
57 46 189
58 32 212
59 105 3
59 89 97
59 20 80
59 133 73
59 18 204
61 25 65
62 66 159
62 48 209
62 87 297
63 112 176
63 117 221
63 65 94
64 31 133
65 133 132
65 24 265
66 62 166
67 20 84
68 80 257
68 77 240
69 100 93
70 5 242
70 2 20
72 118 154
72 53 29
74 89 92
74 53 83
75 0 60
77 78 169
78 11 155
78 53 91
78 31 52
78 122 80
79 16 23
79 44 179
81 56 169
82 71 297
82 95 79
83 110 65
85 106 114
85 11 173
86 129 287
86 56 160
87 16 264
87 23 1
88 57 182
89 3 175
89 49 235
91 85 247
92 114 137
93 31 287
93 86 256
94 2 294
94 43 48
95 27 73
96 4 41
98 19 188
98 86 35
99 98 74
100 13 112
100 102 218
101 9 86
105 84 197
106 88 124
108 93 265
108 80 298
111 40 287
112 67 249
112 49 147
112 114 39
113 125 29
114 59 52
114 83 217
114 105 264
114 6 91
114 121 105
115 26 296
116 126 18
116 24 202
117 12 210
119 53 185
119 91 32
120 60 70
121 105 275
122 134 253
122 39 103
123 54 209
124 100 37
127 83 173
128 74 44
129 31 287
129 32 286
130 88 281
131 91 107
132 95 264
132 1 0
133 58 67
134 64 139
136 124 7
136 111 62
137 83 244
137 85 279
137 50 236
137 112 181
138 108 269
138 119 166
138 120 122
138 74 176
-1
420
0 0 250
2 19 221
3 14 88
4 30 193
4 35 1
5 88 170
6 112 38
6 32 28
7 91 134
8 23 44
8 64 120
9 94 153
9 77 40
9 31 223
9 122 44
9 86 93
10 103 246
10 132 152
11 108 80
11 68 144
11 35 196
13 74 125
13 79 170
15 42 209
15 48 82
20 38 237
21 53 118
22 74 168
23 41 156
24 23 233
25 26 215
25 74 191
26 120 35
28 55 35
28 117 47
29 37 9
30 120 275
31 30 84
33 49 31
33 71 146
34 32 213
34 119 96
35 50 268
36 107 297
36 60 209
38 54 63
39 119 161
40 111 134
41 109 211
42 118 101
44 114 152
46 131 274
48 105 31
48 21 29
50 52 285
51 120 22
51 38 83
52 57 229
53 57 5
54 72 175
55 100 171
55 84 197
56 16 24
58 58 137
59 60 61
59 58 110
59 137 75
61 61 177
62 9 90
63 138 76
63 11 31
65 79 209
65 13 25
66 110 12
66 10 264
66 35 86
66 107 84
66 12 35
67 91 142
68 49 231
69 45 62
69 49 196
72 32 41
72 27 187
72 32 273
73 121 240
74 25 70
74 130 189
75 29 95
75 32 62
75 35 275
75 134 76
77 116 170
78 100 220
79 127 129
79 68 140
80 114 206
80 38 170
80 95 91
82 83 33
82 93 251
84 38 265
84 116 299
86 91 198
87 116 20
87 61 66
88 107 19
89 56 196
90 34 224
90 8 137
90 58 18
91 34 63
91 111 165
92 138 82
93 24 72
94 130 214
95 78 277
96 2 263
96 55 231
97 138 67
97 106 150
98 1 163
98 134 74
98 91 163
100 103 5
100 91 36
100 45 99
100 53 93
101 47 258
102 126 108
103 8 204
105 40 66
105 105 171
105 111 264
105 84 73
106 26 7
108 114 180
108 131 92
109 124 24
109 80 160
110 24 58
110 120 209
111 56 81
111 106 5
112 98 33
113 23 169
114 40 133
114 77 182
115 105 159
119 31 79
119 117 282
120 34 70
120 35 91
121 31 290
121 50 164
121 48 210
121 36 283
124 83 214
125 55 160
125 14 222
126 10 125
126 89 176
126 32 187
127 80 71
128 79 186
129 17 126
131 124 123
132 56 4
132 11 296
132 63 298
135 101 85
135 105 297
137 34 188
137 12 102
137 44 233
137 123 83
138 61 70
139 122 88
139 89 270
139 103 69
-1
420
0 80 239
0 94 127
1 23 204
1 23 194
2 40 67
3 71 74
3 14 102
3 16 12
4 0 240
4 134 25
4 20 193
5 98 204
6 9 94
7 82 75
8 120 96
9 130 274
9 56 18
9 42 114
10 126 183
11 35 39
11 70 299
12 33 46
12 37 182
13 49 186
13 80 217
14 44 154
14 7 222
15 57 165
15 111 259
16 36 291
16 68 195
17 9 205
18 27 181
21 48 106
21 49 184
27 124 74
28 2 38
28 53 273
30 17 45
30 107 146
31 93 6
31 71 93
31 67 29
32 88 260
33 14 152
33 24 48
35 55 47
35 69 16
35 42 36
35 110 154
36 59 200
37 10 45
39 96 201
40 71 179
41 125 82
41 78 225
42 11 212
42 27 184
42 106 236
42 115 126
43 34 100
44 115 229
44 52 200
44 54 95
47 25 10
47 114 174
48 104 246
48 9 25
49 48 126
49 104 26
49 45 299
50 80 265
54 84 165
55 3 69
56 18 71
56 31 41
57 77 151
58 103 112
59 104 238
59 27 62
61 41 100
62 23 114
64 8 223
65 2 138
66 70 207
67 24 90
67 77 52
67 81 267
67 97 101
67 43 193
68 71 65
68 125 115
72 133 157
72 36 273
73 129 230
73 23 87
75 125 296
76 12 30
76 80 140
77 113 91
77 96 282
77 123 145
78 100 35
78 103 22
78 24 20
79 58 203
80 98 168
80 27 165
80 123 233
81 17 178
81 73 224
81 115 157
81 104 194
83 137 179
85 86 58
86 42 27
87 3 253
90 58 247
90 46 179
90 72 246
91 67 115
92 45 47
92 74 78
93 72 299
93 93 31
94 116 94
95 82 111
96 95 135
96 35 296
97 46 243
98 22 146
98 89 59
98 93 184
100 111 276
100 43 106
101 113 254
102 108 284
102 33 79
104 103 243
104 13 78
104 124 200
105 135 213
105 71 102
106 131 250
106 23 39
107 7 2
108 49 23
108 81 218
110 68 177
112 26 214
112 129 191
115 113 106
115 104 0
115 53 89
115 34 23
117 32 266
117 78 238
118 70 20
120 86 21
121 112 238
121 138 238
121 59 61
122 12 74
122 104 76
122 18 195
122 113 178
122 45 119
124 5 155
124 83 232
125 33 267
125 50 231
128 11 162
128 100 113
129 48 247
130 88 278
131 32 240
131 10 128
132 39 132
132 57 98
132 82 95
133 96 287
134 124 190
134 102 267
134 78 111
135 40 35
135 62 200
135 126 194
138 87 16
139 44 22
139 132 38
-1
420
3 120 8
3 37 93
5 113 45
5 30 259
6 0 187
6 130 130
6 86 86
8 109 75
9 137 75
9 111 204
9 50 245
10 9 138
11 20 171
12 105 79
13 135 6
13 94 285
13 7 126
14 127 240
15 55 133
15 80 147
16 102 62
18 29 132
18 134 45
19 132 261
20 86 56
21 125 76
21 12 24
22 11 98
22 78 153
22 24 139
22 5 172
22 77 243
23 48 5
23 109 44
23 59 211
24 28 258
25 68 55
25 19 156
28 60 278
29 75 10
29 17 265
29 125 255
32 67 177
32 61 234
32 53 282
32 104 220
32 138 181
34 121 286
34 27 98
34 39 126
35 101 135
37 106 207
37 29 269
37 49 210
37 37 190
38 127 128
39 114 14
39 132 186
39 11 144
39 77 283
41 44 116
41 5 88
41 106 22
42 103 156
45 134 146
46 69 58
46 1 285
48 119 252
48 10 142
48 35 276
49 71 270
49 81 213
50 139 202
50 9 43
50 74 100
52 71 200
52 15 246
53 129 41
54 42 79
54 133 184
57 39 23
57 107 31
57 9 174
58 81 240
58 58 256
59 81 149
59 121 273
60 18 263
60 71 1
61 79 284
62 58 267
62 125 215
64 51 7
64 78 13
64 21 113
65 68 272
65 36 82
66 20 122
66 29 0
66 18 214
67 54 34
68 29 92
69 114 188
69 134 41
69 122 295
70 72 200
72 70 9
72 68 276
73 43 111
73 34 117
73 108 97
74 99 51
75 73 143
75 19 116
75 102 221
75 1 21
77 50 101
77 133 102
77 25 273
79 29 238
79 108 33
80 104 51
80 61 65
81 31 17
81 135 41
82 8 283
83 4 9
85 71 16
85 100 229
85 121 86
86 69 65
87 125 182
87 76 120
87 131 130
87 40 174
88 20 232
88 119 230
90 61 216
91 124 97
92 50 13
92 48 168
94 16 290
94 47 274
95 89 132
95 116 123
96 65 14
96 129 155
98 19 118
98 61 172
99 57 231
100 56 76
102 15 156
104 24 213
104 51 264
105 71 110
105 95 108
108 136 150
110 15 36
113 40 231
114 57 34
115 84 78
115 50 275
115 98 108
115 81 270
115 129 138
116 92 215
121 127 250
121 63 260
121 91 2
122 64 54
122 101 161
125 56 168
125 12 244
127 122 197
130 42 260
131 27 294
132 15 130
132 104 51
132 21 120
133 4 291
134 40 243
134 101 213
135 7 295
136 136 232
136 132 264
137 71 130
138 17 203
139 98 124
139 45 138
139 31 149
-1
-2
