30
-1
30
-1
30
1 4 46
2 4 77
4 1 242
4 0 239
5 1 91
8 1 225
8 9 17
9 6 212
9 1 244
9 7 206
-1
30
0 3 40
2 6 227
4 4 148
4 0 254
4 4 80
5 4 71
7 9 270
8 0 130
9 9 294
9 4 152
-1
30
0 8 128
1 5 239
2 1 231
2 6 143
2 2 94
2 5 174
3 4 212
3 7 172
3 0 133
4 1 59
4 8 125
5 5 9
5 9 235
5 3 25
5 9 201
5 0 186
6 2 293
8 9 140
8 9 223
9 4 58
-1
30
0 4 219
2 9 292
2 6 210
3 9 230
3 0 276
3 7 124
3 2 13
4 3 273
4 0 88
4 6 250
5 8 276
5 8 193
6 1 112
6 7 245
7 4 270
8 6 210
8 6 114
8 3 279
9 4 135
9 7 41
-1
30
0 5 57
0 0 262
1 4 162
1 5 242
1 0 113
2 9 213
2 5 129
2 6 235
3 3 81
3 1 254
4 7 221
4 8 16
4 0 203
4 1 70
5 6 45
5 7 206
5 6 251
6 9 119
6 0 258
7 4 191
7 9 220
7 6 54
7 7 159
8 9 247
9 4 267
9 4 88
9 9 256
9 9 78
9 4 77
9 9 124
-1
30
0 7 163
0 7 204
0 2 113
1 9 28
1 6 127
1 7 275
2 8 295
2 1 101
2 6 115
2 7 21
3 5 218
3 8 101
3 8 237
3 3 13
4 4 99
5 6 113
5 9 244
5 1 219
5 9 256
5 9 174
5 3 219
5 2 52
6 6 208
6 6 200
6 1 155
6 2 283
6 9 75
7 9 187
7 2 55
7 4 197
-1
30
0 6 164
0 0 196
0 9 11
0 7 167
1 1 230
1 0 171
1 2 51
1 9 178
1 3 89
2 7 262
2 7 190
2 0 90
3 4 235
3 0 74
4 6 213
4 2 45
4 1 229
4 7 175
4 3 35
5 1 180
5 1 13
5 7 11
5 1 222
5 8 91
6 1 267
6 1 175
6 0 19
6 0 289
7 0 19
7 5 60
7 0 244
7 7 118
8 7 98
8 0 250
8 6 270
9 3 256
9 9 95
9 5 143
9 3 265
9 6 273
-1
30
0 0 64
0 5 38
0 7 259
0 8 10
0 1 268
1 1 257
1 6 101
2 8 237
2 5 98
2 7 6
2 5 177
2 2 226
3 6 14
3 5 8
3 9 52
4 4 79
4 0 179
5 7 204
5 5 17
5 8 131
5 4 58
5 2 244
5 0 247
5 6 185
6 8 38
6 3 145
7 9 128
7 5 257
7 8 259
7 6 169
8 4 65
8 3 250
8 4 291
8 4 2
8 5 26
8 1 33
9 9 126
9 1 234
9 0 132
9 2 129
-1
30
0 5 83
0 3 262
1 2 207
1 9 28
2 2 227
2 4 145
2 0 21
2 7 190
2 6 40
2 6 199
2 3 219
2 5 178
3 0 238
3 0 76
3 6 186
4 2 280
4 5 194
5 9 23
5 8 175
5 4 148
5 4 162
5 8 7
5 3 121
5 5 241
5 7 24
6 0 175
6 9 2
6 2 231
6 2 287
7 7 244
7 4 225
7 1 277
7 6 215
7 8 164
7 6 224
7 2 138
7 2 235
7 0 46
7 3 41
7 1 270
8 8 93
8 1 85
8 5 168
8 6 276
9 6 236
9 3 166
9 5 77
9 1 144
9 4 258
9 3 84
-1
30
0 2 263
0 5 85
0 3 78
0 7 110
0 8 211
0 4 265
1 2 25
1 8 188
1 9 3
1 5 136
1 5 276
1 7 170
1 5 66
2 2 106
2 4 120
2 9 182
2 3 256
3 7 4
3 5 273
3 3 289
3 6 177
4 8 13
4 8 75
4 2 209
4 1 21
4 8 214
4 9 96
4 3 282
5 0 214
5 9 120
5 6 247
6 4 212
6 7 221
6 6 288
6 0 264
6 0 255
7 9 51
7 6 89
7 7 134
7 7 89
7 2 25
8 9 44
8 1 20
8 0 110
8 9 15
8 7 273
8 6 20
8 0 282
8 3 191
9 9 275
-1
30
0 1 126
0 5 90
0 5 181
0 8 43
0 0 53
0 6 55
0 1 92
0 5 248
0 7 203
1 1 208
1 5 42
1 7 119
1 9 98
1 1 153
1 5 112
2 2 48
2 4 32
2 5 19
2 5 28
2 2 249
2 4 42
2 1 200
2 6 188
3 4 48
3 2 73
3 7 86
4 4 73
4 3 234
4 9 175
4 5 217
5 9 164
5 1 234
5 3 213
5 4 159
5 4 103
6 5 9
6 8 100
6 6 36
6 6 170
6 1 47
6 7 224
6 4 283
6 2 4
7 1 76
7 0 108
7 0 198
7 3 68
7 5 96
7 7 241
8 2 33
8 4 75
8 4 248
8 1 196
8 2 172
8 2 236
9 1 250
9 2 213
9 5 234
9 0 130
9 8 76
-1
30
0 1 89
0 9 17
0 7 202
0 0 132
0 1 3
0 2 146
0 6 160
1 8 164
1 5 51
1 0 29
1 7 129
1 3 96
1 7 75
1 7 94
2 7 249
2 5 179
2 9 227
2 1 66
2 5 124
2 7 107
2 1 184
3 5 124
3 4 167
4 0 31
4 1 54
4 2 227
4 1 93
4 0 47
4 0 277
4 2 142
5 8 102
5 4 278
5 9 202
5 6 68
6 3 248
6 6 250
6 9 224
6 9 242
6 3 268
6 9 65
6 6 198
7 9 258
7 1 55
7 9 20
7 8 256
7 9 154
7 9 13
7 9 112
8 6 58
8 7 170
8 5 35
8 2 224
8 3 222
9 2 266
9 3 14
9 7 182
9 1 145
9 1 105
9 4 135
9 4 45
-1
30
0 6 80
0 1 152
0 2 90
0 1 84
0 0 90
0 7 204
0 6 165
0 4 17
1 6 121
1 5 212
1 5 153
1 2 26
1 3 41
2 1 243
2 6 221
2 1 15
2 9 182
2 1 173
2 4 193
2 4 34
2 2 251
3 1 94
3 8 29
3 0 229
3 9 35
3 4 262
3 8 105
3 9 128
3 4 32
3 4 220
4 8 129
4 5 212
4 8 8
4 1 267
4 0 89
4 0 209
4 6 96
5 9 91
5 2 213
5 9 246
5 2 194
6 3 290
6 1 1
6 2 187
6 3 254
6 6 268
6 2 7
7 1 145
7 0 243
7 8 123
7 2 168
7 1 26
7 4 32
8 6 91
8 6 255
8 0 151
8 5 57
8 2 19
8 4 154
9 1 49
9 9 295
9 6 27
9 3 133
9 4 98
9 7 61
9 7 134
9 5 37
9 4 246
9 2 144
9 0 174
-1
30
0 2 283
0 7 8
0 8 252
0 4 215
0 7 292
0 8 219
0 1 240
0 7 80
0 0 6
0 6 20
1 7 18
1 8 255
1 7 180
1 3 40
1 0 242
1 6 207
2 2 25
2 0 8
2 9 47
2 6 47
2 5 63
2 3 217
2 4 140
2 3 4
2 4 158
2 2 130
2 0 245
3 3 191
3 8 149
3 7 180
3 8 5
3 6 186
4 0 3
4 7 80
4 5 232
4 5 157
4 7 103
4 9 200
4 2 0
4 8 212
5 1 33
5 3 8
5 3 97
5 4 101
5 9 257
6 1 198
6 2 9
7 4 239
7 9 113
7 4 103
7 8 246
7 5 224
7 6 135
7 3 106
7 5 109
8 3 178
8 6 286
8 0 219
8 4 137
8 7 77
8 9 242
8 6 138
8 4 91
8 3 268
9 5 37
9 0 18
9 2 181
9 6 169
9 5 135
9 6 41
-1
30
0 8 82
0 2 161
0 3 81
0 7 126
0 9 95
0 5 72
0 4 82
0 3 253
0 1 154
0 7 166
0 5 117
0 9 204
0 5 72
1 7 80
2 6 8
2 4 103
2 0 43
2 7 59
2 6 233
2 7 287
3 1 59
3 5 62
3 9 230
3 9 236
3 5 165
3 0 133
3 1 114
3 3 217
4 4 224
4 6 220
4 1 287
4 4 141
4 3 184
4 2 118
4 2 205
4 7 147
5 3 69
5 6 152
5 2 182
5 4 14
5 1 234
5 8 131
5 2 164
5 0 100
6 3 258
6 0 279
6 3 127
6 5 59
6 3 180
6 0 221
6 9 58
6 5 99
6 2 202
7 8 17
7 9 95
7 6 137
7 1 234
7 3 36
7 1 87
7 9 63
7 1 84
7 5 33
7 8 105
7 2 113
7 9 1
8 8 142
8 9 69
8 9 174
8 7 2
9 8 67
9 5 268
9 6 14
9 4 179
9 1 6
9 8 58
9 1 74
9 6 16
9 9 286
9 0 175
9 4 220
-1
30
0 7 8
0 8 19
0 9 65
1 1 139
1 9 173
1 1 144
1 6 51
1 6 274
1 5 164
1 1 101
1 4 125
1 9 70
2 7 105
2 0 58
2 9 81
2 6 83
2 3 40
2 2 95
2 3 68
2 8 218
3 6 259
3 8 95
3 0 111
3 7 189
3 6 36
3 4 4
3 7 274
3 6 79
3 1 143
3 1 124
4 7 182
4 4 40
4 4 19
4 3 208
4 6 251
4 1 132
4 0 83
4 3 212
4 2 184
5 1 265
5 2 117
5 4 124
5 5 269
5 4 115
5 7 253
5 7 241
5 4 228
6 7 151
6 6 155
6 5 30
6 5 70
6 1 141
6 7 28
6 1 88
7 7 209
7 8 282
7 9 16
7 2 224
7 4 158
7 9 81
7 4 209
7 0 18
7 0 158
7 6 14
8 0 141
8 0 85
8 4 126
8 9 281
8 6 145
8 0 45
8 7 295
8 1 16
8 3 107
8 4 292
8 8 116
9 5 134
9 2 163
9 4 278
9 1 96
9 7 6
-1
30
0 9 224
0 3 17
0 6 200
0 6 160
0 4 147
0 4 159
0 2 221
0 4 0
1 6 172
1 2 79
1 7 41
1 4 192
1 3 251
1 4 19
1 7 114
1 9 137
1 8 284
1 5 133
1 2 97
1 2 72
2 6 256
2 9 143
2 8 33
2 2 150
2 6 63
2 8 131
2 0 169
2 7 126
2 0 191
2 2 280
2 0 143
2 7 291
3 4 29
3 5 202
3 7 208
3 6 163
3 9 243
3 4 68
3 2 280
3 1 81
4 1 98
4 3 11
4 3 155
4 0 155
4 6 37
4 9 137
4 1 88
4 6 235
4 6 200
4 1 139
4 4 180
5 3 8
5 6 144
5 5 269
5 8 58
5 7 272
5 3 11
5 2 105
5 3 277
5 7 212
5 5 289
6 7 18
6 4 241
6 7 205
6 5 168
6 6 141
6 4 21
7 2 294
7 7 162
7 0 191
7 0 248
7 7 220
7 8 271
8 3 94
8 3 185
8 2 280
8 0 35
8 8 298
8 2 71
8 2 151
8 1 237
8 9 48
9 5 277
9 6 168
9 4 41
9 2 245
9 4 4
9 0 74
9 3 265
9 1 248
-1
30
0 2 136
0 1 174
0 6 102
0 8 90
0 7 189
0 1 174
0 1 188
0 2 99
0 4 84
1 9 216
1 2 200
1 6 125
1 3 134
1 9 258
1 6 274
1 0 198
1 3 152
1 3 132
2 4 3
2 8 200
2 6 80
2 4 62
2 8 172
2 5 94
2 0 73
2 5 85
2 8 54
2 3 190
2 5 85
2 2 228
2 9 291
2 6 117
2 6 115
2 4 203
3 0 93
3 5 52
3 5 52
4 3 239
4 6 57
4 1 184
4 9 82
4 2 209
4 4 108
4 1 149
4 4 226
4 9 193
4 8 124
4 4 201
4 8 191
4 7 48
4 2 26
4 6 80
5 8 168
5 3 20
5 5 203
5 7 183
5 1 88
5 4 243
5 8 158
6 5 46
6 7 281
6 7 139
6 3 74
7 9 298
7 3 151
7 1 83
7 3 248
7 7 297
7 7 37
7 0 253
7 3 211
7 7 299
8 1 58
8 0 1
8 3 147
8 7 143
8 2 267
8 8 58
8 4 24
8 5 245
8 5 129
8 2 25
8 0 187
9 4 58
9 7 101
9 4 75
9 9 13
9 6 109
9 3 75
9 0 251
-1
30
0 5 25
0 9 246
0 6 205
0 0 166
0 1 268
0 1 246
0 2 200
1 3 146
1 5 234
1 1 159
1 9 223
1 1 54
1 6 180
1 4 263
1 2 114
1 5 88
1 2 252
1 7 211
1 1 152
1 2 204
2 9 262
2 4 60
2 3 245
2 0 1
2 0 108
2 4 275
2 9 61
2 3 168
2 9 15
2 2 4
2 1 146
2 3 113
3 1 138
3 2 39
3 7 239
3 6 3
3 7 174
3 4 5
3 9 228
3 1 276
3 0 66
4 3 23
4 9 172
4 0 12
4 6 171
4 4 277
4 8 111
4 0 21
4 9 177
5 8 207
5 3 116
5 2 69
5 3 20
5 9 166
5 9 126
5 4 91
5 8 32
5 5 221
5 5 92
5 5 41
5 2 162
5 2 137
5 6 77
6 4 281
6 6 282
6 2 81
6 8 155
6 6 121
6 0 248
6 2 85
6 3 274
6 3 41
6 6 271
7 2 278
7 1 178
7 9 244
7 7 56
7 0 240
7 6 299
7 1 79
7 4 276
8 0 30
8 3 212
8 8 241
8 1 129
8 1 104
8 0 115
8 2 117
8 0 221
8 9 96
8 3 182
8 1 196
8 6 291
9 3 8
9 6 13
9 7 9
9 6 256
9 8 264
9 8 84
9 4 109
-1
30
0 1 4
0 8 161
0 5 185
0 3 143
0 2 217
0 8 24
0 8 236
0 1 101
0 3 86
0 6 161
1 5 254
1 4 16
1 6 254
1 0 209
1 4 296
1 1 127
1 5 229
1 2 266
2 8 14
2 4 236
2 5 23
2 9 279
2 8 70
2 0 169
2 7 290
2 3 71
3 9 133
3 9 194
3 3 279
3 7 54
3 7 140
3 0 5
3 2 149
3 1 216
3 9 213
3 9 203
4 7 133
4 3 277
4 5 127
4 9 288
4 0 123
4 5 1
4 2 95
4 4 18
4 8 213
5 9 64
5 9 13
5 5 52
5 1 261
5 7 74
5 4 140
5 6 268
5 4 6
5 9 4
5 5 170
5 3 49
5 0 268
5 6 90
6 4 84
6 9 32
6 9 32
6 5 150
6 6 9
6 0 34
6 7 129
6 9 115
6 4 59
6 2 72
6 6 133
6 4 228
6 8 3
6 2 217
6 2 271
7 7 283
7 2 16
7 3 60
7 4 299
7 6 261
7 1 42
7 0 90
8 0 100
8 5 299
8 4 56
8 7 217
8 4 84
8 2 266
8 6 183
8 3 250
8 0 99
9 7 213
9 5 151
9 1 218
9 6 182
9 3 95
9 0 291
9 7 202
9 0 165
9 4 29
9 1 45
9 7 289
-1
30
0 8 196
0 0 295
0 6 194
0 8 67
0 1 44
0 8 19
0 9 299
0 0 291
0 2 107
0 7 236
0 1 144
0 6 66
0 7 130
0 0 149
1 0 153
1 7 224
1 4 20
1 7 40
1 7 133
1 3 64
1 9 146
1 8 204
2 9 130
2 0 216
2 8 81
2 0 283
2 0 84
2 9 45
2 4 288
2 8 130
2 6 76
2 8 110
2 4 260
2 6 241
2 7 11
2 7 6
3 7 286
3 4 111
3 6 284
3 3 226
3 5 10
3 0 221
3 9 1
3 4 43
3 3 126
4 1 290
4 3 200
4 1 30
4 6 236
4 2 75
5 7 69
5 8 58
5 9 243
5 5 257
5 2 145
5 0 187
5 3 139
5 5 243
5 8 74
5 9 232
5 2 165
5 2 73
5 6 74
5 2 97
5 2 31
6 1 191
6 9 34
6 1 268
6 1 65
6 2 140
6 4 6
6 4 15
7 2 170
7 7 226
7 2 299
7 1 276
7 9 142
7 0 286
7 8 78
7 4 273
7 5 146
7 8 262
7 5 60
8 7 99
8 6 148
8 9 29
8 4 183
8 6 29
8 2 161
8 0 229
8 5 182
8 5 117
8 9 0
8 0 74
8 4 205
8 5 289
9 3 20
9 3 64
9 3 138
9 2 210
9 5 83
9 4 282
9 3 123
9 0 35
9 5 262
9 0 220
9 6 0
9 3 218
9 8 58
9 2 208
-1
30
0 5 177
0 6 221
0 1 264
0 8 128
0 4 226
0 8 122
0 4 155
0 0 136
0 2 280
0 5 263
1 1 280
1 1 69
1 7 176
1 6 197
1 4 240
1 2 93
1 4 148
1 2 251
1 4 191
1 2 192
1 2 265
2 9 29
2 4 44
2 6 149
2 1 156
2 7 191
2 5 7
2 0 298
2 3 147
3 4 234
3 4 36
3 2 273
3 3 133
3 5 88
3 6 110
3 7 155
3 9 145
3 8 212
3 3 185
3 9 199
3 2 236
4 2 218
4 1 213
4 2 236
4 3 180
4 1 218
4 5 134
4 5 234
4 5 53
4 8 122
5 4 77
5 5 218
5 5 10
5 8 266
5 9 248
5 9 238
5 1 85
5 8 259
5 3 253
5 3 197
5 1 240
6 4 181
6 1 266
6 3 294
6 7 124
6 2 60
6 8 104
6 5 196
6 4 160
6 0 12
6 0 58
7 8 38
7 6 177
7 4 259
7 7 107
7 8 246
7 4 137
7 7 6
7 0 232
7 3 110
7 5 39
7 2 23
8 7 40
8 5 123
8 4 239
8 3 273
8 5 64
8 0 31
8 3 56
8 7 257
8 5 56
8 8 115
8 3 134
8 8 258
8 0 198
8 4 13
8 6 11
8 0 242
8 1 269
8 3 2
9 7 139
9 0 61
9 0 132
9 5 7
9 6 92
9 8 143
9 1 296
9 4 266
9 8 87
9 4 144
-1
30
0 1 191
0 9 198
0 0 54
0 7 204
0 5 186
0 1 2
0 1 287
0 7 25
0 8 65
0 6 214
0 2 286
1 8 18
1 0 186
1 8 2
1 4 98
1 4 133
1 9 58
1 3 158
1 2 37
1 2 87
1 4 58
1 6 151
1 6 17
1 0 286
1 2 41
1 0 159
1 0 107
1 6 39
1 6 215
1 4 211
2 1 299
2 3 37
2 8 192
2 9 278
2 9 48
2 5 17
2 7 180
2 9 150
2 6 181
2 5 108
3 7 133
3 4 54
3 5 13
3 3 159
3 2 14
3 1 95
3 3 268
3 1 270
3 3 101
3 2 88
4 4 284
4 3 201
4 7 273
4 9 77
4 5 268
4 4 276
4 3 30
4 0 13
4 5 141
4 1 134
4 8 21
4 4 134
4 0 98
5 9 283
5 8 106
5 1 140
5 7 112
5 1 44
5 5 65
5 1 3
5 2 271
5 5 157
5 0 69
5 2 17
5 7 37
6 2 27
6 5 66
6 2 17
6 2 255
6 8 30
6 8 185
6 4 19
6 1 217
6 3 173
6 7 128
6 3 41
6 6 112
6 5 145
7 9 265
7 6 198
7 2 136
7 1 81
7 7 125
7 7 293
7 1 72
7 0 86
7 1 299
7 3 128
7 8 187
7 8 162
7 5 280
8 3 124
8 5 135
8 8 9
8 4 267
8 9 96
8 1 115
8 7 189
8 6 64
8 7 55
8 9 122
8 3 98
8 4 168
9 4 217
9 7 288
9 9 297
9 3 64
9 9 122
9 0 258
9 2 104
-1
30
0 9 49
0 6 15
0 0 270
0 4 83
0 0 220
0 6 247
0 4 35
0 5 94
0 5 83
1 8 296
1 5 178
1 0 11
1 7 121
1 1 137
1 6 2
1 0 64
1 2 183
1 3 262
1 5 211
1 0 259
1 9 283
1 6 15
1 9 104
1 9 295
2 7 139
2 7 292
2 2 13
2 2 198
2 9 50
2 0 274
2 0 43
2 5 81
2 6 206
3 5 229
3 3 6
3 0 248
3 6 42
3 5 27
3 3 38
3 6 123
3 3 293
3 8 111
3 9 263
3 8 260
3 6 68
3 5 2
3 4 183
4 0 107
4 3 61
4 7 50
4 3 146
4 4 287
4 7 226
4 0 96
4 8 128
4 8 208
4 9 25
4 7 0
4 3 246
4 0 23
4 9 281
4 0 9
5 1 145
5 1 71
5 9 275
5 2 82
5 3 57
5 7 36
5 3 88
5 3 177
5 2 160
5 7 280
5 2 245
5 0 84
5 2 76
5 8 134
5 0 207
6 7 125
6 8 282
6 2 265
6 3 55
6 6 18
6 0 257
6 0 0
6 7 111
6 8 102
7 0 72
7 0 163
7 6 215
7 3 230
7 8 85
7 1 237
7 8 163
8 7 268
8 2 189
8 5 71
8 7 210
8 1 269
8 5 248
8 7 37
8 7 47
8 2 47
8 0 191
8 0 244
8 1 114
8 7 9
8 0 1
8 9 11
8 0 241
9 9 230
9 9 239
9 3 262
9 4 74
9 3 89
9 1 31
9 9 184
9 7 87
9 0 184
9 5 251
9 3 209
-1
30
0 0 73
0 8 5
0 4 74
0 0 213
0 1 128
0 8 247
0 1 188
0 3 190
0 8 123
0 3 229
0 6 5
0 0 162
0 0 54
1 7 142
1 6 252
1 6 287
1 9 138
1 7 202
1 8 31
1 2 66
1 6 236
1 5 268
1 0 6
1 8 69
1 2 296
1 8 38
1 6 155
2 5 215
2 1 80
2 0 157
2 7 13
2 9 255
2 5 172
2 3 116
2 6 1
2 2 28
2 3 103
2 2 90
2 6 241
3 6 48
3 3 158
3 6 8
3 9 115
3 4 164
3 2 121
3 9 211
3 3 137
3 0 45
3 5 297
3 5 253
3 0 188
3 3 118
3 0 272
4 4 273
4 1 195
4 6 39
4 8 38
4 2 196
4 5 264
4 3 121
4 2 171
4 3 66
4 3 213
4 5 223
4 4 127
4 0 6
5 9 214
5 1 228
5 1 299
5 6 23
5 4 261
5 7 220
5 8 146
5 8 126
5 9 42
5 2 113
5 6 39
5 7 154
5 9 27
5 4 49
5 3 14
5 8 179
5 4 218
6 5 78
6 4 260
6 2 264
6 9 219
6 4 42
6 5 51
6 3 204
6 1 45
6 6 251
6 6 137
6 7 140
7 4 29
7 5 206
7 1 29
7 0 117
7 8 174
7 0 200
7 4 273
7 6 4
7 4 158
7 2 217
7 8 75
7 3 62
7 4 151
7 2 198
7 0 271
7 5 20
7 7 245
7 8 192
7 4 247
7 7 18
7 5 2
8 0 224
8 5 47
8 8 267
8 9 278
8 0 250
8 6 214
9 9 296
9 9 145
9 9 100
9 9 69
9 9 162
9 1 185
9 4 176
9 8 87
9 8 4
-1
30
0 8 274
0 5 117
0 0 115
0 3 42
0 5 235
0 9 119
0 5 54
0 6 277
0 9 11
0 1 28
0 8 63
0 2 137
0 9 178
0 6 8
0 2 271
0 1 167
0 8 147
1 3 277
1 6 99
1 4 61
1 2 14
1 1 109
1 2 48
1 8 68
1 9 295
1 4 222
1 7 112
1 2 283
1 5 264
1 9 86
1 4 161
1 4 62
1 1 139
2 2 94
2 7 126
2 5 109
2 8 180
2 2 256
2 6 266
2 0 59
2 7 96
2 0 107
2 1 10
2 6 65
2 6 131
2 6 23
3 1 249
3 5 1
3 0 1
3 8 23
3 6 178
3 5 38
3 0 234
3 6 206
3 0 295
3 2 185
3 4 113
3 3 94
4 1 265
4 8 29
4 1 244
4 7 247
4 1 29
4 4 110
4 5 90
4 5 199
4 0 177
5 5 199
5 6 27
5 1 105
5 7 97
5 2 90
5 3 238
5 1 10
5 3 276
5 9 119
5 1 92
5 7 69
5 0 79
6 3 290
6 7 28
6 9 208
6 2 203
6 6 134
6 6 66
6 5 76
6 6 158
6 2 99
6 2 155
6 5 279
6 8 72
6 7 279
6 9 64
6 6 183
7 3 84
7 2 136
7 1 98
7 1 176
7 5 47
7 8 168
7 3 139
7 1 141
7 0 197
7 0 55
7 1 196
7 7 150
7 6 10
8 9 244
8 0 88
8 2 179
8 0 120
8 0 116
8 5 258
8 2 251
8 2 19
8 3 280
8 2 155
8 5 43
8 2 110
8 1 69
8 0 137
9 6 246
9 9 201
9 7 282
9 9 275
9 4 263
9 9 280
9 2 213
9 3 102
9 1 252
-1
30
0 3 70
0 7 32
0 2 236
0 4 193
0 9 211
0 8 14
0 6 138
0 8 99
0 4 93
0 0 214
0 3 281
1 1 284
1 8 188
1 1 258
1 0 35
1 1 294
1 2 192
1 2 174
1 0 12
1 9 225
1 3 206
1 1 224
1 7 122
1 4 254
1 3 22
1 0 92
1 2 87
1 9 258
2 0 30
2 5 204
2 2 216
2 1 48
2 8 230
3 1 11
3 6 222
3 6 169
3 3 174
3 2 0
3 8 125
3 3 290
3 3 258
3 2 37
3 2 113
3 3 108
3 1 78
3 8 127
3 2 156
4 3 137
4 5 48
4 2 12
4 9 93
4 4 105
4 4 132
4 6 150
4 3 71
4 3 213
4 8 186
4 2 7
4 5 238
4 0 232
4 3 110
4 3 1
5 0 5
5 9 171
5 0 113
5 3 84
5 0 278
5 3 153
5 3 144
5 3 208
5 2 183
5 4 170
5 0 283
5 2 178
5 3 17
6 7 83
6 6 136
6 3 80
6 4 140
6 2 161
6 6 143
6 9 159
6 4 113
6 4 48
6 9 255
6 8 107
6 7 119
6 1 179
6 9 249
6 5 30
6 5 265
6 0 58
7 8 116
7 3 233
7 5 291
7 6 19
7 1 234
7 5 249
7 2 194
7 8 299
7 8 31
7 5 19
7 5 270
7 5 223
7 0 299
7 9 244
7 0 124
7 0 6
7 0 279
8 0 117
8 8 224
8 5 194
8 5 115
8 2 256
8 7 220
8 2 134
8 7 48
8 6 104
8 1 243
8 8 29
8 0 122
8 8 152
8 2 247
8 9 57
8 0 52
8 1 36
8 5 31
9 2 226
9 9 182
9 1 72
9 1 184
9 9 170
9 7 79
9 7 110
9 4 142
9 2 13
9 2 200
9 7 264
9 2 11
9 9 65
-1
30
0 4 15
0 7 204
0 4 95
0 4 105
0 1 222
0 2 23
0 6 219
0 5 77
0 8 85
0 0 144
0 7 149
0 0 43
0 2 153
1 2 170
1 9 213
1 0 275
1 2 104
1 9 118
1 5 39
1 6 25
1 2 146
1 0 215
1 0 260
1 0 124
1 3 169
1 9 189
1 0 275
2 8 141
2 7 180
2 2 275
2 4 97
2 0 248
2 9 180
2 7 97
2 0 82
2 1 245
2 6 103
2 1 151
2 5 17
2 0 0
2 1 204
2 1 250
2 4 293
2 4 257
2 1 65
2 9 130
2 8 137
2 0 14
2 2 37
2 4 145
2 6 83
3 5 19
3 0 236
3 7 271
3 6 55
3 4 80
3 5 274
3 7 144
3 7 107
3 4 74
3 8 239
3 5 218
3 0 74
3 9 135
3 0 166
4 7 268
4 4 148
4 0 131
4 9 96
4 9 97
4 3 267
4 7 290
4 9 44
4 4 88
4 9 40
4 3 197
5 9 207
5 5 299
5 9 99
5 1 242
5 1 73
5 8 166
5 9 270
5 6 125
5 6 287
5 8 229
5 1 119
5 6 246
5 5 202
5 5 76
5 8 204
6 7 103
6 3 7
6 5 26
6 5 103
6 2 285
6 8 150
6 1 114
6 7 199
6 4 214
7 7 48
7 8 97
7 4 38
7 8 260
7 6 295
7 2 63
7 8 212
7 8 283
7 0 54
8 8 210
8 6 295
8 6 57
8 1 156
8 6 257
8 2 13
8 8 256
8 3 126
8 8 280
8 2 82
8 9 217
8 8 247
8 1 196
8 3 175
8 2 261
8 3 285
8 6 239
8 9 98
8 4 117
9 2 244
9 9 200
9 1 254
9 3 30
9 7 274
9 6 239
9 4 203
9 9 232
9 6 125
9 3 38
9 8 108
9 6 170
-1
30
0 0 158
0 0 53
0 6 236
0 9 126
0 3 100
0 5 200
0 6 124
0 4 99
0 9 290
0 5 39
0 9 101
0 2 165
0 3 46
0 2 198
1 8 103
1 3 53
1 0 168
1 1 123
1 7 233
1 1 204
1 8 94
1 6 283
1 2 13
2 7 84
2 2 155
2 1 235
2 7 230
2 8 124
2 1 182
2 9 126
2 1 144
2 7 11
2 2 124
2 4 254
2 7 191
2 6 179
2 9 77
2 3 236
2 8 161
2 3 63
2 4 192
3 8 289
3 2 164
3 8 57
3 1 268
3 5 294
3 5 1
3 3 260
3 1 19
3 8 46
3 6 211
3 0 288
3 1 207
3 1 63
3 6 185
3 2 64
4 2 229
4 3 123
4 3 64
4 9 107
4 0 225
4 5 65
4 9 20
4 2 66
4 7 298
4 0 255
4 9 237
4 0 59
4 1 205
4 8 206
4 3 56
4 8 124
5 4 192
5 7 146
5 3 190
5 3 170
5 6 249
5 6 54
5 5 216
5 9 169
5 0 185
5 2 28
5 0 203
5 5 142
5 6 18
5 1 146
5 6 94
6 3 70
6 4 199
6 0 191
6 3 143
6 3 162
6 0 83
6 4 142
6 8 236
6 0 123
6 0 230
6 0 271
6 3 172
6 1 20
6 4 209
6 7 256
7 3 100
7 8 12
7 2 145
7 7 277
7 8 274
7 3 65
7 4 274
7 8 119
7 6 204
7 4 57
7 3 172
7 3 130
8 5 257
8 1 153
8 0 78
8 6 194
8 4 72
8 8 89
8 4 23
8 3 30
8 1 283
8 5 181
8 1 288
8 5 211
8 1 92
8 1 7
8 0 253
8 3 205
8 6 143
8 7 103
8 4 200
8 8 197
8 4 201
8 5 142
8 9 265
9 1 223
9 9 90
9 6 186
9 8 228
9 2 172
9 7 187
9 4 46
9 8 107
9 1 143
9 7 210
9 7 216
9 5 165
9 3 294
-1
30
0 3 28
0 0 185
0 9 40
0 5 260
0 7 143
0 8 183
0 9 21
0 1 233
0 6 7
0 1 173
0 7 179
0 8 203
0 0 243
0 7 29
0 8 253
0 3 50
1 6 284
1 3 171
1 2 222
1 3 260
1 3 91
1 5 112
1 9 243
1 5 199
1 3 67
1 0 259
1 7 289
1 0 84
1 7 147
1 1 161
1 9 266
1 1 235
1 4 28
2 8 169
2 1 167
2 0 174
2 7 282
2 1 82
2 3 131
2 3 192
2 0 129
2 9 293
2 3 84
2 1 81
2 4 10
2 5 227
3 2 213
3 4 294
3 9 161
3 4 53
3 7 79
3 0 233
3 1 58
3 3 84
3 3 299
3 4 9
3 7 28
3 7 218
3 5 46
3 3 127
3 0 169
3 1 247
3 7 18
3 5 71
3 9 186
4 9 178
4 6 98
4 9 208
4 2 0
4 2 207
4 0 247
4 5 71
4 6 282
4 6 184
4 7 180
4 8 282
4 4 191
4 5 101
4 0 166
5 2 162
5 9 112
5 3 116
5 8 92
5 0 239
5 5 59
5 5 151
6 4 110
6 8 189
6 6 193
6 1 86
6 6 170
6 4 89
6 3 74
6 8 18
6 3 63
6 0 195
6 3 76
6 4 39
6 2 146
7 4 26
7 1 289
7 2 203
7 8 281
7 5 249
7 6 79
7 1 280
7 5 53
7 1 18
7 8 54
7 3 4
7 3 261
7 2 207
7 7 214
7 4 227
7 2 224
7 7 61
7 4 92
8 5 205
8 7 288
8 3 56
8 3 13
8 7 210
8 5 289
8 7 61
8 0 240
8 7 54
8 7 171
8 1 246
8 0 241
8 1 109
8 2 107
8 7 299
8 3 56
8 6 181
8 2 284
9 8 180
9 3 271
9 3 30
9 4 10
9 1 179
9 8 132
9 4 153
9 4 205
9 6 4
9 3 223
9 4 201
9 2 290
9 6 240
9 3 60
9 7 216
-1
30
0 6 97
0 4 17
0 7 170
0 5 87
0 5 52
0 8 226
0 9 128
0 9 43
0 6 127
0 2 62
0 3 147
1 3 152
1 7 98
1 3 219
1 6 251
1 3 191
1 0 240
1 2 185
1 6 143
1 4 121
1 0 131
1 0 112
1 1 179
1 5 280
1 7 151
2 2 71
2 3 113
2 5 264
2 9 88
2 2 235
2 8 70
2 6 260
2 9 212
2 5 109
2 6 44
2 2 114
2 7 64
2 9 114
3 9 195
3 4 7
3 0 18
3 5 75
3 6 197
3 7 237
3 6 125
3 0 188
3 2 40
3 3 104
3 9 169
3 8 193
3 5 63
3 2 110
3 1 165
3 4 23
4 9 236
4 4 223
4 9 160
4 3 8
4 4 110
4 5 153
4 1 92
4 3 20
4 4 141
4 5 250
4 9 43
4 2 59
4 0 89
4 6 123
4 0 279
4 2 180
4 1 217
4 9 296
4 3 109
4 7 155
4 3 171
4 0 148
5 3 218
5 1 147
5 4 261
5 8 198
5 1 113
5 6 263
5 6 119
5 0 182
5 7 188
5 5 265
5 9 49
5 0 123
5 1 254
5 2 246
5 8 90
5 5 234
5 3 199
6 8 116
6 1 169
6 6 106
6 6 76
6 3 157
6 9 148
6 2 178
6 7 234
6 8 39
6 5 28
6 4 11
6 6 27
6 7 282
6 5 191
6 2 255
6 3 149
7 4 268
7 1 180
7 2 175
7 8 130
7 1 160
7 5 3
7 8 149
7 0 14
7 2 211
7 9 190
7 2 263
7 3 274
7 2 210
7 3 205
7 7 129
7 4 199
7 6 189
7 0 226
7 1 15
7 2 236
8 9 34
8 4 214
8 8 135
8 9 84
8 8 290
8 8 15
8 3 173
8 6 291
8 7 16
8 2 246
8 0 152
8 1 139
8 8 101
8 8 250
8 0 24
9 4 242
9 4 122
9 0 131
9 1 254
9 6 3
9 7 191
9 5 211
9 4 84
9 8 239
9 2 63
9 2 19
9 6 88
9 5 86
9 4 101
9 1 97
9 4 215
-1
30
0 9 219
0 5 2
0 6 214
0 8 46
0 9 116
0 5 64
0 3 10
0 9 282
0 0 233
0 3 73
0 1 77
0 8 81
0 4 103
0 5 145
0 6 96
0 1 157
0 4 235
0 0 93
0 3 289
0 5 76
0 5 278
0 3 25
1 2 145
1 5 128
1 8 272
1 3 63
1 8 129
1 5 123
1 9 148
1 0 289
1 7 196
1 5 75
1 2 31
1 3 153
1 4 121
2 2 28
2 2 22
2 4 171
2 5 16
2 7 52
2 7 107
2 3 214
2 7 46
2 2 278
2 9 246
2 2 233
2 3 280
2 6 106
2 8 269
2 2 216
3 5 100
3 2 136
3 8 50
3 1 245
3 6 87
3 2 212
3 3 33
3 3 67
3 6 29
3 0 288
3 2 216
3 6 207
3 2 169
3 3 46
3 4 195
3 8 204
3 5 30
3 1 292
3 8 121
4 3 252
4 7 185
4 0 42
4 2 42
4 1 291
4 8 152
4 8 277
4 0 210
4 6 294
4 8 290
4 9 61
5 9 99
5 3 198
5 3 202
5 3 280
5 4 279
5 8 19
5 4 205
5 8 274
5 9 293
5 8 175
5 9 164
5 4 271
5 5 51
5 0 84
5 5 152
5 4 283
5 5 59
5 6 91
5 2 60
6 5 138
6 7 298
6 3 292
6 4 242
6 6 183
6 5 264
6 0 223
6 0 204
6 6 274
6 6 160
6 2 86
6 0 132
6 0 278
6 6 214
6 1 85
6 6 91
6 2 174
6 1 37
6 0 21
6 3 57
6 5 188
6 5 167
6 2 111
7 9 188
7 6 115
7 4 216
7 0 279
7 3 220
7 4 16
7 0 42
7 5 200
7 3 188
8 6 144
8 3 168
8 5 158
8 9 114
8 2 258
8 3 51
8 8 99
8 2 215
8 0 178
8 8 26
8 4 99
8 4 30
8 1 58
8 3 252
8 1 187
8 1 122
8 0 115
8 9 233
9 8 40
9 8 100
9 0 159
9 1 246
9 3 108
9 7 144
9 1 127
9 1 43
9 0 295
9 3 247
9 8 159
-1
30
0 4 212
0 0 22
0 1 198
0 5 168
0 6 10
0 6 21
0 6 198
0 9 97
0 4 226
0 1 5
0 6 242
0 8 237
0 2 130
0 8 10
1 1 121
1 8 71
1 9 77
1 6 234
1 1 79
1 5 132
1 6 46
1 4 144
1 6 225
1 7 8
1 7 136
1 4 61
1 2 48
1 2 90
2 9 156
2 9 165
2 7 255
2 2 44
2 5 88
2 8 104
2 0 26
2 9 298
2 7 34
2 0 31
2 9 249
2 6 167
2 6 227
2 3 102
2 2 36
2 9 289
2 3 262
2 2 166
2 7 258
2 6 38
2 0 252
3 0 236
3 8 118
3 1 294
3 1 140
3 2 138
3 4 111
3 0 152
3 6 136
3 6 25
3 0 184
3 0 215
3 2 259
3 0 245
3 0 215
3 8 60
4 9 6
4 3 40
4 7 50
4 3 136
4 8 21
4 7 30
4 9 63
4 9 36
4 2 80
4 1 229
4 6 229
4 9 52
4 4 58
4 8 174
4 7 170
4 5 149
4 0 63
5 0 215
5 4 253
5 0 43
5 4 57
5 5 106
5 0 5
5 2 38
5 1 69
5 6 46
5 0 35
5 8 33
5 1 77
5 5 123
5 6 217
5 3 22
5 8 282
5 8 49
6 4 175
6 1 19
6 9 289
6 6 210
6 9 260
6 6 23
6 4 254
6 2 55
6 7 213
6 8 16
6 3 127
6 0 162
6 8 229
6 6 195
6 6 294
6 8 154
6 7 51
6 7 108
7 3 253
7 6 138
7 6 262
7 7 62
7 4 160
7 8 188
7 5 106
7 9 17
7 7 118
7 6 131
7 3 208
7 0 270
7 2 253
7 9 182
7 1 68
7 2 173
7 3 105
7 4 88
7 9 18
7 0 259
7 9 244
7 1 187
7 5 55
8 9 291
8 7 283
8 8 284
8 4 265
8 7 183
8 6 78
8 0 270
8 6 262
8 2 250
8 6 178
8 4 120
8 4 175
8 3 47
8 2 27
8 9 113
8 4 198
8 3 117
9 9 192
9 8 178
9 2 14
9 1 294
9 0 65
9 0 150
9 0 81
9 6 71
9 6 50
9 6 111
9 9 115
9 1 44
9 6 157
9 5 160
-1
30
0 4 41
0 6 121
0 8 105
0 7 170
0 2 60
0 6 211
0 3 242
0 0 187
0 1 57
0 4 103
0 4 25
0 6 263
0 3 240
0 9 273
0 8 169
0 9 45
0 1 70
0 5 187
0 5 74
0 0 31
0 6 43
1 5 124
1 7 15
1 4 153
1 7 212
1 1 31
1 9 289
1 3 25
1 0 200
2 1 141
2 3 262
2 3 219
2 2 274
2 7 206
2 3 199
2 3 256
2 7 27
2 7 252
2 6 223
2 2 67
2 6 244
2 4 55
2 0 172
3 5 212
3 7 20
3 5 179
3 9 205
3 5 239
3 1 148
3 0 185
3 5 58
3 2 158
3 9 199
3 6 45
3 8 29
3 9 175
3 7 164
3 5 27
3 7 221
3 9 228
3 5 14
3 2 186
3 8 194
3 9 104
4 2 253
4 6 260
4 2 66
4 1 59
4 5 94
4 9 28
4 0 187
4 4 37
4 4 272
4 8 227
4 1 86
4 5 230
4 7 224
5 5 27
5 5 15
5 7 52
5 9 195
5 9 152
5 8 198
5 1 114
5 4 90
5 6 244
5 7 251
5 1 220
5 9 291
5 4 0
5 5 97
5 3 228
5 1 242
5 5 275
6 3 164
6 6 256
6 8 213
6 6 205
6 3 39
6 5 280
6 6 62
6 1 60
6 1 211
6 5 242
6 1 158
7 0 234
7 5 60
7 5 178
7 5 285
7 0 236
7 9 121
7 4 0
7 0 64
7 1 95
7 4 243
7 7 149
7 3 85
7 5 278
7 5 239
7 9 46
7 9 43
7 5 249
7 6 216
7 9 60
7 3 63
8 5 261
8 7 100
8 6 247
8 4 10
8 3 72
8 1 175
8 9 68
8 6 225
8 4 56
8 8 33
8 4 182
8 2 237
8 3 197
8 8 103
8 6 74
8 7 77
8 1 289
8 3 36
8 9 69
8 6 188
8 0 22
8 8 18
8 2 227
8 5 171
8 3 178
8 4 295
8 1 37
9 7 210
9 1 39
9 8 36
9 8 97
9 2 108
9 6 287
9 7 234
9 7 187
9 2 247
9 6 184
9 1 117
9 1 255
9 0 188
9 5 40
9 1 228
9 5 59
9 6 115
9 8 103
-1
30
0 6 77
0 1 187
0 0 166
0 4 160
0 2 272
0 4 240
0 4 63
0 1 156
0 6 147
0 0 106
0 7 245
0 2 169
0 2 243
0 8 129
0 5 213
0 6 145
0 4 190
0 7 29
0 2 26
1 8 223
1 3 199
1 9 57
1 7 95
1 5 136
1 9 142
1 8 244
1 5 126
1 4 98
1 5 12
1 2 13
1 4 182
1 4 44
1 7 72
1 7 281
1 2 176
1 7 142
1 5 124
1 5 175
1 4 299
1 6 288
2 0 244
2 0 70
2 5 97
2 6 85
2 6 251
2 2 105
2 6 87
2 5 49
2 7 160
2 5 55
2 1 111
2 0 63
2 6 138
2 9 76
2 4 86
2 3 249
2 1 194
3 9 11
3 6 91
3 4 186
3 2 83
3 0 243
3 5 64
3 6 143
3 1 7
3 5 178
3 0 23
3 9 277
3 9 176
3 7 179
3 1 202
3 4 127
3 7 48
4 9 38
4 0 224
4 6 271
4 6 204
4 8 247
4 3 19
4 0 60
4 5 52
4 4 247
4 4 245
4 3 152
4 6 169
4 3 291
5 5 277
5 7 294
5 2 2
5 5 37
5 3 184
5 3 266
5 0 39
5 9 262
5 2 9
5 6 45
5 7 12
5 1 75
5 6 7
5 0 23
5 6 49
5 3 114
5 5 248
5 3 211
6 6 186
6 2 212
6 9 122
6 0 35
6 2 112
6 7 14
6 9 8
6 5 26
6 5 103
6 9 229
6 9 153
6 9 144
6 8 155
6 6 52
7 5 180
7 8 225
7 9 95
7 2 128
7 7 264
7 5 64
7 9 57
7 4 132
7 5 28
7 2 62
7 1 107
7 4 93
7 2 84
7 8 294
7 4 149
7 2 216
7 7 11
7 9 88
7 6 259
7 6 212
7 5 141
8 6 108
8 2 105
8 6 268
8 1 3
8 7 101
8 5 126
8 1 117
8 2 63
8 8 259
8 8 122
8 0 63
8 1 249
8 0 3
8 7 260
8 2 199
8 9 208
8 1 292
8 3 276
8 7 198
8 6 167
8 0 91
9 6 84
9 2 250
9 4 255
9 3 63
9 7 47
9 4 20
9 9 237
9 8 69
9 1 74
9 8 280
9 5 213
9 9 273
9 1 182
9 9 95
9 0 89
9 4 236
9 5 35
9 5 129
9 5 3
9 0 261
-1
30
0 3 141
0 1 248
0 5 4
0 0 259
0 9 188
0 5 137
0 6 252
0 0 146
0 4 229
0 3 151
0 2 217
0 4 53
0 7 198
0 0 291
0 2 14
0 1 298
0 1 187
0 2 235
0 5 67
0 2 215
1 7 182
1 2 242
1 6 236
1 6 92
1 7 84
1 0 167
1 4 135
1 0 12
1 1 296
1 0 225
1 9 244
1 7 46
1 9 264
1 0 240
1 6 142
1 2 144
2 1 202
2 4 72
2 2 9
2 2 252
2 9 62
2 2 130
2 8 8
2 0 272
2 1 229
2 4 3
2 0 0
2 7 137
2 3 111
2 2 203
2 1 75
2 0 185
2 5 88
2 5 19
2 6 147
2 1 144
2 6 226
2 7 119
3 3 249
3 3 260
3 9 198
3 7 291
3 4 142
3 9 203
3 7 159
3 5 163
3 6 57
3 5 178
3 6 47
3 0 135
3 4 6
3 7 236
3 5 287
3 6 104
3 5 292
3 1 123
3 1 92
3 5 18
3 3 4
3 9 282
3 0 271
3 8 232
3 7 77
3 3 297
3 2 258
3 3 121
4 7 162
4 1 31
4 9 141
4 4 250
4 0 223
4 5 185
4 3 26
4 3 219
4 8 116
4 7 196
4 8 7
4 9 107
5 2 7
5 5 279
5 4 69
5 3 58
5 7 93
5 8 26
5 6 7
5 5 47
5 2 106
5 1 256
5 5 49
5 3 294
6 4 11
6 9 165
6 5 183
6 3 277
6 4 145
6 0 122
6 2 92
6 4 17
6 4 90
6 1 3
6 5 103
6 8 47
6 8 187
6 2 45
6 1 15
6 6 158
6 0 210
7 1 201
7 5 40
7 9 177
7 6 244
7 0 19
7 3 51
7 1 96
7 8 258
7 1 242
7 7 203
8 4 99
8 6 83
8 2 262
8 1 192
8 2 43
8 2 24
8 3 206
8 4 126
8 3 153
8 2 53
8 6 288
8 6 21
8 9 55
8 7 17
8 5 244
8 0 287
8 1 174
8 2 169
8 8 34
8 4 97
8 6 196
8 9 287
8 7 135
8 1 288
8 5 109
8 0 279
8 2 151
8 6 16
8 1 81
9 3 81
9 1 141
9 9 277
9 1 216
9 4 70
9 6 177
9 7 234
9 6 175
9 6 299
9 2 283
9 6 60
9 6 293
9 4 189
9 8 163
-1
30
0 2 26
0 8 282
0 6 100
0 9 87
0 4 76
0 1 59
0 2 179
0 8 188
0 7 251
0 7 192
0 8 164
0 3 265
0 1 202
0 8 251
0 4 288
0 8 51
1 4 105
1 4 112
1 8 273
1 5 264
1 6 75
1 6 266
1 6 146
1 4 266
1 3 195
1 6 7
1 2 139
1 5 252
1 0 278
1 3 162
1 2 69
1 1 269
1 7 78
1 7 90
1 0 57
1 3 103
1 5 7
1 2 14
1 1 80
1 0 168
2 6 206
2 8 101
2 4 105
2 9 77
2 9 245
2 1 140
2 1 128
2 2 166
2 9 46
2 1 175
2 9 82
2 9 155
2 0 176
2 5 268
2 7 49
2 3 2
2 8 231
3 0 214
3 0 224
3 9 117
3 2 184
3 9 161
3 1 175
3 4 262
3 0 209
3 1 197
3 9 188
3 1 199
3 1 153
3 2 61
3 5 164
3 4 216
3 4 0
3 8 106
3 6 271
4 9 203
4 1 203
4 6 49
4 8 235
4 1 164
4 7 126
4 6 196
4 4 141
4 9 230
4 0 31
4 0 132
4 7 227
4 2 141
4 7 158
4 6 299
4 9 197
4 9 114
4 6 269
4 1 224
4 8 225
5 7 41
5 6 212
5 9 48
5 4 236
5 6 88
5 7 236
5 0 211
5 7 257
5 7 26
5 1 142
5 0 102
5 5 136
5 4 291
5 4 48
5 3 141
5 0 103
6 1 170
6 1 294
6 7 61
6 5 226
6 7 140
6 6 111
6 6 241
6 0 56
6 4 274
6 0 107
6 5 181
6 6 122
6 6 91
6 1 190
6 6 203
6 5 126
6 1 122
6 5 41
7 5 193
7 5 271
7 7 181
7 1 116
7 8 105
7 2 52
7 3 242
7 5 116
7 8 231
7 4 47
7 3 269
7 1 278
7 7 55
7 9 180
7 9 124
7 3 40
7 8 31
7 7 230
7 1 67
7 0 74
8 8 29
8 0 153
8 7 154
8 2 52
8 4 277
8 3 238
8 4 242
8 0 85
8 3 297
8 0 80
8 8 217
8 7 99
8 4 98
8 9 186
8 4 44
8 9 265
8 4 184
8 8 23
9 7 290
9 1 258
9 5 136
9 7 245
9 9 279
9 8 180
9 4 27
9 8 18
9 5 165
9 2 208
9 8 67
9 6 247
9 8 24
9 8 298
9 2 283
9 2 12
9 8 77
9 0 0
9 7 74
9 5 263
9 9 213
9 4 98
9 1 217
-1
30
0 5 145
0 6 126
0 6 9
0 8 243
0 1 216
0 1 227
0 4 190
0 7 91
0 2 83
0 0 290
0 9 174
0 5 3
0 4 11
0 4 269
0 1 41
0 2 204
0 4 29
0 3 54
0 7 89
0 8 36
0 4 239
0 7 69
0 0 160
1 7 105
1 3 169
1 7 16
1 2 170
1 7 256
1 9 148
1 8 255
1 6 207
1 9 172
1 7 145
1 2 160
1 0 33
1 7 87
1 9 293
2 4 175
2 6 167
2 8 142
2 9 206
2 4 190
2 7 121
2 5 114
2 5 273
2 7 124
2 4 286
2 7 23
2 6 239
2 8 178
2 2 295
2 6 143
3 3 28
3 9 56
3 7 213
3 7 249
3 6 288
3 5 133
3 8 153
3 9 176
3 2 83
3 7 86
3 5 197
3 5 267
3 8 144
3 8 57
3 2 75
3 2 237
3 6 292
3 0 55
3 3 9
3 6 10
4 2 31
4 1 159
4 2 151
4 5 251
4 3 132
4 1 195
4 6 296
4 8 254
4 7 59
4 0 270
4 2 0
4 1 14
4 9 231
4 6 293
4 5 94
4 0 24
4 9 208
5 3 157
5 7 169
5 6 219
5 2 1
5 6 91
5 0 129
5 7 105
5 1 160
5 1 135
5 3 146
5 9 230
5 2 12
5 5 255
5 5 216
5 0 225
5 7 203
5 5 20
5 2 151
5 8 226
5 7 166
5 2 71
5 5 150
5 6 69
5 3 96
5 4 55
6 0 127
6 8 74
6 8 98
6 5 206
6 9 144
6 4 94
6 7 158
6 1 61
6 9 125
6 1 212
6 2 24
6 6 3
6 3 172
6 9 21
6 2 299
6 0 153
6 8 110
7 9 62
7 0 90
7 3 111
7 4 234
7 0 230
7 1 287
7 0 106
7 1 32
7 9 45
7 3 134
7 5 209
7 4 123
7 9 91
7 3 296
7 4 71
7 7 86
7 4 68
7 6 11
7 8 6
7 7 239
7 4 241
7 2 180
7 0 201
7 0 1
8 8 183
8 5 30
8 7 255
8 4 197
8 3 202
8 2 204
8 4 278
8 0 118
8 1 67
8 0 80
8 8 270
8 1 36
8 0 110
8 9 8
8 5 27
8 4 51
8 4 61
8 1 254
8 3 135
8 3 101
8 4 77
9 5 171
9 9 258
9 3 31
9 8 227
9 8 127
9 8 214
9 3 174
9 3 295
9 1 62
9 7 107
9 8 197
9 4 20
9 1 154
9 7 174
-1
-2
