300
-1
300
-1
300
8 83 174
10 44 71
11 25 128
34 16 216
42 28 30
68 24 154
81 79 292
86 2 48
97 91 96
97 54 33
-1
300
14 95 221
14 59 267
23 40 133
51 63 21
54 88 239
56 12 197
81 12 70
91 1 259
91 68 201
99 68 203
-1
300
2 49 149
6 96 130
9 36 293
10 35 128
11 87 174
24 83 198
36 29 61
39 88 275
41 68 194
55 92 104
62 64 244
64 80 15
74 94 294
78 75 160
79 45 134
84 70 81
85 19 47
89 58 162
89 25 8
90 64 5
-1
300
3 33 268
4 24 139
6 61 29
12 90 135
13 71 93
19 84 61
24 84 207
27 10 32
29 41 277
40 76 296
41 10 2
60 57 269
71 56 196
72 5 153
75 77 146
78 66 286
94 74 21
94 93 295
95 79 66
96 47 32
-1
300
0 44 186
1 42 41
7 14 100
7 73 248
10 57 17
16 10 113
17 99 102
23 0 289
27 5 145
43 19 54
52 83 72
52 6 17
58 13 79
64 89 92
68 77 228
73 57 142
75 94 263
76 52 105
78 19 181
80 89 178
81 77 49
83 11 276
86 2 238
88 6 62
90 40 115
90 6 168
90 22 200
94 49 164
95 97 115
97 94 13
-1
300
1 21 249
3 30 103
7 59 56
12 10 198
16 71 11
19 80 80
26 11 19
27 83 98
30 40 264
33 93 278
34 17 60
39 42 161
39 65 177
50 62 220
56 73 183
63 4 213
65 93 60
65 17 102
68 78 228
74 82 276
78 28 86
80 87 103
80 88 91
85 57 96
85 26 109
88 77 142
88 56 296
90 92 170
96 82 90
97 63 102
-1
300
4 16 177
4 85 201
6 98 87
9 23 218
9 18 157
10 83 230
10 88 151
10 58 184
14 68 12
15 50 53
15 7 104
18 37 183
21 36 85
23 96 195
23 73 252
25 1 15
33 19 68
34 94 293
36 54 18
41 2 289
47 85 257
50 82 46
50 19 178
63 92 297
63 54 113
63 11 176
65 88 53
72 49 187
83 98 192
84 7 95
85 24 131
85 9 11
87 28 179
91 53 242
91 78 78
93 40 95
93 87 152
94 82 130
96 72 224
98 32 3
-1
300
0 97 215
7 89 63
8 28 76
9 18 53
12 81 253
13 44 211
14 12 44
15 64 113
15 90 3
18 21 249
19 80 169
19 36 258
22 75 24
23 66 222
24 64 109
29 15 67
31 4 168
32 86 144
34 42 249
34 78 10
36 49 186
40 65 203
49 78 154
50 60 161
52 56 85
52 70 127
53 75 265
59 99 37
60 81 252
64 19 229
68 5 109
71 80 241
74 17 36
77 89 9
86 34 297
88 41 68
90 30 187
91 77 21
95 58 24
98 31 223
-1
300
0 49 283
5 3 135
10 13 93
11 27 30
11 93 117
12 59 221
13 75 131
18 42 184
20 81 280
20 55 143
29 84 169
33 61 93
33 28 2
33 24 162
35 5 253
35 85 163
35 13 62
36 53 18
36 81 66
38 99 10
39 53 298
40 55 69
46 37 39
47 77 294
48 89 264
52 34 95
53 28 260
54 47 17
54 58 173
55 49 144
63 46 122
66 10 160
70 0 139
71 65 281
72 86 56
72 44 40
75 83 165
76 15 85
78 70 171
79 35 230
81 39 258
81 96 253
82 41 159
83 32 96
84 15 197
87 59 132
88 8 294
90 71 17
94 68 81
96 30 118
-1
300
2 83 10
5 16 84
7 47 52
9 55 86
10 60 39
12 25 29
14 84 145
16 75 111
16 67 128
17 48 244
18 31 137
18 4 185
19 71 201
19 14 248
22 88 219
22 12 71
25 86 204
27 40 207
27 55 261
28 65 97
33 97 206
38 89 271
38 62 107
41 90 249
43 42 101
43 5 189
43 8 74
50 66 208
51 61 273
53 69 212
56 53 232
56 65 127
58 65 162
61 12 35
63 7 22
64 36 115
64 79 82
69 24 212
72 45 276
72 78 123
73 5 112
73 53 247
75 81 106
77 55 124
78 83 108
79 96 119
80 52 288
82 15 134
98 51 230
99 85 143
-1
300
0 54 7
3 54 71
4 12 72
5 46 235
6 56 163
11 60 86
13 53 7
17 23 8
17 66 171
19 56 84
20 54 6
23 77 197
26 18 241
29 55 296
30 45 13
35 41 6
37 58 274
40 64 74
41 6 255
43 42 139
44 33 159
45 80 119
45 27 268
46 88 102
46 60 76
48 71 163
48 7 91
49 37 253
50 61 97
51 87 55
52 90 226
54 60 178
56 0 33
57 42 110
58 12 23
65 95 83
66 60 125
66 42 186
67 75 25
68 65 122
69 5 119
72 4 178
73 65 84
75 33 118
76 0 19
76 90 98
78 38 204
79 32 198
79 72 270
81 3 19
84 77 220
90 57 99
91 81 166
92 96 42
93 6 25
95 37 55
97 37 216
97 31 69
97 9 293
97 1 72
-1
300
4 44 244
4 50 13
6 83 127
9 1 22
13 72 223
15 31 164
17 66 93
19 75 208
21 30 259
22 72 91
23 53 70
23 5 280
24 85 22
24 2 269
27 86 248
27 81 184
29 91 290
31 84 258
34 39 105
35 6 37
35 92 116
37 64 123
40 30 183
42 21 285
42 87 206
42 87 226
44 43 137
47 46 104
49 67 4
52 39 104
53 86 109
53 97 143
53 65 40
55 11 249
62 40 112
63 29 228
64 25 153
66 86 114
67 79 120
70 86 192
72 16 298
72 79 230
72 87 88
73 86 50
75 41 236
85 80 262
86 31 152
86 45 61
87 18 209
87 62 74
88 64 127
88 90 40
88 58 79
93 0 7
94 70 100
95 82 189
96 32 258
97 15 222
99 56 117
99 14 172
-1
300
0 27 192
2 24 154
3 94 111
5 78 161
8 17 107
9 54 291
11 74 51
12 64 157
12 5 157
12 5 282
14 24 29
14 64 291
14 68 49
17 41 282
18 30 43
19 60 86
19 32 135
20 49 104
25 75 105
26 81 117
27 15 176
27 70 104
29 2 216
30 48 295
32 42 126
33 88 194
36 9 238
37 53 118
40 10 1
42 10 85
42 72 247
43 84 52
45 77 258
47 63 0
49 12 279
50 97 76
52 23 225
53 56 3
55 18 108
58 77 23
59 81 196
60 50 155
60 60 268
60 43 90
61 81 0
62 10 42
63 29 177
64 55 265
65 91 213
66 27 248
67 93 259
70 22 0
72 48 185
73 6 75
76 81 161
76 62 250
78 58 68
79 15 294
80 81 83
82 59 278
83 62 115
84 31 280
88 42 284
90 66 129
92 33 293
94 35 145
95 62 201
95 41 20
99 57 26
99 40 287
-1
300
0 65 194
0 98 75
1 54 249
2 21 13
2 76 84
4 93 215
6 75 237
6 67 149
8 82 129
8 32 110
10 53 273
18 20 247
19 96 36
19 67 268
19 59 101
20 49 230
22 30 273
22 25 227
22 68 46
22 81 40
23 10 169
24 18 248
25 76 119
26 16 2
27 14 155
28 37 19
32 56 38
33 73 293
34 17 231
35 74 131
36 18 13
38 46 91
39 1 54
43 39 20
45 11 192
48 21 20
49 28 188
50 74 108
51 28 11
54 87 187
55 73 117
56 67 4
57 12 88
60 90 108
61 39 116
63 21 135
65 77 67
67 8 84
69 74 80
71 62 124
74 41 86
77 12 70
81 78 125
81 10 155
81 6 178
82 24 285
82 68 299
84 89 251
85 80 194
85 62 25
87 5 159
89 20 98
89 53 67
90 91 254
94 10 166
94 9 263
97 76 245
98 44 128
98 86 93
99 35 79
-1
300
0 22 16
1 72 48
3 82 103
5 62 225
7 45 235
8 90 236
9 7 76
9 76 238
10 3 2
13 54 54
13 43 115
13 78 197
14 40 15
14 41 115
15 82 267
16 68 10
20 11 145
22 52 42
23 15 220
25 6 244
26 68 109
34 22 41
35 97 292
36 83 188
37 68 116
37 58 99
37 17 23
38 69 41
39 46 137
39 51 234
41 36 57
42 8 285
43 13 29
46 7 106
47 57 54
48 82 58
50 10 52
53 21 191
53 72 285
53 3 253
54 92 276
54 28 123
54 75 259
55 15 79
57 47 192
59 66 125
59 75 255
59 73 200
59 2 233
61 95 252
62 54 49
65 82 0
66 18 171
67 79 139
67 40 229
69 63 88
69 70 221
70 66 233
73 8 4
74 0 46
74 92 185
76 97 211
76 92 142
77 5 281
78 37 179
80 87 77
81 51 138
82 9 20
84 2 29
84 52 222
85 13 178
87 19 239
87 92 131
88 49 130
91 82 265
92 7 260
93 84 184
96 87 78
96 47 194
97 91 30
-1
300
3 60 41
4 50 224
4 30 163
5 46 274
7 63 130
9 50 206
11 89 27
15 90 133
16 8 218
17 85 47
21 62 83
23 29 158
23 79 227
23 4 200
24 25 139
26 82 89
28 87 135
29 70 156
30 47 15
31 89 41
32 71 118
32 8 220
34 58 213
35 84 126
35 72 206
36 48 277
38 91 144
39 35 156
41 76 100
43 55 282
44 87 118
44 56 85
44 23 141
44 10 12
46 57 86
46 36 127
48 90 173
48 56 38
49 14 51
49 83 41
49 19 104
50 75 123
50 80 49
51 33 1
53 93 130
53 26 36
55 73 260
57 41 287
61 16 216
64 12 226
67 17 84
67 80 62
68 60 75
68 23 182
70 12 279
71 2 270
72 26 278
73 98 1
73 27 147
77 76 260
77 95 247
79 16 72
80 84 48
82 1 225
84 78 69
85 20 64
86 40 119
87 56 69
87 64 167
88 75 86
89 61 52
90 81 8
92 30 94
93 57 38
95 54 65
96 51 15
97 73 72
97 60 173
98 2 172
99 4 94
-1
300
0 89 108
0 37 165
0 11 182
1 72 117
2 52 50
3 65 190
4 64 13
5 59 23
5 11 295
5 18 128
7 74 28
9 2 107
16 15 58
17 85 33
19 83 296
23 96 216
23 99 131
24 35 287
26 78 285
26 32 107
26 66 244
27 44 93
29 50 174
30 94 15
30 11 97
32 52 112
33 86 223
36 24 271
36 31 77
37 29 158
39 38 12
40 1 15
40 66 276
42 27 13
44 24 251
44 11 276
44 87 178
45 66 91
48 72 128
48 19 61
48 16 75
49 5 14
51 5 182
52 63 243
53 82 263
54 4 5
55 84 38
56 76 93
56 14 277
56 92 29
59 25 55
60 81 155
60 58 278
60 49 163
60 31 109
63 87 170
64 37 110
67 36 158
67 0 87
68 78 104
71 33 175
71 39 170
71 71 276
73 33 120
74 32 71
74 84 206
75 0 75
76 70 196
78 23 128
79 31 257
79 89 232
81 76 258
84 32 235
85 2 90
85 32 263
86 46 149
88 90 196
89 63 4
90 36 114
90 91 167
90 11 145
92 69 281
92 32 101
93 56 144
95 59 261
96 57 157
96 59 44
97 86 160
97 85 258
99 45 86
-1
300
0 40 119
1 90 154
2 72 291
3 90 213
4 7 173
4 26 45
4 19 177
5 0 180
7 10 239
8 97 246
9 48 236
10 18 139
12 70 242
13 49 34
14 66 16
15 74 0
15 83 56
15 46 159
15 11 252
17 0 22
17 19 203
18 41 56
19 28 117
21 81 284
21 22 171
21 43 104
23 74 252
24 32 293
25 93 131
25 74 128
28 4 185
28 90 252
33 79 284
34 59 39
36 6 148
37 46 142
37 93 69
38 96 269
38 49 155
40 4 159
41 13 50
42 80 186
42 9 88
44 76 34
45 94 216
47 80 96
55 21 248
55 15 131
55 82 156
56 50 264
57 42 219
58 80 193
58 69 258
58 32 106
61 25 255
61 0 35
64 46 36
64 21 245
66 69 23
69 35 20
70 29 176
71 82 8
72 63 152
75 5 274
75 52 100
76 25 281
76 48 148
77 68 133
79 34 39
80 52 191
80 14 152
80 8 47
81 79 10
81 90 93
81 63 126
85 39 190
85 57 89
87 31 176
87 90 94
87 37 136
89 56 118
89 52 251
90 56 65
92 66 295
92 29 99
95 40 46
96 78 280
96 45 77
97 12 162
97 97 256
-1
300
0 52 121
0 43 14
1 45 288
1 62 94
5 81 6
5 94 41
6 92 24
8 55 179
10 3 282
11 82 299
11 78 199
11 37 180
14 68 179
14 38 47
16 96 82
16 22 274
17 40 52
17 54 30
18 28 191
18 57 257
19 20 84
22 58 85
22 4 98
23 31 215
28 92 52
29 4 159
29 86 226
30 71 49
32 65 174
33 94 141
33 73 115
34 43 17
35 3 238
37 91 113
38 56 210
40 85 263
43 45 105
44 78 266
44 17 265
44 85 150
46 2 233
46 94 146
46 74 141
46 16 1
47 18 118
47 38 142
47 74 220
47 59 225
50 67 88
50 52 87
50 91 199
51 2 160
52 10 92
52 52 276
53 91 14
53 61 285
55 64 293
56 13 196
58 98 47
60 95 232
61 0 294
61 55 201
62 99 90
65 0 47
65 27 287
65 50 64
66 10 277
67 18 286
67 70 52
67 81 116
70 89 169
71 68 249
71 41 116
71 51 50
71 49 153
73 21 274
73 56 197
74 91 13
74 78 171
75 65 200
76 96 94
82 5 239
82 70 144
84 35 221
85 39 183
85 47 40
87 49 0
88 85 164
89 75 15
90 34 62
90 80 144
90 59 276
90 96 136
91 29 182
92 88 146
92 91 95
93 4 107
95 69 23
98 68 116
99 71 222
-1
300
1 72 227
3 87 277
4 53 201
4 74 94
5 5 59
5 23 23
6 41 195
7 56 77
8 88 47
9 20 226
10 30 28
11 61 30
11 75 13
12 86 111
13 55 132
14 70 193
15 43 169
15 48 138
15 79 216
15 73 221
15 27 109
16 77 282
18 72 213
22 4 120
23 47 247
24 41 221
24 2 147
24 6 93
25 56 87
27 29 240
27 53 4
28 21 54
29 12 2
29 97 260
30 76 5
31 45 287
32 41 176
35 56 241
36 50 137
36 73 59
36 63 248
37 75 277
39 87 193
41 76 98
42 56 27
42 74 29
43 75 219
44 70 0
45 6 145
46 2 186
49 45 55
49 72 78
49 89 221
50 45 30
50 90 198
52 52 100
52 83 201
54 32 168
55 31 225
56 87 71
57 95 140
61 8 210
65 30 271
66 28 55
67 87 237
68 26 26
70 25 147
70 80 225
72 27 193
73 42 108
76 11 129
76 17 41
77 0 135
78 54 272
80 16 286
80 69 247
80 31 40
80 40 249
81 0 254
81 52 276
81 31 5
82 63 116
83 57 111
83 2 139
83 26 136
83 0 33
86 62 13
86 15 249
87 49 41
88 22 189
90 43 92
90 52 100
91 58 149
92 96 152
94 84 34
96 35 62
97 23 269
97 46 217
98 21 13
99 18 233
-1
300
1 91 90
2 97 42
2 2 111
3 66 88
3 99 187
4 38 42
5 34 101
6 76 24
6 63 268
8 92 219
9 16 165
9 77 120
9 68 67
11 16 122
11 73 95
13 17 258
14 82 154
15 7 237
16 57 254
18 60 62
18 14 36
18 62 62
21 67 39
22 51 210
22 15 162
22 45 21
23 92 152
24 69 31
24 89 87
25 58 296
25 65 235
25 79 262
26 81 155
28 89 7
28 2 269
30 46 12
30 85 112
31 76 33
32 43 180
32 32 230
33 83 236
33 83 227
33 46 279
34 54 100
35 16 71
36 4 23
38 5 250
41 45 103
41 88 192
41 48 221
42 0 226
42 71 31
43 83 70
44 94 157
45 45 71
46 45 103
48 81 245
49 95 2
50 5 151
52 19 135
53 76 36
54 44 244
54 68 114
54 54 99
55 63 144
55 90 159
58 13 11
58 96 242
60 78 82
60 81 266
61 65 294
62 58 231
64 24 142
65 64 22
68 59 98
68 59 118
68 1 103
69 30 62
69 54 99
69 91 233
70 65 45
70 70 211
71 43 202
72 93 142
72 70 154
74 8 148
76 89 32
76 97 130
78 68 99
79 5 260
79 11 16
79 38 41
81 46 12
82 33 69
82 93 188
83 5 39
85 82 183
90 0 267
90 21 258
92 0 164
93 8 47
93 77 184
94 3 285
94 58 62
96 16 7
99 27 30
99 55 7
99 25 115
99 47 89
99 30 192
-1
300
0 38 264
1 30 76
1 98 144
3 40 234
3 27 255
4 40 247
4 70 167
4 0 237
6 56 55
9 75 87
10 10 212
11 51 100
12 19 125
12 34 78
13 91 277
13 20 106
14 65 160
15 19 196
17 93 17
18 12 173
20 24 132
21 10 245
21 49 267
23 46 106
23 73 299
24 98 49
26 45 285
28 58 68
28 67 14
28 17 140
28 85 231
28 90 159
29 9 217
30 28 165
30 43 95
31 74 239
32 1 66
32 33 225
33 66 280
33 89 284
34 88 94
35 82 90
36 30 49
37 57 67
39 82 69
39 0 95
43 3 220
43 92 245
46 14 210
47 19 296
48 37 86
48 56 108
48 83 155
48 99 28
49 12 115
49 63 244
49 76 156
50 13 44
51 8 210
52 91 93
52 57 119
53 36 150
54 21 290
55 22 254
55 32 142
56 68 68
56 51 121
56 69 3
59 92 133
59 8 150
59 17 250
60 87 170
61 84 191
61 11 235
61 12 125
61 84 144
61 79 242
62 57 231
67 5 32
70 59 49
70 93 78
72 47 167
72 64 2
74 59 194
79 59 271
81 26 276
81 89 87
82 22 197
82 42 46
83 88 64
84 63 86
85 90 37
86 80 53
86 3 230
86 67 95
87 56 101
87 58 276
88 6 247
88 51 250
89 0 4
90 71 104
90 46 4
90 89 23
90 11 95
92 61 95
93 94 292
93 35 43
95 39 299
96 89 154
96 19 182
-1
300
0 78 51
1 86 298
3 26 4
4 81 50
4 45 190
5 80 262
5 89 251
6 23 145
6 70 82
7 55 193
8 2 50
11 80 274
11 18 74
11 49 98
12 35 205
12 44 47
12 64 13
12 91 198
13 35 148
13 0 56
14 60 253
15 35 245
17 17 17
18 75 277
18 22 217
19 83 4
22 13 111
22 89 284
24 25 283
24 98 112
25 11 63
25 6 43
25 7 162
26 9 244
26 64 148
29 54 289
32 97 173
32 51 169
32 87 286
33 87 63
37 58 198
37 25 12
38 6 151
38 35 132
38 99 139
38 46 161
39 46 143
41 6 61
42 4 99
44 6 297
44 84 187
45 19 209
45 94 162
45 18 112
45 86 46
46 20 80
48 29 36
48 18 176
48 34 278
50 4 262
52 4 266
52 16 230
54 29 132
54 30 6
55 42 111
55 96 0
57 60 47
58 77 150
60 17 239
61 17 33
61 81 174
61 17 0
62 43 231
62 72 21
63 5 260
63 60 202
63 16 56
63 77 51
64 33 67
65 35 5
65 28 212
65 53 159
66 15 180
67 84 97
67 93 288
68 88 45
69 29 45
71 67 141
71 87 182
74 62 280
74 98 199
75 39 174
75 52 278
75 54 238
77 74 297
78 43 76
79 44 291
80 50 213
83 68 245
83 12 210
83 86 146
84 3 262
86 89 12
86 28 174
86 89 165
87 26 19
89 42 284
90 27 82
90 92 19
91 50 168
91 83 157
91 27 243
93 33 265
93 52 255
93 95 6
94 10 46
97 45 216
97 37 0
98 98 126
99 57 178
-1
300
0 86 211
0 87 180
0 8 161
0 75 206
2 57 19
3 6 289
4 64 8
4 40 139
5 43 280
6 3 195
6 52 68
6 99 68
7 3 50
7 19 88
7 76 211
7 88 64
10 78 155
10 85 120
11 24 156
11 30 251
12 54 8
13 69 261
13 51 135
14 48 28
15 1 211
15 27 285
15 76 273
16 3 85
16 25 45
17 24 181
18 52 243
19 77 61
22 48 164
23 5 133
26 93 138
26 56 264
29 14 133
30 49 194
30 42 143
31 74 77
31 94 20
33 71 212
33 1 243
35 27 95
35 24 243
35 32 136
37 86 72
37 54 207
37 47 236
38 89 109
38 87 241
40 75 127
40 6 148
41 2 271
41 66 296
42 57 17
42 26 127
44 90 31
45 80 88
46 78 271
47 41 163
50 33 197
50 32 277
51 31 50
52 89 12
52 21 89
52 91 61
54 47 296
54 62 45
55 88 171
55 26 71
56 23 18
57 85 240
58 76 244
61 80 130
61 18 133
62 26 299
62 13 84
63 86 86
64 16 139
66 90 203
66 8 12
66 91 209
67 0 170
69 11 122
69 86 221
69 72 47
71 52 49
72 57 5
73 45 187
75 28 28
76 56 239
76 38 138
77 88 24
78 68 54
79 16 248
81 28 34
81 15 242
81 75 62
81 64 80
82 3 147
83 87 175
84 21 1
85 66 160
86 12 119
86 16 286
87 96 206
88 30 111
89 51 295
89 69 175
90 57 90
93 19 100
94 88 45
94 51 101
94 26 296
95 94 207
95 74 22
96 44 260
96 28 136
97 7 183
-1
300
0 80 121
1 56 31
2 93 129
3 31 241
4 89 66
4 58 147
4 80 161
5 79 267
6 9 31
7 98 76
8 50 50
8 42 279
8 39 35
8 32 270
9 48 87
10 93 295
12 27 294
12 39 273
13 67 30
14 10 285
14 40 31
16 10 68
16 28 65
17 88 25
18 43 19
18 21 37
18 55 105
19 33 151
19 79 255
19 46 23
19 53 15
21 75 236
23 58 275
24 83 246
25 84 61
25 81 164
26 52 281
26 98 250
28 86 49
28 61 1
28 61 113
29 6 148
30 3 104
32 87 24
32 44 171
35 18 59
35 80 212
37 52 272
38 0 112
39 20 234
40 24 169
41 26 264
43 83 283
43 52 266
43 9 113
43 34 8
44 82 267
46 73 172
46 96 158
46 89 266
47 78 3
48 60 199
48 75 19
51 19 124
52 56 184
52 13 169
53 44 143
54 29 253
54 80 0
55 40 34
55 72 48
55 41 26
56 83 244
57 61 270
58 51 221
60 4 29
62 87 73
62 12 145
63 97 114
63 77 82
64 6 40
65 43 257
66 32 214
67 60 144
68 63 71
68 81 247
68 39 142
70 98 177
71 66 214
72 55 126
73 55 294
73 42 225
74 34 204
74 13 231
74 23 23
75 10 184
75 23 290
76 35 142
76 77 70
76 38 77
77 65 194
78 3 145
80 89 225
80 66 276
81 45 143
83 42 185
84 86 204
84 64 186
84 55 293
84 29 228
84 37 10
85 33 80
86 27 186
87 95 7
88 34 116
89 61 87
90 79 138
91 44 262
92 16 243
92 68 28
92 41 93
94 54 258
94 54 298
95 97 241
96 70 16
96 32 116
96 76 98
98 36 29
98 96 9
99 95 77
-1
300
0 24 67
1 15 94
6 34 32
7 91 222
7 50 122
8 96 110
8 98 278
10 59 274
12 99 30
12 20 186
12 82 215
13 41 199
13 21 265
13 93 221
13 81 162
14 64 122
14 83 202
14 57 281
16 87 129
17 81 44
17 19 206
18 18 59
19 9 83
19 98 299
20 49 184
20 69 39
21 58 142
21 25 194
22 3 68
23 8 99
24 26 277
24 0 50
24 53 204
24 7 39
25 5 32
26 70 61
26 19 219
28 21 100
29 17 24
30 13 254
30 92 257
35 37 174
35 36 81
35 52 42
36 18 62
38 60 210
38 13 86
38 99 124
39 49 229
39 15 52
42 95 194
42 31 290
42 75 111
43 85 128
43 6 170
44 43 176
45 61 255
45 57 240
47 53 154
48 51 24
48 66 60
48 70 117
49 18 261
49 79 71
49 47 96
49 81 184
50 14 207
52 19 15
53 65 119
54 96 290
55 39 40
56 47 192
57 89 258
58 66 85
59 86 154
60 16 269
61 60 81
62 45 150
63 30 244
63 88 142
64 63 120
65 73 144
66 60 247
66 30 181
67 20 237
67 62 226
68 74 5
68 61 63
69 26 254
69 22 217
71 66 262
71 9 15
72 40 95
73 57 49
74 77 37
78 96 94
80 48 189
81 66 108
81 78 246
81 36 55
82 98 148
82 51 85
82 67 154
82 45 78
82 74 59
83 59 89
83 36 179
85 87 35
87 76 81
87 94 87
88 51 69
88 52 151
88 88 17
90 99 121
90 54 60
90 72 279
91 71 101
92 61 208
92 44 244
92 57 81
94 25 255
95 62 297
95 83 29
96 8 256
96 39 49
97 4 277
97 21 15
98 83 16
99 60 64
99 59 267
-1
300
0 28 273
0 18 104
3 28 129
4 50 181
4 50 28
5 97 26
5 84 252
5 60 106
5 60 170
6 75 127
6 32 264
7 61 292
9 65 100
9 54 55
9 81 245
10 26 270
10 9 77
13 39 159
15 25 37
15 44 211
15 48 138
16 4 101
16 86 217
17 47 194
17 60 251
17 44 87
20 53 21
21 70 271
21 88 87
21 23 1
22 2 177
22 79 27
23 45 275
24 69 253
24 17 157
25 59 277
25 29 133
25 10 246
25 55 41
25 18 209
26 66 63
27 39 77
28 43 152
29 80 112
31 58 248
33 61 146
33 95 214
34 32 225
35 3 91
36 14 77
36 13 222
36 50 206
36 44 258
37 85 250
38 16 121
39 9 218
39 13 103
39 87 158
40 66 168
41 81 142
41 94 297
42 71 174
42 33 280
42 41 80
44 61 124
45 65 144
47 2 176
47 99 257
48 51 32
49 18 290
49 86 116
49 76 234
50 61 172
51 26 219
54 68 174
55 60 242
55 75 45
57 35 104
60 60 212
61 83 0
62 44 11
62 66 10
62 54 130
64 42 271
65 95 153
65 42 70
66 36 131
67 71 281
67 38 266
68 58 154
68 60 231
68 7 7
68 98 254
70 71 168
70 44 40
70 53 126
72 64 94
73 66 82
74 75 246
74 97 58
74 79 58
74 93 146
75 8 33
78 85 51
78 30 146
78 9 131
79 67 251
79 66 64
81 42 287
81 78 66
81 69 136
83 97 50
83 50 135
83 16 265
83 35 259
85 79 275
87 31 65
87 95 237
87 31 184
88 65 234
88 70 148
89 34 186
89 93 43
89 31 275
90 68 282
91 70 178
91 52 63
91 21 292
92 60 197
92 1 283
92 6 184
93 84 74
94 18 59
94 65 50
94 84 258
95 88 156
96 28 178
96 37 141
98 48 167
98 96 45
-1
300
0 8 243
2 7 149
2 68 126
3 60 296
4 54 187
4 43 13
8 27 53
8 14 237
9 32 96
9 18 239
11 17 212
12 74 137
14 17 18
14 16 32
15 20 69
16 93 14
17 57 202
17 94 189
20 17 89
21 42 82
21 65 277
22 5 20
22 46 257
23 88 80
23 85 235
24 30 20
24 41 134
24 56 62
25 27 160
26 2 35
26 57 90
26 84 212
27 30 72
28 38 89
28 81 99
28 63 81
28 52 196
29 56 271
29 86 28
30 98 276
31 23 194
31 20 249
32 74 33
32 79 67
33 73 90
33 14 160
33 64 9
34 62 136
35 22 288
35 65 249
37 57 21
38 61 43
38 93 168
38 56 295
38 81 134
40 17 86
41 33 29
41 61 256
42 14 13
44 71 130
44 92 48
44 10 90
44 43 135
45 12 158
45 14 155
45 97 272
45 55 212
46 54 283
46 74 52
47 89 69
47 37 260
47 55 79
49 20 179
50 33 230
50 43 68
52 79 146
53 56 19
53 11 30
54 22 43
54 21 116
54 28 0
54 0 262
55 44 44
56 70 162
60 40 68
60 10 219
60 73 184
61 38 248
61 21 108
61 56 129
63 52 93
63 1 25
64 0 137
65 82 208
65 87 284
65 88 286
67 71 135
67 56 172
68 74 8
68 86 225
68 71 265
68 83 255
70 96 6
70 7 255
71 42 66
71 11 8
72 90 183
73 93 236
74 28 179
75 2 0
75 40 203
76 45 127
77 23 126
77 47 203
78 94 154
78 69 155
78 18 149
79 37 150
80 69 282
80 51 31
82 13 37
83 44 41
85 92 269
85 77 82
88 13 88
89 64 135
92 4 295
93 61 90
94 84 221
95 63 138
95 3 121
96 46 235
98 61 101
98 22 20
99 61 268
99 52 118
99 35 188
99 5 291
99 71 275
99 65 90
-1
300
1 69 246
1 89 175
1 64 80
1 43 253
3 77 150
4 69 123
5 0 102
8 91 262
8 77 282
10 74 97
10 12 176
10 76 121
11 61 4
11 79 158
12 85 196
12 38 231
13 53 229
13 85 229
14 98 134
14 85 47
15 75 66
16 63 282
16 35 29
17 16 28
17 82 240
18 41 249
18 93 283
18 51 174
19 66 126
20 89 157
20 27 99
22 66 63
22 20 211
24 31 252
24 80 131
24 94 1
25 21 130
27 19 288
28 45 295
29 58 23
29 76 163
29 2 190
30 80 116
31 82 259
31 60 296
31 44 244
32 2 0
32 18 204
33 16 167
33 52 144
33 13 270
34 80 278
34 26 289
34 71 121
35 12 94
35 69 148
36 72 97
38 13 171
38 34 96
39 48 207
39 54 77
40 99 177
41 63 127
41 64 45
41 60 7
42 63 50
43 95 255
44 69 90
44 80 173
44 25 123
45 29 265
45 90 113
46 45 182
47 54 147
48 23 68
49 86 260
49 63 169
49 41 61
50 86 223
50 62 216
51 31 131
51 61 35
51 43 196
53 95 244
54 23 138
55 96 45
55 25 76
57 29 154
58 61 296
58 35 40
60 39 150
60 95 241
61 44 290
62 82 174
63 24 150
63 96 20
64 40 178
65 8 222
66 83 221
66 72 175
66 94 266
68 12 251
68 87 275
69 79 234
69 75 206
69 33 80
71 13 281
71 44 222
73 99 47
73 33 240
73 18 279
74 52 150
75 31 232
75 5 191
75 58 65
76 97 169
77 23 86
77 2 37
77 46 138
78 38 196
78 76 161
79 9 232
79 59 290
79 74 13
82 10 94
82 18 148
83 85 247
83 45 95
83 14 214
84 80 58
85 53 4
85 79 237
86 59 97
87 4 169
87 56 1
88 82 41
89 61 141
91 29 154
92 83 265
93 4 160
93 38 124
94 33 233
94 96 246
94 72 133
96 83 153
96 99 151
97 30 35
99 88 11
99 48 262
99 32 181
-1
300
0 6 280
1 93 106
2 4 72
4 87 80
5 9 281
5 77 21
6 9 108
6 60 222
7 38 55
8 37 204
8 3 290
9 99 141
10 58 137
12 9 262
12 38 217
12 52 101
14 44 246
14 91 224
14 36 254
15 46 203
16 0 170
16 82 80
16 37 290
18 55 87
18 81 52
20 7 160
21 11 1
21 85 288
22 29 47
23 61 264
23 73 250
23 61 203
23 53 38
25 48 288
25 87 232
26 54 154
28 97 149
28 44 51
28 47 77
29 60 227
29 88 69
29 18 252
31 99 126
32 10 60
32 7 209
32 24 136
33 92 254
33 12 81
36 35 0
37 85 128
37 81 251
37 8 24
38 25 129
38 26 219
38 78 93
39 26 269
40 25 285
42 32 276
43 8 234
43 59 291
43 95 261
44 20 168
45 68 18
45 81 36
45 69 162
46 93 247
46 21 94
46 37 215
47 21 12
47 66 92
47 71 0
48 15 290
48 72 12
49 66 139
50 91 234
51 58 26
52 5 1
53 25 170
53 64 191
54 92 194
54 29 249
54 25 194
56 5 144
56 79 16
56 56 139
57 6 199
57 72 228
58 22 250
60 64 191
60 18 103
61 50 165
63 46 17
64 88 85
64 19 292
65 26 35
65 63 101
66 65 156
66 42 216
66 88 127
67 76 97
68 50 17
68 94 186
70 79 162
70 90 130
71 93 11
71 27 35
73 52 276
74 14 166
74 27 19
75 26 295
75 89 138
75 37 89
77 48 85
79 91 235
79 27 240
79 65 117
79 22 183
80 59 283
80 7 84
80 92 216
81 62 205
81 4 140
82 7 66
83 63 281
84 0 114
86 42 100
86 8 281
86 31 169
86 6 237
86 59 291
87 92 154
87 68 266
87 40 154
88 82 70
88 66 242
89 98 262
89 91 181
90 27 92
90 53 182
90 24 261
90 44 255
92 46 138
93 90 42
94 36 45
95 29 61
95 41 117
96 79 171
96 74 243
97 98 17
99 66 82
-1
300
0 96 18
1 0 65
1 2 218
2 90 241
2 60 257
3 69 50
4 68 55
4 73 170
6 25 245
7 34 236
7 27 185
8 45 101
9 51 165
9 57 247
10 3 130
11 58 185
13 68 295
14 68 191
14 34 82
14 86 200
15 58 61
15 4 73
16 97 221
16 76 119
16 61 206
17 9 183
17 80 55
18 27 140
18 36 279
18 94 94
20 21 298
22 78 31
22 70 267
22 91 214
22 39 281
22 38 61
24 69 35
24 31 9
24 8 135
24 99 57
24 47 105
25 23 243
25 55 117
27 32 33
27 36 81
27 49 65
28 92 78
29 76 163
29 52 238
30 60 288
30 85 171
30 66 52
30 28 37
31 49 281
32 90 89
32 16 135
32 39 233
34 3 228
34 65 272
34 51 205
35 56 202
36 39 233
36 0 170
36 19 161
37 10 95
38 81 237
39 34 1
40 98 82
41 78 113
42 15 168
42 26 177
43 81 11
43 57 17
45 5 109
45 56 111
45 98 247
45 50 237
47 52 74
47 85 113
48 81 246
48 37 35
48 72 261
50 82 157
50 38 284
51 2 223
51 72 241
52 30 186
53 68 134
53 41 270
54 40 13
54 61 209
55 29 164
55 3 211
55 0 107
56 42 179
58 10 92
59 48 117
60 7 186
61 88 61
61 40 193
62 24 7
63 0 253
63 96 290
63 94 61
63 36 36
64 25 297
64 57 19
65 20 221
66 2 175
67 39 161
67 15 135
68 87 95
69 71 242
69 74 183
70 84 43
70 53 91
70 4 250
71 35 179
72 22 17
72 80 4
73 61 279
74 72 31
75 16 0
75 91 146
76 43 39
76 17 131
77 31 132
77 57 25
78 74 167
78 42 129
79 16 281
79 65 264
80 32 85
80 44 24
81 95 93
81 84 293
82 48 275
82 68 170
82 3 267
83 65 282
85 84 172
86 71 138
87 22 143
87 37 258
87 29 290
87 78 147
88 7 10
88 9 57
89 5 104
89 44 99
89 69 155
90 92 119
90 76 200
92 19 18
93 84 101
93 56 209
95 69 225
97 83 282
97 22 174
99 72 90
-1
300
0 44 49
0 3 114
0 57 185
0 53 265
1 9 74
2 7 293
4 55 107
5 62 162
6 78 10
6 77 268
6 74 153
6 83 184
7 93 79
7 40 165
10 57 286
13 88 105
13 88 11
13 99 162
13 83 283
14 35 48
14 67 161
15 23 251
16 95 26
16 83 117
17 28 256
17 21 64
17 49 191
18 96 249
20 91 39
22 50 44
22 8 74
23 50 4
23 66 103
25 43 81
25 29 31
25 57 196
26 15 223
26 68 6
28 0 286
28 29 161
28 15 254
28 57 244
29 85 235
31 88 159
31 25 93
31 75 296
33 73 236
33 88 37
34 66 91
36 36 225
38 4 27
38 0 196
38 57 85
38 55 246
38 58 63
40 13 47
41 62 127
41 48 28
41 99 185
42 50 229
43 24 113
44 64 78
44 47 175
45 20 22
46 71 277
48 35 154
49 43 174
49 8 75
50 89 189
51 78 262
52 43 231
52 30 245
53 24 15
53 11 167
53 83 27
54 77 179
55 51 39
55 22 273
55 34 233
55 48 176
55 37 228
56 53 194
56 71 135
57 3 105
57 80 45
58 67 42
59 89 160
60 30 18
61 51 138
61 48 280
62 18 157
63 86 189
66 41 261
67 90 25
67 67 53
67 15 162
69 26 161
70 73 288
70 59 20
71 22 5
72 19 74
72 46 293
72 84 91
73 69 282
73 68 275
74 88 85
74 39 251
74 28 152
75 89 102
75 27 254
75 74 291
75 12 35
76 24 15
76 78 246
77 96 231
77 95 180
77 89 7
77 93 93
78 83 267
78 4 37
79 63 56
80 38 221
80 95 12
80 93 80
80 81 261
80 89 91
80 23 201
81 93 250
81 69 250
81 73 21
81 31 189
82 23 120
82 34 111
84 11 107
84 33 160
84 24 71
86 71 270
86 95 222
88 55 185
88 28 283
89 18 62
89 88 54
89 16 170
89 66 89
90 16 0
91 14 278
91 55 106
94 35 23
94 6 1
94 34 27
95 58 116
96 88 97
96 65 219
97 2 62
97 16 214
97 3 26
98 35 21
99 86 199
99 4 152
99 94 270
-1
300
0 49 108
0 49 81
0 45 95
0 79 134
1 71 276
1 88 226
1 78 23
1 40 42
2 82 114
2 51 63
2 64 51
2 26 153
3 36 40
5 68 39
5 59 187
6 56 102
6 85 17
7 2 35
7 52 148
7 5 78
7 32 297
8 69 23
9 69 115
9 56 56
10 71 268
10 59 164
10 32 167
11 95 4
11 13 111
11 9 30
11 50 200
12 8 68
12 34 120
12 6 68
14 98 276
14 97 173
16 62 23
16 23 114
16 27 262
18 67 200
18 43 212
19 1 176
20 21 244
20 8 5
24 26 265
24 71 273
25 6 231
25 90 52
25 82 83
26 44 111
26 21 176
27 22 288
28 84 80
30 58 85
30 88 71
30 31 34
32 35 254
33 37 228
34 70 6
36 15 295
36 13 219
37 69 98
38 40 255
39 74 141
40 83 102
40 7 270
40 53 289
40 7 233
41 86 221
41 0 131
43 9 207
44 48 299
45 26 191
46 90 266
46 78 37
47 82 197
48 11 115
48 74 74
48 60 199
50 53 109
50 10 53
51 26 263
51 64 264
52 77 246
52 98 122
52 61 213
54 4 209
56 92 60
56 1 252
57 99 58
59 44 154
59 49 115
59 47 274
60 78 287
60 48 144
60 37 224
60 82 270
61 17 140
61 34 201
62 79 152
64 36 136
64 55 42
65 39 77
65 92 13
65 77 265
65 9 108
66 31 112
67 28 278
67 60 135
68 45 24
68 73 14
69 19 247
69 36 97
70 21 150
70 5 18
70 16 191
70 69 154
71 80 13
71 72 11
71 34 109
71 95 76
71 95 111
71 41 57
72 32 23
72 60 159
73 83 137
73 95 234
73 37 80
73 98 177
73 61 240
74 22 257
75 6 191
75 27 228
75 75 195
76 76 232
78 59 131
80 25 17
81 20 259
81 31 148
82 17 156
82 79 211
83 8 267
83 67 55
86 22 28
86 26 299
86 97 269
87 62 267
88 61 166
88 87 132
89 91 71
90 90 186
90 6 91
91 22 298
92 12 278
93 76 70
93 66 185
93 51 142
94 11 29
94 43 277
94 10 102
95 44 250
96 1 279
97 73 60
97 55 256
97 52 51
98 96 120
98 60 213
98 5 131
98 96 211
99 98 267
-1
300
0 13 67
1 42 238
2 75 206
2 5 21
2 50 103
3 97 155
5 1 34
5 87 242
5 16 57
7 40 36
8 58 79
8 80 17
8 61 43
9 68 28
11 71 147
11 71 229
12 9 177
12 61 81
12 31 99
13 75 278
14 78 61
14 47 232
14 31 202
14 23 195
15 70 158
16 57 279
16 52 24
16 88 289
17 54 232
17 60 224
19 21 135
19 96 17
20 22 256
20 23 79
20 52 289
21 53 174
21 80 21
24 23 268
24 86 106
27 51 58
28 93 225
29 60 251
30 52 84
30 31 149
30 99 123
32 36 36
33 40 102
34 53 29
35 84 183
36 75 7
37 97 243
37 82 100
39 46 275
40 22 279
41 90 222
41 15 62
44 29 235
45 28 43
45 81 42
46 74 46
46 76 250
47 77 248
47 89 148
48 89 162
48 56 180
48 56 98
49 41 233
49 31 39
49 97 173
50 67 134
50 21 297
50 90 15
50 45 117
52 77 117
53 2 212
54 21 119
55 51 83
55 95 16
55 48 151
55 87 192
56 61 270
56 89 98
56 78 190
57 5 130
57 4 288
57 76 135
58 29 65
58 79 140
58 36 18
58 90 125
58 53 179
59 23 17
60 90 53
60 45 210
61 54 237
61 41 22
61 69 288
62 78 136
62 50 209
63 95 298
63 79 233
63 73 272
64 22 34
65 81 173
65 81 117
67 88 92
67 6 209
68 6 201
68 37 98
69 57 111
70 86 4
70 47 65
72 60 72
72 10 223
72 85 263
72 14 274
73 41 205
73 42 196
74 32 61
74 87 83
76 7 134
76 61 173
76 83 7
76 33 219
78 44 198
79 20 66
79 96 51
79 91 268
80 2 2
81 94 173
82 10 143
82 9 225
83 47 139
83 40 257
84 75 165
84 92 200
84 8 54
84 39 77
84 65 166
85 72 79
87 75 282
87 21 239
88 55 237
88 7 157
88 10 26
88 41 275
90 21 62
92 72 101
92 39 92
93 89 84
94 15 65
94 35 78
94 46 111
94 16 41
94 92 240
94 29 15
95 69 39
95 12 232
96 15 37
96 98 223
96 33 213
97 90 278
97 65 165
98 42 63
98 78 172
98 11 234
98 75 147
99 39 167
99 52 124
99 85 275
-1
300
1 28 30
1 3 204
2 27 240
4 79 90
4 24 135
4 53 73
5 22 248
6 39 207
6 79 225
7 29 241
7 36 182
8 47 0
8 32 45
8 22 87
9 15 64
9 14 149
9 6 272
15 38 2
15 68 10
16 25 247
17 95 248
18 94 15
19 37 30
19 1 70
19 51 10
20 3 24
20 4 227
20 23 6
21 65 27
21 54 263
21 43 205
21 70 4
22 2 140
23 23 57
24 58 117
24 76 48
25 16 221
26 8 180
27 30 141
27 42 242
28 43 205
28 74 190
28 12 15
28 84 229
28 67 234
29 11 211
29 8 46
30 62 244
30 62 277
30 76 90
31 90 215
32 39 256
34 58 151
34 17 218
35 35 170
36 61 181
37 27 135
38 3 200
38 13 1
39 15 80
39 76 277
40 73 80
40 16 112
40 49 23
41 6 73
42 88 19
43 43 45
43 41 165
44 57 286
47 40 279
48 8 31
48 25 258
49 54 48
49 64 52
50 41 128
50 16 1
50 70 199
51 28 10
52 8 21
53 72 249
54 51 148
54 71 178
54 3 32
55 80 215
56 97 220
57 31 222
57 60 265
58 95 156
58 65 165
58 77 259
59 90 63
59 8 294
59 61 256
60 47 138
61 62 0
61 88 43
62 80 212
62 8 238
62 30 289
62 88 227
63 50 42
63 78 171
63 8 3
63 94 4
63 28 199
63 0 8
64 52 168
64 97 245
64 14 289
65 72 252
66 45 11
66 74 42
67 31 75
67 45 208
68 98 128
68 0 64
68 24 182
68 53 197
69 24 268
69 92 128
70 8 59
70 80 62
70 99 275
70 62 207
71 56 23
72 25 93
72 28 151
74 32 200
74 19 157
74 32 77
74 81 131
78 56 121
78 52 43
79 27 154
80 90 125
80 98 146
80 13 103
80 45 238
80 10 230
80 91 131
81 5 35
81 95 276
81 43 275
82 84 54
82 4 169
82 45 40
83 63 278
83 41 153
84 67 85
84 77 71
85 19 277
85 68 8
88 38 181
88 26 27
89 32 210
89 12 96
90 52 179
91 33 92
91 17 212
91 56 175
92 11 228
92 8 157
93 91 1
93 17 67
94 95 31
94 73 115
94 64 259
94 81 95
94 59 152
95 59 198
95 99 106
95 82 231
97 81 100
97 74 280
97 40 69
97 93 29
98 40 273
99 3 35
99 60 194
99 32 185
-1
300
0 20 168
2 11 75
2 71 31
2 19 144
3 61 193
3 33 254
4 8 199
4 48 253
5 51 285
6 59 249
6 37 284
6 21 234
6 34 96
6 16 184
10 95 227
10 5 240
10 32 231
12 42 154
13 46 253
13 26 5
13 13 291
14 26 63
15 49 114
16 37 259
16 94 147
16 11 115
16 88 120
16 85 228
16 83 247
16 31 255
18 63 100
18 90 230
18 56 251
18 63 112
19 68 199
21 41 7
22 38 31
23 15 184
23 65 34
24 83 201
25 66 14
25 67 147
25 52 92
27 31 25
27 24 40
28 21 0
28 91 37
29 74 170
30 17 4
30 89 72
30 73 229
31 51 34
33 84 134
33 26 176
34 92 141
34 57 161
35 33 105
36 80 96
36 65 112
36 25 234
36 48 156
37 58 259
38 44 68
38 92 287
38 29 170
39 72 82
39 80 14
39 65 265
40 26 269
41 96 296
41 86 17
42 36 196
43 64 286
43 10 101
43 4 228
43 75 153
44 78 222
44 66 286
44 9 29
44 6 140
45 11 295
46 15 259
46 62 153
47 15 259
47 10 58
48 84 171
49 57 262
50 66 171
51 5 61
51 88 233
51 34 20
51 47 179
51 27 166
51 86 135
52 37 75
52 11 224
53 59 225
53 27 287
54 38 250
54 94 249
54 22 287
54 53 88
55 69 207
55 11 125
55 36 159
55 7 123
55 55 176
55 46 131
55 36 229
56 30 220
56 32 182
56 69 197
58 63 174
58 85 207
58 0 281
59 73 48
59 81 204
61 26 252
61 69 49
61 52 144
62 13 221
62 7 178
63 22 74
63 98 221
63 96 26
64 73 26
64 83 290
64 69 143
65 73 242
66 4 286
68 22 133
68 88 288
68 22 20
68 88 44
69 56 46
71 3 231
74 20 193
75 49 41
75 49 120
75 53 236
76 98 44
76 72 72
76 3 8
76 11 181
77 93 75
77 52 39
77 62 156
77 10 108
78 68 226
78 0 44
78 8 77
78 17 99
78 84 109
79 81 227
79 5 196
79 25 169
81 59 96
81 24 256
81 4 196
82 68 117
82 45 194
84 7 176
85 40 67
86 20 258
87 96 69
87 55 103
88 96 265
88 54 68
90 62 159
92 15 238
92 55 217
93 36 230
93 99 261
94 71 290
95 35 227
96 17 232
96 36 117
97 1 84
97 53 65
99 80 217
-1
300
0 73 75
0 24 252
1 43 27
2 43 32
2 23 59
2 5 228
4 76 220
4 82 95
5 38 262
5 30 270
6 63 6
6 45 160
7 39 83
7 19 180
8 42 126
8 3 282
8 36 88
9 56 43
10 73 202
11 24 246
11 50 66
12 0 94
12 74 197
13 76 233
13 68 168
13 93 133
13 58 28
14 62 127
15 22 199
16 73 199
16 66 234
17 66 31
17 16 188
18 26 96
18 12 193
19 72 49
19 77 90
19 44 138
20 69 93
20 40 293
21 80 242
21 13 28
24 8 78
24 80 120
24 2 33
26 40 19
26 92 106
28 73 112
29 55 97
29 39 99
29 80 233
30 35 207
30 84 161
31 78 39
31 7 40
31 43 193
31 43 76
31 7 286
32 87 291
32 63 281
32 43 120
33 27 60
33 78 275
34 56 76
35 91 233
35 81 124
35 63 293
35 85 242
37 78 233
37 40 219
38 18 20
39 95 11
39 1 167
39 30 199
40 70 252
40 46 211
42 5 219
43 39 92
44 48 263
45 14 48
45 55 184
45 15 36
46 76 208
47 65 276
47 28 251
47 67 175
48 96 169
49 5 203
49 6 248
50 33 198
50 1 61
51 88 184
52 61 79
52 21 227
52 83 13
53 24 252
53 2 211
53 62 79
53 73 35
53 25 19
54 31 164
54 89 223
54 84 70
55 86 78
55 93 246
56 43 34
56 18 264
57 55 54
57 77 57
58 38 130
58 95 135
58 22 94
59 39 74
60 10 140
60 73 90
60 28 151
62 58 222
63 1 149
63 84 292
65 26 277
65 20 273
67 98 230
67 1 221
68 82 284
68 8 204
68 96 28
68 76 170
68 95 98
69 17 11
69 9 176
70 83 167
70 65 129
70 87 111
71 84 15
71 85 59
71 63 117
72 37 296
72 86 95
73 87 63
74 97 254
74 55 154
75 67 266
76 11 12
77 4 32
77 96 288
77 80 139
78 63 23
79 52 18
79 92 56
80 41 104
80 8 108
82 37 75
82 6 237
83 1 289
83 21 274
83 85 119
83 94 268
83 19 98
84 11 38
84 88 95
85 76 69
85 51 1
86 29 182
86 53 222
87 51 244
87 78 182
87 3 178
88 52 107
88 92 158
88 69 219
89 20 272
89 58 207
89 13 232
91 65 77
92 45 296
92 64 76
93 56 179
94 26 209
94 84 8
95 80 34
96 73 66
96 79 265
96 96 23
96 0 24
97 7 139
97 26 272
97 99 169
98 16 132
98 83 118
99 17 167
-1
300
0 61 283
0 30 30
1 71 6
1 76 67
3 3 195
4 36 213
5 54 53
5 86 62
5 59 213
5 41 25
6 68 42
6 24 204
8 54 119
9 84 31
9 2 230
9 65 112
9 24 162
10 73 108
11 57 127
12 65 133
13 16 87
13 75 54
13 17 261
15 57 199
16 78 23
17 73 271
17 62 103
17 52 265
17 40 162
18 1 248
18 39 173
19 65 223
20 78 10
20 52 247
21 71 214
21 92 34
21 70 227
21 87 59
22 67 150
22 95 101
23 41 204
23 67 56
24 95 160
24 89 220
24 89 163
25 86 106
25 88 78
25 65 237
26 53 222
29 63 67
29 19 176
29 44 205
30 23 268
30 75 67
30 26 294
30 34 51
31 64 117
31 1 149
31 8 37
31 67 48
32 82 297
33 68 256
33 66 8
35 4 47
35 44 47
35 67 298
35 89 134
35 66 209
36 18 201
36 86 12
37 30 152
37 12 104
38 22 45
38 80 280
38 84 23
39 7 236
39 63 191
40 24 16
40 76 296
41 49 272
41 42 195
42 76 21
42 55 260
43 54 272
43 49 186
44 57 145
45 81 34
46 62 66
46 54 170
47 56 272
48 34 136
48 30 187
49 10 273
50 22 90
50 21 263
51 43 260
53 44 246
54 89 24
54 0 148
54 34 41
54 23 155
56 20 58
56 7 62
57 26 286
57 80 8
60 30 109
60 10 256
60 90 75
61 23 230
62 38 37
62 73 275
63 16 249
63 53 169
64 23 296
64 48 86
64 57 152
65 42 112
66 76 253
66 69 148
67 73 232
67 18 190
67 33 227
67 35 133
67 19 124
67 73 237
68 66 30
68 50 176
69 26 47
69 23 256
69 12 291
70 59 9
71 37 251
71 17 163
72 56 242
72 91 173
72 74 93
74 75 157
74 5 248
74 57 186
75 85 268
77 38 247
77 27 209
78 45 102
78 40 9
78 98 67
79 64 82
79 3 270
79 49 230
80 39 13
80 84 20
80 25 291
80 31 104
81 25 88
81 42 34
82 66 215
82 40 184
83 96 228
83 92 48
83 51 233
84 9 228
84 52 149
84 31 163
84 8 155
84 28 52
85 21 245
86 38 29
88 71 267
88 32 85
88 31 236
88 25 275
88 47 287
89 59 284
89 62 194
89 20 262
92 92 140
93 86 92
93 43 93
93 48 201
93 1 40
93 94 269
93 75 97
94 47 9
94 95 51
95 66 59
95 87 0
96 70 195
97 64 137
97 46 128
98 52 196
99 47 277
-1
-2
