360
-1
360
-1
360
1 53 44
14 86 17
26 103 264
32 114 200
48 80 64
56 44 61
59 110 195
65 41 187
80 89 150
82 68 182
-1
360
0 117 102
24 108 78
33 85 297
68 105 244
71 116 98
77 6 107
79 79 288
97 31 77
98 63 15
110 33 32
-1
360
4 82 240
6 102 163
25 52 262
32 110 84
35 69 45
46 96 57
51 108 119
57 34 90
63 87 124
64 61 258
70 4 173
78 54 2
84 14 181
93 108 88
103 33 34
110 8 73
110 44 205
111 15 203
114 49 6
118 32 155
-1
360
5 39 288
10 87 25
12 1 170
19 75 138
21 12 176
28 96 170
30 79 211
31 3 57
44 77 85
47 37 35
52 24 173
52 93 154
63 26 101
64 43 225
99 53 128
102 100 69
105 74 96
109 66 217
111 53 159
113 101 147
-1
360
1 100 293
4 6 20
5 105 123
5 14 101
7 57 249
8 54 230
8 52 14
11 116 124
15 20 120
18 116 77
19 12 63
25 17 184
33 78 15
35 103 33
39 109 61
40 51 65
45 91 60
48 85 189
52 62 173
68 104 134
68 54 18
70 86 271
75 45 146
101 88 287
101 23 260
101 76 291
106 100 46
109 1 44
111 113 165
116 117 65
-1
360
2 103 84
6 57 286
8 60 160
14 55 136
14 27 133
20 48 10
22 20 263
30 43 273
32 35 255
32 117 16
34 85 98
51 45 165
59 97 161
59 11 86
63 2 291
64 28 4
64 87 269
65 47 152
68 35 239
70 7 205
78 35 33
80 61 5
85 118 91
86 119 171
94 114 18
96 20 18
98 34 40
115 105 213
116 34 77
118 62 9
-1
360
3 107 62
3 58 107
3 53 105
6 99 251
9 84 104
10 74 80
13 115 125
14 81 220
16 50 272
18 94 275
19 22 8
24 33 280
29 1 294
29 82 283
29 101 130
30 82 69
31 11 204
34 53 143
34 101 282
42 60 246
45 34 98
51 44 150
55 111 188
77 117 223
87 91 82
88 49 297
89 29 270
93 62 112
93 112 32
96 13 65
97 90 171
97 34 70
98 37 35
99 119 24
107 107 29
109 86 292
110 56 27
116 92 110
117 58 161
117 15 159
-1
360
0 68 182
5 40 251
12 68 245
14 70 242
17 54 126
18 77 252
18 3 244
21 35 20
21 39 41
24 54 64
30 112 212
31 27 27
40 56 24
41 73 98
46 112 38
47 113 153
53 23 157
54 35 206
58 71 264
61 16 153
63 9 70
66 90 278
69 4 116
70 12 89
72 33 25
75 64 62
76 75 151
77 59 8
82 4 152
82 42 52
88 112 189
91 117 28
98 47 200
100 56 36
101 28 4
101 27 291
102 103 225
105 48 182
105 50 161
111 20 9
-1
360
0 52 75
2 11 136
3 33 93
4 33 107
4 27 196
4 106 26
6 7 283
10 30 217
11 76 174
12 3 230
15 19 2
15 24 81
21 33 240
34 75 190
38 117 160
40 70 273
43 53 131
44 117 285
45 17 120
46 98 10
46 104 134
47 29 29
54 14 107
54 106 267
57 91 73
59 68 69
60 69 28
63 97 281
66 94 118
72 73 283
73 3 267
76 91 166
81 51 225
83 60 26
86 30 233
86 7 206
88 40 64
89 34 70
93 113 287
94 41 8
101 49 112
103 18 292
106 20 182
106 84 107
107 23 74
108 105 170
108 6 255
114 104 9
115 91 106
116 79 232
-1
360
2 90 290
4 54 286
5 63 233
9 5 12
10 84 142
22 11 161
23 72 45
27 47 205
30 26 35
34 41 293
36 40 64
39 89 204
41 89 53
45 48 79
46 2 250
51 12 26
54 45 195
55 84 88
56 50 22
57 14 182
59 20 97
59 86 258
60 75 201
60 79 246
61 20 28
69 99 242
69 51 298
69 102 148
71 80 148
71 80 63
72 54 52
73 21 247
73 73 270
73 63 133
80 90 160
82 111 217
89 8 103
94 86 196
96 45 52
97 102 164
98 67 291
103 81 229
103 99 181
104 33 271
114 5 188
115 47 89
118 48 19
119 65 132
119 10 288
119 98 45
-1
360
5 22 8
7 13 269
8 92 83
8 30 118
11 8 50
12 99 167
16 18 118
19 66 273
20 48 204
21 28 253
23 119 10
24 87 86
28 94 89
30 27 64
33 91 265
33 5 245
34 45 190
38 20 3
43 13 112
43 13 6
44 103 171
45 6 0
46 84 55
46 49 2
47 112 155
47 42 12
48 3 10
49 1 125
51 2 24
53 12 227
54 49 204
56 3 33
59 27 281
60 69 63
61 51 155
65 63 88
66 28 299
68 39 15
70 108 114
72 40 29
73 84 6
73 13 262
77 74 91
77 22 82
78 32 139
81 90 150
84 104 282
85 40 27
85 14 57
86 84 130
88 53 274
88 46 5
90 114 272
94 65 112
95 54 293
102 101 187
103 55 108
105 54 158
106 71 43
109 116 295
-1
360
0 66 96
5 104 213
8 23 29
9 52 165
12 89 136
16 54 16
19 50 2
22 4 64
23 82 33
24 4 14
26 55 237
30 40 90
31 103 95
35 77 69
36 107 275
38 7 96
41 65 154
43 113 53
43 100 9
46 17 163
46 90 242
48 24 77
55 67 277
56 26 289
58 66 289
62 108 217
63 63 32
66 83 226
66 24 134
69 12 196
71 55 39
72 117 298
76 69 26
77 90 156
77 16 126
80 44 211
83 12 225
83 98 93
83 15 155
87 101 126
88 52 289
88 117 293
89 92 144
92 60 245
92 78 83
93 55 151
95 84 242
99 67 54
100 53 62
101 60 6
103 7 288
106 5 276
109 36 1
112 42 113
113 22 250
113 53 137
114 113 181
114 7 56
118 114 262
118 108 139
-1
360
0 106 125
2 69 108
5 55 187
6 100 63
6 13 176
6 115 227
12 49 247
13 15 156
16 4 138
16 50 82
16 2 186
16 100 54
17 30 230
19 81 170
20 64 256
27 66 42
30 10 59
31 2 192
32 37 299
33 32 113
37 51 191
37 81 64
38 99 196
41 14 113
43 90 126
46 107 88
46 14 4
48 5 152
48 7 47
48 51 262
50 112 196
51 66 94
52 101 98
55 10 57
55 70 12
56 39 24
58 4 36
60 110 6
60 106 96
64 32 141
65 37 220
72 52 13
73 66 4
73 47 297
74 7 212
75 74 241
76 20 155
77 16 198
84 65 201
85 32 67
85 5 6
89 87 298
90 43 288
94 63 27
95 96 207
95 91 2
96 109 99
98 46 115
98 32 251
98 84 67
98 27 61
99 38 21
106 56 160
107 0 220
109 33 149
110 65 135
115 58 132
117 59 108
118 113 141
118 49 246
-1
360
1 54 143
3 71 195
4 3 128
8 117 104
9 90 77
9 15 268
10 52 64
11 103 105
13 17 182
14 106 225
14 94 241
16 24 112
17 60 30
19 58 110
21 44 7
22 52 273
23 66 47
23 110 110
25 2 160
25 13 140
27 106 85
31 70 129
33 70 24
34 40 156
35 29 110
41 52 97
42 22 96
42 58 256
44 112 104
48 93 227
50 1 133
52 43 260
52 102 152
53 23 133
54 93 256
55 96 53
56 100 295
56 79 166
60 98 196
63 92 295
64 49 155
65 71 294
66 52 66
67 107 193
68 22 264
68 66 102
69 115 180
71 49 78
75 118 98
75 70 290
76 30 46
80 108 24
82 64 69
86 114 172
89 103 47
92 105 42
93 80 118
96 19 16
97 41 264
101 3 47
103 64 103
107 97 166
108 62 33
109 19 286
110 70 110
111 15 169
112 63 132
114 23 258
116 87 48
116 73 16
-1
360
0 105 45
0 18 214
1 36 292
2 50 18
7 68 77
9 64 275
10 25 73
12 14 185
15 8 203
15 61 164
16 26 17
16 40 85
17 30 8
21 90 203
22 77 32
22 111 76
23 32 195
23 8 132
29 12 42
30 103 205
31 101 258
35 64 162
36 44 158
36 47 101
37 49 250
39 91 137
41 116 98
43 3 266
44 116 46
45 40 214
46 1 116
46 24 136
49 107 185
50 62 204
50 80 239
52 44 54
53 66 258
54 87 67
55 91 157
56 30 101
57 54 114
61 71 204
61 16 183
61 55 263
63 28 145
66 111 201
67 57 248
67 97 273
68 31 219
69 74 57
69 70 12
72 22 219
76 90 64
78 114 267
79 5 135
79 62 138
79 86 261
81 30 65
83 94 220
85 58 298
86 5 96
86 108 237
87 80 177
90 90 258
91 12 122
94 36 281
96 61 64
99 31 294
102 99 225
105 20 23
106 49 255
108 103 47
110 31 127
112 64 292
114 117 2
114 22 20
116 64 160
116 83 142
118 39 194
118 102 93
-1
360
5 40 140
8 59 96
10 87 167
14 114 175
14 65 128
16 28 45
16 85 260
18 20 204
18 28 258
19 100 65
21 48 251
22 119 246
23 92 246
23 40 120
23 62 228
24 86 9
24 46 149
26 5 228
28 38 252
31 59 56
31 5 108
31 40 257
36 87 284
36 77 20
37 104 96
37 117 196
39 91 115
39 55 190
40 40 177
44 94 100
45 59 103
45 37 236
47 53 21
48 88 24
49 65 176
50 54 240
51 8 266
53 115 243
54 104 260
55 109 282
56 25 222
57 63 277
57 49 230
57 61 28
59 34 202
60 42 154
61 16 240
64 101 285
64 31 108
65 27 141
65 112 167
67 107 203
70 43 124
72 21 27
73 49 282
73 72 105
76 101 252
82 100 253
84 119 71
85 114 189
86 23 219
88 92 268
89 21 204
91 49 94
92 119 121
96 115 273
97 86 217
98 104 50
99 6 153
100 15 248
101 68 89
105 16 266
106 12 38
107 30 165
109 89 49
109 102 280
112 105 94
112 7 292
113 81 67
115 44 59
-1
360
0 17 225
2 1 160
6 74 291
6 88 29
6 94 143
7 55 299
10 4 243
11 98 19
11 34 81
11 101 112
13 39 74
15 1 76
19 102 286
20 29 200
20 95 14
21 63 147
22 41 92
22 25 41
24 58 10
25 94 272
25 76 165
26 88 34
27 90 56
28 59 191
28 12 199
28 92 14
29 63 124
29 23 88
32 94 247
33 38 45
34 105 154
36 101 122
38 93 96
38 50 223
38 104 3
38 96 209
40 58 6
41 112 19
41 100 201
43 106 295
45 66 211
45 41 133
46 11 159
47 112 209
48 42 123
49 114 124
51 8 213
52 118 248
52 55 294
54 77 193
55 85 267
57 106 215
57 117 156
59 87 232
59 34 280
61 88 249
65 15 228
66 46 288
67 118 196
72 30 290
77 99 148
80 102 146
84 65 216
84 81 240
88 47 186
93 53 71
95 73 208
96 15 255
97 110 77
98 88 75
99 55 245
100 63 138
101 100 13
103 71 246
103 28 174
104 89 83
106 64 101
108 56 64
108 93 124
109 60 222
110 77 299
111 14 139
111 26 98
112 15 201
113 1 94
113 74 288
114 45 231
115 72 34
116 95 130
117 15 284
-1
360
2 104 6
3 106 27
3 21 152
5 115 254
5 9 236
6 25 262
7 96 158
8 44 86
8 110 74
9 46 42
9 39 93
11 93 78
12 44 226
15 104 194
16 95 202
17 64 47
17 9 27
18 106 105
21 94 292
26 52 49
26 90 254
27 57 182
28 52 275
29 59 119
29 87 292
29 38 190
34 4 299
36 50 120
37 12 263
38 43 154
40 13 60
42 11 153
45 42 294
46 73 19
47 107 9
49 8 26
49 99 265
50 113 73
52 47 156
53 83 116
53 5 127
54 42 206
56 66 1
57 37 39
58 79 70
59 61 86
63 93 152
65 86 154
67 10 12
67 102 73
69 39 137
70 33 237
72 61 77
72 95 134
73 93 18
74 24 16
79 110 266
79 30 75
80 92 108
83 74 87
83 61 223
85 76 128
87 66 93
91 19 176
91 83 225
91 103 279
92 6 14
93 70 230
94 12 152
94 77 83
97 77 258
98 4 264
98 89 238
99 8 27
99 68 98
100 69 39
104 86 170
106 116 205
106 48 48
107 46 136
108 65 123
109 69 31
109 102 173
109 105 73
111 99 130
111 85 196
112 82 175
112 39 51
118 66 266
119 65 298
-1
360
0 2 148
0 58 177
1 6 123
2 93 141
3 118 225
4 104 84
6 110 248
6 52 236
7 20 145
7 50 44
13 13 199
14 0 172
14 33 74
15 110 60
16 8 0
18 100 50
20 46 171
20 51 152
23 53 142
23 49 95
24 24 260
25 60 125
26 82 79
26 113 204
31 40 278
32 4 32
33 15 21
33 59 218
34 55 23
37 83 239
38 18 268
39 64 154
40 107 11
43 103 289
43 16 250
44 14 167
45 56 187
46 64 98
47 105 295
48 46 170
48 3 278
49 14 288
51 68 53
53 89 181
55 66 162
56 115 175
57 94 182
59 70 34
59 112 178
60 97 234
65 57 72
66 25 5
66 4 270
69 29 247
70 10 247
70 58 85
70 85 9
73 52 135
73 51 58
73 65 172
74 49 181
78 91 293
78 26 295
79 109 7
80 73 296
81 23 19
82 24 134
83 68 274
84 63 280
85 92 157
86 20 262
86 61 211
87 62 59
88 35 184
88 51 258
93 100 261
93 103 113
96 71 228
97 31 184
98 81 97
98 94 297
98 32 264
101 31 54
102 0 101
102 7 76
102 1 161
102 81 171
103 11 176
105 73 174
106 35 189
109 117 145
112 35 123
113 103 157
114 80 160
117 118 112
117 116 48
117 84 182
118 20 68
118 79 132
118 43 226
-1
360
0 3 219
1 10 286
3 70 162
5 76 55
8 29 134
11 115 59
11 107 209
14 8 245
15 33 137
16 76 254
16 6 117
16 99 108
16 51 196
21 57 89
21 71 190
22 62 93
22 114 24
23 32 21
26 3 13
26 67 263
26 23 272
31 68 211
33 57 233
34 71 11
35 114 138
37 22 42
37 53 4
37 58 56
38 82 116
38 57 34
39 55 260
40 48 244
41 69 39
42 82 191
43 52 67
45 69 16
45 10 132
47 78 227
48 69 273
49 13 207
50 110 111
50 85 125
51 22 151
52 36 36
55 5 253
56 2 149
56 6 281
57 90 173
61 8 263
63 110 243
64 28 205
64 19 154
64 104 0
67 26 298
68 26 44
71 56 243
72 107 190
72 48 25
73 64 233
73 95 263
73 93 259
74 14 170
74 24 37
75 74 52
75 22 222
77 113 72
79 19 19
79 112 293
82 81 85
82 26 281
83 114 158
83 101 107
85 72 37
85 117 19
86 35 78
89 2 193
90 45 218
90 74 196
91 0 98
92 24 148
92 17 155
94 66 243
96 65 21
97 62 92
98 39 18
100 119 135
100 54 84
102 77 131
103 77 281
104 98 244
104 20 39
106 16 73
108 100 56
109 104 10
110 35 180
112 15 27
115 87 133
115 105 258
116 38 270
117 92 181
-1
360
0 9 77
1 59 186
1 90 174
2 68 148
4 96 93
4 92 176
7 70 236
8 54 297
9 50 0
9 48 55
10 1 185
12 31 7
13 36 269
13 107 245
14 110 64
15 106 256
17 33 34
17 43 215
17 37 22
18 22 136
21 105 49
21 88 116
24 17 137
25 13 35
28 82 82
29 45 9
31 110 280
33 77 41
34 91 259
35 29 288
37 68 253
38 42 278
39 34 218
39 77 156
40 109 133
41 58 178
41 100 83
41 66 97
42 99 205
43 73 263
43 3 247
44 31 163
45 71 143
45 77 151
45 97 143
47 58 226
48 84 156
49 95 299
50 111 234
51 47 252
52 44 183
54 31 96
55 8 186
56 22 250
57 62 264
57 80 92
62 98 79
63 97 216
63 20 294
63 105 133
63 4 248
64 90 198
67 73 234
67 15 220
68 67 66
69 2 165
69 65 15
69 60 218
70 7 191
71 103 140
72 26 218
72 30 9
73 96 43
74 25 43
75 49 206
76 13 66
76 113 1
81 58 264
81 71 15
82 20 275
83 118 28
83 47 57
84 8 262
85 46 73
87 42 5
88 86 240
89 7 205
90 13 251
90 100 167
90 118 103
90 13 87
92 11 284
93 25 276
93 40 53
94 18 49
100 6 284
101 69 0
104 83 268
106 78 290
107 51 173
109 54 180
112 103 23
113 99 114
114 2 164
115 36 278
116 17 121
118 37 215
119 76 81
119 90 32
119 94 143
-1
360
0 46 121
1 119 267
2 19 119
2 72 131
3 29 227
3 2 163
4 17 115
4 59 244
5 113 187
5 31 278
6 105 1
7 95 144
9 69 161
12 56 154
13 78 89
13 20 16
17 1 88
19 97 47
20 56 1
21 15 180
22 24 144
23 9 119
24 48 222
24 59 198
26 11 87
26 108 264
27 113 212
28 105 276
28 69 219
28 6 107
30 68 258
30 31 40
33 57 275
34 106 295
36 5 92
36 36 11
37 119 285
38 24 219
39 9 41
40 6 63
40 88 53
41 99 84
41 109 272
41 76 160
46 83 42
49 60 116
49 53 222
50 104 94
51 5 177
51 40 265
53 34 43
53 35 19
53 114 52
54 113 62
56 63 189
58 95 292
61 52 151
61 48 205
61 116 9
62 90 244
63 31 69
63 104 123
68 77 148
70 50 44
72 119 68
72 90 17
73 55 148
74 63 69
75 61 296
76 35 105
77 35 91
78 104 52
82 69 293
82 101 107
83 11 207
85 48 227
86 10 130
86 22 209
86 2 288
86 13 170
88 18 189
88 81 204
89 50 207
90 86 241
91 101 290
91 96 182
94 14 154
94 28 218
94 3 31
95 68 269
96 26 30
96 114 112
96 1 79
98 90 179
100 59 173
101 61 62
101 0 260
102 65 149
102 32 235
102 81 294
103 7 283
103 47 203
108 64 59
110 53 228
111 57 84
113 96 191
115 97 266
115 86 193
115 115 167
115 15 60
-1
360
0 8 103
1 22 112
3 2 125
3 72 246
3 79 183
3 86 126
4 73 226
4 112 161
6 71 57
6 75 68
8 75 152
8 37 237
9 48 88
11 18 288
12 111 93
13 20 31
13 2 89
13 117 140
14 11 12
14 99 246
16 55 199
17 40 2
18 80 234
19 23 235
19 41 157
20 63 9
20 12 6
20 102 45
27 108 92
27 62 220
28 108 59
28 25 180
29 76 91
31 113 49
33 75 147
34 88 80
35 86 163
35 37 151
36 93 269
36 34 95
36 74 234
38 97 295
38 7 253
40 55 0
43 27 61
45 29 204
45 38 260
47 6 68
48 2 1
49 78 117
49 55 21
49 20 297
50 97 124
51 13 151
51 75 204
52 86 262
52 19 87
52 74 87
53 100 268
53 111 97
53 25 36
55 61 211
55 119 234
57 29 111
57 28 119
61 91 62
65 91 240
66 14 83
66 93 264
68 112 60
68 41 65
69 46 98
69 2 279
69 42 180
70 28 192
70 101 168
72 119 141
73 22 4
74 10 200
74 10 140
74 33 6
78 110 277
78 97 146
80 8 180
80 24 119
80 102 80
81 106 206
82 74 283
84 56 174
84 81 205
85 97 23
89 53 228
93 31 174
93 51 89
93 28 277
94 34 58
96 53 38
97 76 277
98 6 271
98 40 74
99 91 59
100 98 12
100 80 129
101 60 266
101 34 41
104 92 69
104 25 229
105 73 92
105 71 146
106 78 242
107 74 264
109 72 258
111 31 132
113 48 143
114 0 158
115 33 9
116 46 202
116 86 139
118 68 162
119 11 95
-1
360
0 33 155
2 67 61
3 90 218
4 27 82
4 96 228
4 47 282
6 60 90
6 66 262
6 69 108
8 22 289
10 98 161
10 18 172
11 58 70
12 64 152
12 116 111
13 60 38
15 113 61
15 20 88
16 0 50
16 38 179
17 73 23
18 53 249
18 97 132
19 102 263
20 37 31
21 68 144
24 17 167
24 46 166
24 22 169
25 22 24
25 39 246
26 76 51
27 91 120
29 50 13
29 91 250
29 59 156
30 6 2
30 24 157
31 70 102
31 9 191
31 27 288
33 83 110
34 24 160
35 39 156
36 42 194
41 65 245
42 26 286
43 38 12
44 30 217
47 117 254
47 25 160
48 34 92
49 112 139
49 53 151
49 76 259
50 100 242
51 32 184
52 95 68
53 96 31
56 70 289
56 39 239
57 68 168
60 93 246
62 35 144
62 76 258
62 19 213
63 58 259
64 44 224
66 10 194
66 44 290
68 88 153
68 36 7
69 98 244
69 119 110
70 47 246
70 47 270
71 93 22
72 25 206
73 119 153
73 72 32
74 1 270
74 26 139
79 58 28
79 15 25
82 59 267
85 1 55
87 55 261
88 30 233
89 94 156
92 87 170
92 79 151
93 62 113
94 20 131
94 15 143
95 86 165
96 0 255
97 98 89
97 93 74
97 4 79
98 75 99
101 22 278
102 84 60
103 23 26
104 90 211
105 103 295
105 78 57
106 94 290
107 13 247
107 38 202
107 81 268
109 27 52
109 3 240
111 63 253
111 67 67
115 83 70
116 33 228
116 103 125
118 46 27
119 72 12
119 23 26
-1
360
0 35 280
1 50 233
3 74 44
4 99 160
5 53 187
5 88 285
6 62 217
6 66 31
7 75 233
7 98 76
7 66 68
9 48 106
10 77 36
10 90 211
12 60 135
13 100 166
16 76 212
17 29 183
17 6 164
18 95 250
18 113 236
19 44 125
22 31 98
23 89 196
24 62 31
26 25 0
26 111 23
27 99 172
27 78 92
27 18 199
28 88 231
29 55 174
30 7 38
31 71 113
32 42 248
33 1 260
33 12 139
33 4 209
38 58 170
40 4 168
40 105 216
41 72 260
41 2 140
42 76 290
45 82 242
46 93 40
46 92 95
47 49 272
48 98 253
49 78 169
50 16 178
50 75 64
51 8 176
54 116 234
54 34 223
55 72 128
56 26 242
56 84 272
56 30 218
56 2 7
57 24 11
58 72 10
62 79 246
63 24 208
65 12 170
65 107 13
65 87 66
67 27 244
68 78 72
68 70 54
68 33 129
68 22 157
68 82 220
70 35 39
71 81 20
71 110 104
72 110 229
73 80 131
74 107 10
74 50 98
75 24 46
77 100 224
79 39 12
80 110 294
80 41 182
81 57 193
82 56 57
82 96 189
82 7 190
82 111 238
84 64 82
87 8 289
88 74 280
89 15 228
91 48 171
92 106 195
92 23 74
93 94 254
94 11 107
96 49 275
97 91 166
99 55 219
100 56 245
100 17 293
101 98 176
102 16 127
104 83 147
105 109 271
106 51 154
107 64 92
108 38 105
108 75 158
108 117 43
108 50 280
109 10 267
109 71 251
110 75 4
111 76 100
111 18 6
112 70 273
114 114 230
114 78 204
115 24 121
115 100 99
115 8 158
117 90 203
117 16 54
118 99 246
118 15 85
118 5 267
-1
360
0 96 12
2 43 248
4 88 256
5 112 285
5 35 11
5 113 84
5 61 45
8 55 21
10 65 133
10 82 109
11 2 29
11 10 85
11 43 132
12 95 265
12 88 20
16 117 257
17 1 87
17 103 194
20 89 103
22 106 86
24 112 290
25 58 225
26 11 251
27 81 43
28 84 20
28 30 189
28 5 187
31 96 73
31 53 245
32 33 60
36 94 258
39 108 182
39 37 171
39 57 267
40 23 117
40 48 142
40 101 46
42 79 261
44 0 48
45 13 100
46 5 218
47 9 222
48 71 97
48 15 293
48 18 219
48 91 153
49 80 196
49 2 61
49 50 288
50 94 16
51 108 268
52 96 245
52 34 104
54 93 109
54 117 106
54 48 199
55 34 47
56 7 123
58 72 290
59 96 38
59 86 158
59 118 63
61 27 62
62 54 278
64 92 145
65 99 155
66 113 294
66 14 190
67 118 255
68 78 284
69 25 151
70 2 218
71 84 100
72 10 166
74 17 227
74 78 58
74 83 270
75 46 146
75 82 122
76 104 297
76 115 81
77 94 118
78 44 29
78 45 29
79 22 38
81 116 125
81 16 9
82 53 268
83 111 85
83 22 204
84 81 134
88 113 198
89 104 24
89 95 197
90 44 241
91 92 266
92 109 141
92 69 288
93 30 264
93 41 284
95 25 118
97 45 85
98 87 261
98 20 270
98 8 33
99 25 102
99 65 28
100 93 268
100 7 233
101 81 260
101 77 225
102 97 150
103 25 171
104 12 241
106 1 6
107 18 23
109 36 279
109 70 153
111 82 27
111 109 117
112 36 276
113 100 116
113 55 19
114 75 183
114 25 31
114 45 276
116 90 296
116 67 198
116 65 219
118 100 125
-1
360
1 87 76
2 65 250
4 85 76
6 96 269
6 0 198
6 81 169
7 37 16
7 79 235
8 4 270
9 32 114
9 35 293
9 42 78
12 113 207
12 111 59
12 34 34
12 99 189
13 62 7
13 69 224
14 101 104
15 22 115
16 82 201
19 51 125
19 43 212
19 116 46
22 61 170
22 40 215
23 7 61
25 31 81
26 112 178
27 63 101
29 38 108
31 83 140
32 51 125
32 100 170
33 113 48
33 30 291
34 10 257
35 71 26
36 17 94
36 89 230
39 13 290
39 82 14
39 18 288
39 22 37
41 88 249
42 79 149
45 9 2
45 24 21
46 50 214
46 66 62
46 89 32
48 76 96
48 33 192
48 8 117
49 85 30
49 114 186
50 17 153
52 82 89
52 112 151
53 76 195
53 1 230
53 35 143
55 91 81
55 96 231
56 1 119
59 8 59
59 110 2
59 96 108
59 99 284
60 83 122
62 104 268
62 99 235
64 73 111
64 9 53
64 56 217
66 16 51
67 12 63
67 96 203
68 85 138
68 78 269
71 45 193
72 51 149
72 72 211
75 85 167
76 56 227
76 64 201
78 23 5
79 98 200
82 86 199
82 51 158
84 26 215
84 5 89
85 91 236
86 11 259
87 89 142
88 76 285
88 62 159
89 50 27
91 75 70
91 74 127
92 19 209
93 64 91
93 77 161
94 4 36
94 74 243
95 47 261
95 75 180
95 119 254
96 107 53
96 90 269
96 98 48
97 26 124
97 42 121
98 67 238
98 31 21
99 76 199
99 67 274
101 68 116
101 5 54
102 34 244
103 99 124
104 51 187
105 111 174
106 9 244
106 2 112
106 18 19
106 66 251
106 29 113
107 73 11
108 30 188
111 101 212
112 46 76
113 90 184
113 61 258
115 14 270
115 81 69
115 54 291
118 117 126
118 53 26
118 107 36
-1
360
3 59 184
4 26 37
4 115 53
5 31 193
5 49 292
5 21 88
6 117 273
7 116 226
8 108 75
9 84 191
9 105 261
11 29 89
12 97 270
13 110 198
13 8 203
13 27 168
14 59 81
14 70 165
14 91 91
16 33 21
16 46 81
19 95 217
20 58 142
21 26 245
22 116 291
23 45 47
23 116 99
24 110 279
24 35 260
27 54 81
27 31 36
28 97 53
28 45 229
28 105 112
29 4 2
30 22 173
31 77 58
31 82 57
33 28 190
34 59 264
35 101 50
36 79 106
38 85 243
39 19 56
39 65 178
40 31 292
41 72 146
42 32 163
43 32 170
46 101 57
46 97 235
47 22 79
48 104 229
50 23 193
51 108 206
52 48 85
52 68 152
53 51 256
55 5 83
56 38 167
56 61 273
57 19 110
57 85 165
57 60 96
57 106 130
57 50 236
58 40 204
58 71 225
63 39 96
63 38 282
63 26 280
64 55 208
64 97 37
64 3 40
65 108 289
65 102 17
65 4 250
67 72 191
67 70 194
68 3 286
70 36 39
71 17 11
72 20 262
72 26 256
73 79 222
75 12 81
75 59 97
76 21 198
76 30 52
77 63 188
78 104 156
78 112 0
78 97 65
79 10 52
79 48 263
79 53 37
80 87 207
80 18 130
81 33 242
83 76 35
85 73 135
85 37 184
86 77 60
88 14 290
89 42 182
89 62 104
89 60 8
90 10 205
91 101 44
91 93 95
92 75 132
92 33 99
93 56 66
94 116 102
95 78 166
95 27 280
96 79 193
99 90 226
100 8 30
101 118 40
102 37 227
102 14 149
103 73 295
103 101 97
104 34 167
104 46 178
106 100 89
107 21 27
109 0 110
110 116 2
111 31 131
111 55 204
111 108 134
112 97 282
113 5 191
114 62 213
118 55 168
118 51 88
119 23 97
119 114 4
-1
360
0 10 201
1 45 212
1 76 98
1 102 62
2 86 40
3 16 153
3 67 58
3 23 43
3 27 30
5 18 273
6 105 75
6 93 115
7 41 251
9 46 285
9 7 127
9 81 260
10 9 184
10 11 222
11 92 252
12 111 262
12 107 217
13 22 196
13 110 178
13 86 164
13 52 175
13 103 179
13 42 225
15 81 33
16 15 90
17 50 143
17 62 208
17 75 298
19 17 281
19 104 37
19 29 83
19 69 282
19 114 146
20 71 73
20 81 196
22 83 144
24 57 124
26 81 250
26 70 90
26 38 57
27 1 226
28 50 145
28 18 250
29 100 70
29 49 208
32 100 6
32 86 197
35 36 254
35 63 9
36 35 210
37 90 268
37 16 236
37 21 164
38 14 114
38 41 31
38 47 153
38 103 94
39 23 270
39 20 252
39 24 89
39 2 226
40 56 124
41 84 94
41 14 264
43 87 224
44 21 239
46 102 150
47 100 122
49 59 8
49 74 76
52 104 140
52 76 175
54 53 171
57 38 233
59 109 265
59 110 126
61 58 54
62 77 220
63 60 111
63 8 98
63 77 127
64 50 199
65 118 254
65 6 232
66 103 288
66 17 9
67 7 167
67 35 115
67 73 3
67 79 71
68 1 123
68 62 32
70 41 81
75 100 62
76 50 13
76 24 290
77 65 283
78 111 285
79 108 51
80 72 175
80 20 44
81 36 215
81 88 77
81 17 198
81 28 5
83 44 18
83 85 77
83 19 142
85 48 52
85 30 247
86 96 209
86 14 55
90 7 249
90 50 240
91 57 49
92 24 49
92 80 156
96 44 65
96 25 136
99 21 112
99 106 181
99 19 158
101 35 130
101 115 261
102 59 68
104 32 67
107 4 110
107 89 75
107 30 241
107 94 228
107 21 112
108 98 26
110 60 220
110 79 151
110 56 64
111 90 206
112 70 74
112 46 263
112 16 189
113 54 250
116 85 159
116 86 291
117 110 89
117 56 133
118 100 97
119 103 99
-1
360
1 50 211
1 53 144
5 58 24
6 37 244
6 11 77
6 86 208
7 49 95
7 56 188
7 70 80
7 34 164
9 30 236
10 84 101
10 37 274
11 77 229
11 106 68
13 114 109
16 15 53
16 118 75
17 90 62
19 64 204
19 3 34
21 50 75
22 91 176
23 13 88
24 95 26
25 76 298
25 62 204
26 37 11
26 73 174
27 94 174
28 10 95
30 103 157
30 6 133
32 90 229
32 57 109
33 105 256
33 58 203
35 25 284
36 106 288
36 98 136
36 90 211
37 80 258
37 2 17
37 79 119
38 79 40
38 16 160
39 74 216
39 113 268
39 119 227
40 109 238
45 99 47
46 46 42
46 101 229
46 103 278
47 45 124
48 112 162
49 85 56
49 79 29
50 83 45
50 23 132
51 63 178
51 19 267
52 51 16
53 41 157
55 30 50
55 78 183
57 31 185
58 33 248
59 89 106
59 99 37
60 118 119
61 110 105
61 74 107
62 40 89
62 84 278
62 27 78
63 71 8
65 20 195
66 74 223
66 52 245
66 20 60
69 102 56
69 27 178
70 61 42
70 58 186
70 58 2
70 104 26
71 46 258
71 105 104
72 40 73
72 53 189
74 53 135
75 101 211
77 35 132
77 14 184
78 93 130
79 119 102
80 38 15
81 80 280
81 85 166
82 107 103
83 103 186
85 61 159
87 97 264
87 31 272
87 40 176
87 70 65
87 19 145
88 50 227
88 76 50
88 1 122
88 46 185
88 81 88
89 104 242
89 36 39
91 25 210
92 49 292
93 75 174
94 79 185
94 80 9
96 8 173
98 24 157
98 60 17
98 48 12
99 113 190
99 40 75
100 113 218
102 53 9
102 14 33
103 18 265
103 95 161
104 79 293
104 100 228
109 116 216
109 83 185
111 10 167
112 10 291
112 105 3
112 56 263
113 54 50
113 65 179
113 22 188
114 80 36
114 100 242
114 115 173
115 49 40
115 68 24
116 61 87
118 66 148
119 6 127
-1
360
0 70 246
1 79 160
2 74 144
3 63 227
4 77 288
4 73 201
4 11 9
4 86 204
5 11 78
6 36 182
6 50 83
7 49 96
7 15 48
9 10 254
10 17 127
11 98 141
11 8 4
15 54 108
16 16 69
17 26 294
18 49 288
19 22 142
20 3 132
21 95 117
21 27 47
23 21 104
23 117 69
24 92 195
26 51 4
26 27 150
26 99 66
27 112 150
28 88 107
28 23 23
29 78 229
32 74 200
33 110 257
34 85 188
35 78 11
35 39 30
40 64 35
41 31 36
41 22 70
43 75 8
43 119 149
44 60 143
45 61 40
46 46 89
46 105 13
47 5 216
49 117 231
49 8 105
49 25 156
50 7 256
50 25 171
51 15 20
51 118 72
51 16 199
52 48 15
53 16 31
54 2 179
56 109 219
56 85 170
57 32 208
57 20 106
57 7 72
57 26 261
58 94 216
59 26 69
60 17 199
60 68 134
61 15 249
61 12 92
62 34 60
62 76 153
62 60 153
62 7 224
63 105 191
64 75 265
64 53 221
64 89 105
64 112 92
64 97 174
66 38 272
67 109 252
70 96 60
71 85 210
71 26 156
71 110 217
71 29 296
73 22 88
73 101 67
73 78 295
73 58 193
73 67 227
73 85 59
74 25 237
74 62 59
74 49 20
75 103 152
75 13 38
76 64 87
78 103 13
78 74 226
79 17 141
79 61 146
79 76 37
80 56 167
81 12 185
81 15 263
81 53 174
81 117 149
83 6 73
84 81 8
84 21 210
85 60 176
87 93 0
87 21 12
87 25 258
88 65 193
88 19 31
88 87 32
89 33 124
89 76 218
89 55 41
91 64 34
91 86 270
94 15 197
94 26 4
94 108 183
94 98 247
96 116 29
96 1 110
96 115 214
97 45 169
97 56 66
99 107 40
99 35 53
100 74 157
102 107 224
103 74 234
105 58 247
105 103 254
106 90 87
106 64 59
106 117 180
108 10 120
108 98 41
108 53 286
110 84 236
110 74 295
111 68 278
111 111 177
115 107 293
116 79 95
116 90 111
117 107 128
118 65 8
118 0 87
119 25 37
-1
360
0 0 89
0 64 62
1 72 104
1 59 206
2 119 156
4 69 121
5 94 47
9 35 223
9 104 131
10 89 83
10 111 77
10 17 241
11 87 104
13 67 116
13 100 119
13 100 202
13 25 91
14 17 93
15 39 175
16 62 93
16 8 246
17 48 171
17 93 147
18 65 258
19 19 267
20 96 262
21 74 84
21 12 101
23 18 124
26 103 197
26 116 198
27 112 106
28 56 141
28 40 144
28 20 256
30 38 87
31 74 91
31 76 270
31 28 231
32 13 244
34 15 207
34 42 197
35 41 237
36 14 24
37 55 274
38 43 190
38 21 29
40 21 161
40 98 67
43 87 32
43 86 72
44 66 45
46 90 77
47 59 193
48 26 273
48 19 223
49 53 190
51 80 195
51 38 131
51 13 51
54 25 190
55 75 137
55 115 10
56 12 209
57 119 63
59 15 39
60 58 139
61 67 146
61 50 287
61 1 45
62 9 39
62 108 262
63 68 87
64 88 118
64 82 63
64 52 104
65 16 12
65 43 214
65 71 76
66 76 216
66 93 165
66 82 176
68 52 228
68 73 10
69 0 146
71 31 28
71 99 48
71 77 116
72 118 219
72 103 173
73 96 162
73 50 295
73 24 67
74 104 294
74 73 196
74 69 105
74 49 109
75 26 79
75 32 82
76 23 235
76 9 253
77 69 68
77 92 32
77 80 226
78 10 172
78 114 267
78 61 247
79 57 65
79 45 152
81 62 26
82 5 162
82 74 187
84 31 240
84 119 195
85 115 15
85 113 143
86 87 154
86 101 13
86 27 231
88 106 238
89 77 138
90 44 161
93 66 95
94 116 38
94 29 231
95 64 185
96 71 179
96 54 187
97 78 243
98 105 231
98 38 23
99 70 77
99 29 127
102 93 18
103 16 183
104 12 15
104 70 273
105 16 50
106 4 157
106 44 64
106 24 164
107 84 258
107 90 202
108 27 296
108 81 147
109 40 88
109 12 293
109 90 83
110 97 83
110 111 115
110 34 103
110 74 242
112 119 33
112 31 275
113 63 107
113 117 125
116 80 268
116 1 13
118 77 201
118 42 73
-1
360
0 35 202
0 103 56
1 105 234
1 92 190
2 100 124
2 53 118
3 12 211
4 11 160
7 115 134
8 97 298
8 47 78
10 109 189
11 89 211
12 112 36
12 117 262
13 59 197
14 3 40
15 4 140
16 101 238
16 68 123
17 98 228
17 48 95
18 56 235
18 89 237
18 100 38
20 63 38
20 71 218
21 78 220
21 49 34
21 58 6
22 41 86
23 119 108
25 114 262
25 41 76
27 72 169
28 69 233
28 34 236
29 14 202
30 45 148
30 106 147
32 69 274
33 43 272
33 72 134
33 82 286
33 64 7
34 97 267
34 65 184
37 83 191
37 32 80
39 34 113
39 50 287
40 26 6
40 43 43
40 44 89
40 82 55
40 75 272
40 7 255
42 113 72
43 37 284
44 52 38
44 100 119
45 88 287
45 45 55
45 39 297
45 68 285
46 103 105
46 85 1
46 15 16
49 48 214
49 13 15
51 2 154
51 93 43
52 3 171
52 113 175
55 83 297
56 57 194
57 90 177
58 57 17
58 90 109
59 11 167
59 71 49
59 76 29
60 19 26
60 91 212
62 85 239
62 81 70
62 12 289
62 17 131
63 91 276
63 118 247
63 80 36
64 11 70
64 71 75
66 28 280
67 76 89
67 18 223
69 21 166
70 79 46
71 90 183
71 32 201
71 15 265
72 109 197
72 32 5
73 12 9
73 32 23
73 21 29
74 53 295
74 26 250
74 79 111
74 39 222
75 85 36
75 76 150
78 88 207
78 6 79
79 104 57
79 17 154
79 97 93
80 5 279
80 97 168
82 105 270
82 0 72
83 45 129
83 79 216
83 101 294
86 110 88
88 44 74
89 97 85
89 86 138
90 42 142
90 72 33
91 45 16
92 76 132
92 21 142
92 118 178
92 100 251
92 19 265
92 94 152
93 63 220
95 85 114
96 75 182
96 50 255
96 0 121
98 20 173
98 62 107
98 49 124
99 79 257
100 93 147
103 50 166
103 87 56
103 110 267
105 107 277
105 54 254
107 90 126
107 103 294
107 88 115
108 42 298
109 3 59
111 22 41
113 95 292
113 16 148
114 66 43
114 116 62
114 100 289
114 2 190
115 73 32
115 96 172
116 84 51
118 108 231
119 6 13
119 23 299
-1
360
1 36 229
2 39 276
2 102 298
2 69 93
2 90 32
3 1 92
3 41 296
4 71 287
4 8 103
5 53 20
5 95 180
6 101 172
12 102 143
13 84 244
14 29 233
14 80 277
15 86 15
15 82 223
16 3 62
16 119 136
17 75 230
17 44 252
19 110 57
20 104 276
20 15 219
22 73 21
22 58 45
22 71 75
22 68 202
23 68 66
23 102 216
23 97 250
23 99 27
23 34 194
24 116 124
24 39 24
25 96 292
25 49 158
26 117 249
26 23 169
27 15 276
28 2 3
28 110 186
30 11 221
30 47 263
31 115 189
33 41 242
33 78 132
33 87 164
33 54 65
34 34 209
34 95 145
34 102 100
34 20 141
36 103 104
36 32 33
36 97 290
37 18 119
37 81 287
37 24 12
39 84 108
39 57 73
40 54 66
41 3 194
42 22 193
43 26 111
45 117 209
45 5 7
46 71 137
46 62 215
48 86 169
48 3 171
48 65 68
49 105 112
51 100 198
52 30 276
52 86 271
52 114 250
53 65 99
53 11 165
54 9 70
54 110 238
54 50 258
55 59 194
56 74 233
58 64 280
58 82 95
59 26 295
60 6 76
61 14 104
64 92 278
64 118 16
65 94 185
65 118 264
65 11 133
66 88 200
69 11 27
69 57 213
70 63 39
71 79 298
71 84 106
72 102 120
74 92 10
76 38 234
76 39 49
77 10 25
78 58 46
78 29 150
79 61 31
81 64 177
81 88 135
83 41 78
84 60 17
84 95 56
85 119 88
85 16 56
86 51 147
87 0 107
89 54 45
90 8 241
90 94 234
90 65 16
90 43 95
92 71 93
94 70 83
94 32 37
95 9 124
95 2 50
95 75 290
96 38 96
98 99 267
98 38 217
98 82 279
99 6 109
99 104 98
99 53 155
99 95 55
100 16 296
100 21 296
101 19 170
101 112 204
102 30 141
102 20 17
103 96 277
103 96 169
103 30 213
105 1 95
106 3 283
107 85 226
107 11 85
107 14 7
108 65 97
109 79 77
109 26 83
109 42 188
109 110 82
110 34 149
112 119 247
112 48 105
112 25 289
113 24 55
113 13 279
113 28 173
116 8 202
117 30 213
117 109 280
118 23 226
118 116 145
119 41 64
119 91 84
-1
360
0 26 110
1 102 297
1 95 98
1 58 287
1 31 266
2 90 39
4 93 14
4 28 17
5 30 152
6 2 141
6 63 238
8 110 283
9 48 178
9 5 51
10 113 294
12 34 43
13 59 239
13 87 294
14 75 85
14 114 124
14 69 10
15 93 38
16 94 270
17 48 283
17 34 76
17 12 152
19 101 238
22 14 38
22 48 18
22 31 64
22 82 73
24 13 184
24 54 97
25 95 26
25 3 191
25 115 65
25 109 221
25 77 192
26 67 74
28 58 133
28 113 209
28 10 149
29 34 228
29 62 162
30 117 69
30 106 228
30 117 102
32 110 152
32 63 267
32 58 160
33 94 130
36 103 229
37 108 33
37 70 56
37 62 170
38 39 250
38 105 98
39 114 111
39 99 258
39 112 81
40 39 231
40 108 253
41 22 164
44 81 144
45 55 191
45 23 120
46 62 181
47 114 28
48 83 99
48 69 104
49 26 91
50 70 248
50 21 31
51 11 32
51 28 252
53 62 246
54 93 124
56 6 251
56 104 122
57 118 56
57 77 252
58 66 257
59 1 299
59 12 90
59 45 33
59 88 293
59 3 216
60 19 252
60 55 250
62 6 64
62 90 138
62 105 30
63 20 68
63 34 283
63 83 155
64 48 293
64 44 244
64 57 152
65 94 141
65 118 214
66 37 140
66 44 234
67 115 133
67 8 289
68 79 178
68 45 298
68 113 0
69 74 139
69 97 115
70 103 3
72 111 289
72 3 81
73 70 25
74 66 149
75 30 201
75 102 164
76 27 209
77 106 143
77 118 259
77 104 179
78 75 191
78 13 85
79 26 155
80 21 220
80 14 67
81 43 59
82 109 103
82 24 152
84 56 1
84 116 115
84 44 126
85 17 197
85 117 258
86 15 134
86 49 121
87 8 89
87 99 5
87 25 206
89 113 83
90 84 239
90 107 55
91 117 299
92 48 238
92 96 278
92 29 15
93 118 68
93 118 87
93 60 20
94 104 29
95 51 144
96 114 74
97 9 111
97 0 18
97 113 8
99 89 258
101 25 10
103 1 182
105 66 199
105 100 219
105 118 162
107 17 275
107 96 50
108 60 212
108 31 111
108 55 223
109 4 291
110 28 32
110 66 266
110 94 26
111 7 272
112 0 231
113 95 224
116 90 55
116 59 62
116 11 82
117 41 283
119 22 138
119 101 174
119 59 131
119 67 64
-1
360
1 76 247
1 66 56
2 115 45
3 54 191
3 41 93
4 34 67
5 33 198
5 73 188
6 44 139
6 51 208
7 46 260
7 5 31
7 18 90
7 61 270
10 48 56
10 44 65
11 18 268
11 26 18
11 68 117
12 65 194
12 2 176
13 31 144
13 1 73
14 31 119
15 24 157
16 42 250
17 19 118
17 90 185
17 39 82
17 44 152
18 45 83
19 81 286
19 53 276
21 18 100
22 3 167
22 27 34
23 117 112
23 39 284
25 12 195
25 31 142
26 65 134
27 90 85
28 71 49
28 74 80
28 98 227
30 32 261
30 70 283
30 78 50
32 90 80
32 83 290
32 23 82
33 94 209
33 95 0
33 109 171
35 74 15
35 49 61
36 2 106
37 59 3
37 103 98
37 96 20
37 95 294
40 114 11
40 78 273
42 1 3
42 118 41
43 48 295
44 9 238
44 70 53
46 34 139
47 51 204
47 67 185
49 61 80
49 67 148
50 28 147
50 79 276
51 14 288
51 99 26
52 112 215
52 112 94
56 69 113
57 40 280
58 4 245
58 10 66
60 9 219
60 73 188
60 10 248
60 113 60
61 58 283
61 36 9
63 40 111
63 60 219
64 68 214
65 22 146
67 74 28
68 85 279
70 36 182
71 61 71
71 5 282
73 94 60
74 49 210
75 27 275
75 85 12
75 6 31
75 90 25
75 53 153
76 26 249
76 1 281
78 75 243
78 32 246
78 72 48
78 94 31
79 21 161
80 78 27
80 0 144
80 19 276
80 40 127
80 112 136
81 116 116
82 44 61
82 53 92
83 78 187
84 42 176
85 15 41
86 95 132
86 81 60
86 77 34
86 38 138
87 49 15
88 3 297
89 14 69
91 109 216
91 49 69
92 42 131
92 110 223
93 114 63
94 43 52
94 15 297
95 51 57
96 29 239
97 23 46
98 86 56
98 67 3
98 11 270
98 108 208
99 19 50
99 67 133
99 74 258
99 81 289
100 82 199
101 48 133
101 22 69
102 75 58
102 66 36
103 34 121
105 60 153
105 18 134
106 32 172
107 69 288
108 21 150
108 39 227
108 32 274
108 2 120
108 12 29
109 37 221
112 8 264
112 25 166
112 11 193
112 75 246
112 53 114
113 77 183
113 17 179
115 119 229
116 16 71
116 59 138
116 49 32
117 11 260
117 1 220
118 41 259
119 56 144
119 61 58
-1
360
1 81 261
1 77 279
1 55 34
2 4 161
2 59 266
2 104 56
2 32 138
4 21 130
4 115 84
5 51 151
7 109 206
8 99 105
9 57 252
10 96 122
10 52 238
11 42 2
12 37 249
13 4 24
13 102 85
13 69 266
14 56 141
15 54 65
15 101 85
16 113 32
16 98 95
16 53 91
18 19 54
18 93 40
18 87 264
21 15 217
21 93 183
21 109 40
23 7 116
23 6 58
23 86 212
24 87 85
24 8 171
25 75 191
26 1 78
26 83 139
27 110 127
28 56 3
29 96 90
29 7 275
29 87 245
29 71 288
30 46 47
30 69 75
30 19 129
31 105 120
31 106 180
33 50 239
36 50 260
36 2 192
36 90 131
37 72 71
38 88 41
40 93 221
40 65 57
41 89 104
41 50 214
41 95 74
41 119 231
43 17 137
43 23 7
44 51 197
44 109 143
45 57 69
45 65 225
45 92 249
46 53 48
47 93 22
48 74 91
48 47 238
49 70 265
49 46 202
50 32 155
50 107 267
50 41 2
51 71 272
52 61 278
52 4 169
52 21 18
52 31 155
53 75 127
53 56 274
54 83 88
54 102 290
55 21 60
55 17 255
55 45 66
55 3 12
56 58 41
56 41 73
57 63 67
57 36 291
58 118 184
59 96 119
59 36 103
60 17 116
61 81 117
61 8 227
61 103 129
61 63 104
62 62 156
64 30 232
65 26 74
65 80 0
65 111 93
65 9 197
65 63 291
66 92 286
66 110 227
69 56 274
70 53 92
70 9 157
70 47 199
70 21 178
70 10 254
71 1 284
71 93 110
73 36 198
73 68 21
75 3 129
75 114 11
77 64 89
77 22 242
77 65 266
79 116 157
79 116 64
79 92 130
80 79 160
82 17 21
82 89 236
82 20 89
82 46 211
82 66 155
83 72 232
84 49 265
85 103 189
85 104 182
85 22 0
86 59 44
86 49 107
87 75 231
89 60 285
90 34 206
91 59 263
91 2 279
92 1 13
92 102 268
92 0 233
93 46 50
93 52 229
94 99 2
94 21 270
95 70 6
95 67 9
95 68 87
96 7 239
96 58 295
96 35 69
97 53 179
97 71 188
99 118 171
100 79 204
101 98 76
101 69 185
102 50 14
103 74 234
104 65 218
104 92 74
105 11 171
105 67 278
106 12 289
106 50 208
107 11 78
108 40 253
108 76 283
109 83 143
111 3 284
111 38 126
112 56 55
112 58 189
113 43 140
114 17 67
116 7 184
117 83 266
119 3 201
119 80 62
-1
360
0 31 185
0 26 294
0 56 208
1 76 233
1 116 87
2 88 211
3 42 191
3 92 159
3 105 146
3 34 223
3 1 148
3 19 99
4 79 112
4 37 163
5 77 0
5 55 163
6 26 204
7 105 240
7 85 59
7 73 161
8 43 176
8 94 71
8 7 26
9 53 280
9 13 290
9 77 191
10 17 135
10 75 132
10 44 44
10 60 243
11 119 170
11 19 105
12 27 233
13 100 218
14 17 141
15 118 157
15 40 248
16 4 94
17 106 191
17 60 86
18 110 87
19 115 127
19 115 177
20 85 100
20 1 277
20 64 272
21 102 130
23 73 212
24 34 201
24 79 200
25 78 295
30 108 62
31 26 248
31 114 191
31 70 165
32 112 193
32 12 267
34 99 299
34 52 157
37 91 29
37 47 245
38 54 200
38 52 215
38 25 107
38 17 270
39 44 277
39 11 239
40 58 285
41 70 61
41 5 274
42 31 54
43 63 107
43 31 248
43 7 19
44 36 228
45 17 158
45 66 299
45 30 206
45 58 188
45 107 156
46 24 171
47 106 221
48 108 272
48 48 170
49 84 174
49 42 21
49 107 100
50 119 140
51 72 60
51 51 10
51 88 194
52 67 163
53 34 205
53 44 102
54 112 183
55 72 107
56 34 279
56 65 66
57 44 217
57 46 176
58 30 213
59 0 186
60 115 151
63 38 147
64 68 220
65 100 93
65 110 139
65 110 247
66 61 274
67 0 104
67 87 167
69 76 271
70 102 119
70 113 54
71 37 148
72 21 42
72 36 145
72 53 80
72 63 196
73 43 200
73 22 80
74 23 127
74 16 151
75 51 243
78 32 167
78 89 296
79 25 83
81 117 137
81 119 30
81 96 241
82 110 186
83 117 57
83 68 248
84 80 111
84 73 185
85 84 296
86 18 181
87 85 286
89 59 95
89 98 221
90 83 49
91 115 272
91 54 69
92 114 152
93 87 4
93 112 198
94 47 126
98 87 69
98 84 150
98 12 151
98 91 273
98 90 255
98 104 136
98 37 203
100 115 286
100 66 146
102 113 223
103 103 229
104 94 86
104 15 181
104 46 73
104 97 113
105 77 285
107 83 156
108 53 181
109 43 158
109 11 66
110 115 184
110 80 280
111 42 275
111 67 135
111 111 73
111 56 80
111 86 245
112 97 94
113 101 277
113 35 248
113 74 52
113 75 118
113 36 149
114 112 205
116 43 238
116 59 156
117 8 146
118 1 242
118 13 167
118 30 138
118 36 168
119 105 246
119 54 241
-1
-2
