540
-1
540
-1
540
41 64 282
62 125 287
84 29 99
93 44 222
97 140 150
115 172 291
126 128 49
127 8 57
153 59 270
177 39 40
-1
540
33 25 215
66 141 230
78 69 262
104 20 196
111 178 265
125 103 70
134 64 41
136 70 126
139 4 51
160 78 127
-1
540
18 40 208
40 80 21
54 1 7
62 107 26
62 168 279
69 25 112
78 16 275
84 78 144
87 158 247
93 49 79
95 102 155
100 173 42
101 28 222
108 28 176
109 135 12
110 57 266
113 99 39
114 104 216
157 133 111
172 174 284
-1
540
3 15 197
4 49 150
18 51 237
38 18 96
38 33 32
44 52 47
49 95 33
71 76 76
73 107 137
81 159 291
96 162 161
104 11 291
115 55 46
125 44 77
129 104 166
134 55 85
136 1 234
143 21 254
159 126 164
166 121 0
-1
540
0 122 118
5 40 174
8 131 78
12 47 89
17 2 122
17 124 49
17 44 277
31 171 95
35 80 259
36 10 13
37 89 146
41 135 135
68 157 73
71 21 130
72 82 207
83 111 130
88 137 283
97 126 158
98 101 10
107 129 88
128 18 182
130 113 93
132 94 195
133 31 87
136 46 252
141 72 263
152 158 132
157 21 232
160 13 297
164 12 90
-1
540
6 36 160
9 34 209
11 154 279
12 59 20
14 176 222
18 77 8
21 27 167
30 101 137
31 24 27
41 135 120
55 76 220
71 67 9
76 145 282
77 61 145
98 128 38
100 35 186
114 44 257
118 176 280
122 113 127
127 93 84
135 140 122
135 25 134
138 70 20
143 66 51
148 82 185
160 151 12
167 165 117
167 109 225
170 72 96
179 26 134
-1
540
0 86 274
0 146 42
13 43 169
29 100 140
35 76 236
43 177 10
45 116 218
45 67 299
46 57 251
48 0 205
77 122 91
78 41 94
82 167 259
90 88 117
96 114 256
99 81 292
99 118 172
101 165 245
106 162 174
112 60 121
112 56 233
114 7 126
114 149 234
117 167 284
120 87 247
125 74 33
131 85 64
131 112 227
134 73 94
138 62 13
139 17 102
139 115 208
139 52 79
148 20 76
150 135 106
155 107 15
156 92 160
158 35 90
160 94 261
174 65 141
-1
540
4 121 186
5 30 126
20 71 152
26 8 230
38 22 37
49 128 54
60 108 275
60 169 0
69 145 187
77 134 218
79 69 24
80 120 145
80 9 254
83 73 180
86 75 225
88 3 202
92 153 83
95 21 197
96 162 161
97 148 91
100 116 210
105 50 224
108 169 290
110 80 291
113 119 60
114 158 92
116 89 180
119 68 44
129 140 252
137 83 70
140 152 191
146 136 33
148 71 65
149 103 220
152 95 125
164 35 24
164 132 160
164 33 104
167 81 120
170 88 193
-1
540
6 145 178
6 103 98
10 40 113
12 177 163
22 75 144
23 121 32
24 109 120
25 14 249
25 38 284
27 156 51
34 154 294
34 129 53
38 38 246
40 58 101
42 123 59
45 6 141
49 120 128
60 126 58
68 50 197
77 144 272
84 154 201
88 170 9
90 82 121
90 103 138
93 148 103
97 14 112
100 27 69
101 12 27
111 121 79
117 165 82
123 102 233
128 27 117
135 22 84
138 93 262
139 49 58
149 158 178
151 80 223
151 50 58
153 93 178
158 85 193
160 32 166
161 102 129
161 37 21
165 93 263
167 44 169
170 91 69
172 48 156
176 56 264
177 35 243
179 38 50
-1
540
2 13 130
3 79 32
5 5 215
6 70 294
20 166 201
24 36 22
29 30 55
37 127 235
38 163 175
43 141 50
62 168 45
64 41 194
65 19 93
66 37 211
74 157 131
75 154 260
81 156 120
87 148 200
93 105 282
95 2 70
97 128 106
104 79 284
104 70 1
104 160 259
105 121 206
107 158 169
109 130 248
114 115 288
114 4 293
116 99 108
124 88 115
130 156 86
131 2 169
133 137 138
136 132 132
137 161 159
137 13 278
140 51 160
141 111 284
149 69 214
152 9 215
153 36 172
154 41 110
155 173 244
157 115 45
161 99 149
165 153 115
166 32 259
174 170 295
176 110 189
-1
540
12 124 99
15 79 188
18 169 164
20 68 20
26 164 82
28 57 141
38 27 109
38 173 296
40 136 202
43 151 77
45 129 86
50 70 271
51 63 63
54 122 86
58 141 276
59 50 267
62 63 120
63 33 56
64 149 194
67 172 177
69 59 72
70 50 44
73 129 25
73 159 176
77 170 196
78 174 18
80 115 134
81 12 164
86 159 179
88 78 192
93 99 187
94 148 240
100 108 25
102 114 196
114 43 94
114 118 163
114 71 293
119 21 55
122 172 234
124 124 59
125 67 108
125 128 176
126 96 186
127 169 73
134 120 291
135 79 150
135 61 278
142 150 98
145 143 85
150 156 34
150 35 211
151 72 165
157 82 259
161 86 47
163 161 238
167 164 169
170 27 65
172 156 84
173 5 54
174 134 201
-1
540
0 29 137
3 50 122
7 25 207
8 91 125
8 39 294
14 11 84
21 106 105
21 10 198
24 13 23
25 44 161
27 88 193
35 28 231
45 114 90
46 17 229
46 127 140
52 119 246
52 38 198
56 49 202
57 145 59
64 40 47
67 112 222
71 152 133
71 60 48
78 149 96
84 38 21
86 77 85
88 135 176
92 37 285
97 2 72
98 40 175
100 89 100
101 175 218
112 40 248
113 119 156
114 161 280
118 45 211
122 80 113
124 174 34
131 132 289
132 168 269
133 78 3
135 55 69
137 80 37
139 59 9
144 73 185
147 128 7
148 172 173
148 108 267
152 104 90
155 178 173
161 102 105
161 60 141
169 5 194
169 21 239
171 157 56
171 136 149
172 28 201
172 83 80
172 135 296
175 106 186
-1
540
1 75 80
4 147 21
6 159 295
7 153 225
7 25 125
8 159 291
12 135 124
12 149 225
14 166 35
16 17 73
17 140 74
19 152 7
19 65 59
20 15 206
22 39 0
23 166 201
25 40 223
26 122 109
28 57 185
29 35 204
32 118 188
33 140 115
33 86 273
38 113 50
41 33 158
42 11 199
46 53 17
53 24 81
55 79 267
57 63 15
70 131 272
70 70 285
72 58 13
75 155 108
75 143 221
75 1 210
76 119 29
76 99 97
79 68 251
79 135 290
81 37 137
89 14 137
89 168 148
90 3 69
91 84 118
93 144 41
97 112 5
103 2 243
104 48 276
104 112 201
106 169 252
109 46 165
112 35 200
113 79 22
115 48 166
117 164 56
119 107 89
122 69 253
122 52 70
124 99 173
126 149 64
130 82 31
137 11 40
144 131 256
145 165 206
154 30 289
155 93 130
156 130 239
170 93 116
175 172 155
-1
540
3 132 104
9 119 264
9 23 221
10 9 108
11 126 297
16 64 193
24 4 7
27 45 91
28 67 96
30 43 33
31 152 74
33 147 172
40 25 23
43 6 141
44 104 16
44 177 298
45 70 212
45 121 285
48 55 22
52 28 289
53 2 257
57 84 41
58 15 63
58 12 23
63 125 253
67 177 64
72 166 119
72 87 17
73 97 285
77 44 73
78 104 159
86 179 235
87 157 234
88 47 173
89 172 277
90 176 64
91 107 138
91 8 230
95 0 232
97 11 89
98 127 212
104 36 219
109 173 193
114 159 240
115 69 196
132 96 72
132 138 140
133 15 94
133 23 44
134 83 114
136 102 162
138 77 107
139 45 208
141 81 104
149 45 241
150 56 190
151 24 120
154 86 148
156 18 234
158 140 268
159 119 203
160 5 74
161 42 83
166 74 120
167 68 25
167 26 109
168 140 280
168 82 42
170 151 143
173 134 94
-1
540
1 174 165
8 39 221
10 133 277
11 55 201
14 93 126
16 171 258
17 127 193
18 90 40
20 114 88
20 8 26
22 82 171
24 113 106
28 129 2
29 23 288
32 165 73
35 111 144
36 55 295
38 21 146
41 8 102
42 84 152
42 153 73
46 139 149
47 9 194
48 39 8
50 37 42
51 54 280
55 84 259
56 117 135
57 115 22
58 155 138
59 36 280
61 173 248
62 124 204
65 86 267
70 61 60
72 24 54
74 6 190
74 38 188
74 55 108
75 75 277
76 29 151
76 94 37
79 129 84
81 1 238
83 135 54
84 21 243
85 82 214
87 144 215
88 120 254
99 133 82
102 174 196
102 174 2
106 90 100
111 168 142
116 119 82
117 39 90
119 2 172
122 120 257
127 81 28
130 113 43
132 35 76
132 115 123
139 155 27
139 32 0
140 9 66
140 144 157
144 139 26
145 161 205
146 134 72
149 7 49
158 83 180
160 98 189
161 165 268
163 163 52
169 99 168
172 171 9
176 106 28
176 1 25
176 82 195
179 78 54
-1
540
0 95 151
1 132 182
3 140 191
5 42 35
10 22 158
12 168 254
13 52 82
17 34 126
17 33 61
19 131 76
20 62 164
21 10 101
29 13 84
39 143 21
47 0 100
48 170 52
49 29 203
58 43 118
62 56 3
62 28 116
62 41 194
63 13 107
65 102 78
66 118 237
71 26 68
72 104 4
74 0 199
84 125 206
86 100 285
90 106 253
90 39 172
90 5 244
95 172 127
96 171 144
97 44 130
98 19 114
99 15 16
101 97 96
103 83 163
105 85 40
106 90 208
109 90 8
111 174 157
112 121 67
112 7 216
117 121 186
117 109 129
123 36 222
123 108 249
124 117 280
125 45 38
127 166 26
131 124 54
131 24 212
132 89 258
136 167 265
141 97 133
143 85 137
145 161 145
146 138 14
147 75 283
147 130 34
149 167 153
152 2 187
153 112 198
155 169 27
156 49 285
159 127 205
165 144 6
167 12 93
168 138 13
168 46 20
168 22 82
168 86 95
170 177 184
173 138 292
173 87 234
174 179 85
176 8 62
179 136 9
-1
540
4 82 177
5 44 72
7 43 29
7 15 209
9 150 236
11 86 189
14 13 201
19 134 198
19 96 195
19 117 117
23 156 248
23 82 196
24 59 248
24 11 137
25 121 286
28 65 269
31 141 222
31 17 142
38 92 126
43 140 104
45 89 23
46 57 187
49 130 270
49 110 24
49 158 288
52 29 121
55 32 165
55 32 290
56 154 4
61 54 112
61 51 36
62 163 47
64 53 61
65 12 264
66 39 200
66 144 120
66 157 233
66 166 234
67 65 199
70 77 54
71 21 189
77 49 248
79 31 280
81 95 232
82 86 5
84 12 6
85 25 276
86 43 281
87 127 161
89 148 25
91 81 203
91 87 264
94 170 193
96 15 268
97 1 135
99 104 220
104 55 281
106 43 163
107 130 52
109 92 114
110 28 154
110 81 210
111 17 135
111 64 125
112 68 291
113 75 186
113 39 299
118 131 282
121 97 118
122 128 214
123 106 31
128 106 38
130 13 153
132 169 238
134 148 127
137 174 52
143 178 203
149 11 180
153 154 51
155 12 260
158 67 30
162 2 195
165 85 23
168 19 3
170 52 30
171 2 35
172 52 238
174 136 116
176 20 198
177 71 84
-1
540
2 82 219
2 138 112
9 20 103
10 41 244
13 106 47
13 45 20
13 12 218
14 142 34
16 146 280
19 156 104
20 3 3
23 12 244
24 16 199
24 75 150
30 55 84
32 126 136
32 81 53
33 59 40
37 84 127
38 179 201
38 175 274
39 30 119
46 59 217
47 74 54
49 174 179
52 79 192
58 109 125
60 84 260
61 158 44
63 54 113
63 93 299
65 81 9
69 89 10
69 25 23
69 90 251
72 161 242
72 146 282
75 65 47
79 8 260
79 126 176
82 158 114
86 111 295
89 175 249
93 13 10
93 93 52
93 71 243
93 51 299
95 161 269
99 101 265
101 160 8
101 10 0
103 179 257
103 107 261
103 53 42
105 90 155
111 55 146
112 97 54
115 10 185
119 3 36
121 26 148
123 147 207
124 176 29
128 152 245
129 84 173
133 9 192
135 39 26
135 121 217
135 94 117
138 94 43
139 45 179
141 110 70
145 142 259
146 64 45
147 2 245
147 96 116
148 67 93
151 89 116
152 75 40
152 37 34
154 1 85
157 149 68
157 51 192
158 97 215
166 155 85
171 82 167
172 85 139
175 171 268
177 77 242
178 176 125
179 76 284
-1
540
0 21 224
1 176 153
1 122 8
1 25 181
3 7 44
4 118 31
5 76 294
6 9 293
9 175 177
9 58 103
13 102 295
19 160 284
20 96 95
20 127 207
21 120 246
23 87 241
28 42 134
29 90 240
29 63 21
33 75 129
36 107 233
36 176 41
37 24 15
41 86 172
43 122 254
44 47 256
45 172 127
47 86 139
49 76 191
52 170 140
58 76 118
61 28 183
61 83 26
63 174 183
66 24 152
67 128 94
68 34 141
70 94 271
71 14 74
73 49 232
74 112 150
74 62 292
76 138 104
77 163 207
81 146 24
82 18 276
83 24 1
86 68 26
87 50 277
89 63 31
89 45 114
93 13 146
93 93 258
93 99 62
94 136 39
96 82 171
97 127 32
99 49 157
100 3 221
101 47 59
103 99 100
103 113 211
103 69 156
104 162 111
105 92 222
107 143 88
112 97 243
116 101 81
116 114 70
119 88 219
119 118 268
120 35 242
121 105 117
122 54 0
124 9 166
126 87 115
133 164 1
134 53 200
140 66 228
149 134 200
155 164 273
155 119 261
158 72 260
161 1 213
161 176 40
163 81 88
163 30 100
164 107 7
165 124 208
166 54 212
167 154 223
168 84 59
169 106 295
169 46 259
171 9 175
173 32 117
173 102 63
174 107 95
175 108 298
176 27 274
-1
540
0 107 21
5 149 10
5 54 142
6 94 200
10 110 184
11 70 125
11 55 244
15 99 206
17 139 261
17 2 104
19 161 61
24 1 201
24 9 246
27 148 1
27 59 192
29 130 274
30 44 38
30 37 279
31 177 142
31 73 151
36 20 99
39 142 248
39 92 167
41 29 39
43 33 75
44 114 66
47 87 134
53 105 55
58 167 153
58 156 72
61 154 9
62 166 161
63 104 122
65 72 240
65 120 164
69 109 281
70 167 240
70 137 69
74 149 126
77 12 79
79 65 86
81 22 101
81 47 79
84 0 39
84 13 76
86 98 83
86 26 278
89 62 60
89 162 27
90 94 208
92 114 96
92 20 79
93 83 11
96 126 152
98 147 37
101 14 219
102 142 104
103 125 43
103 74 43
106 24 179
107 161 146
107 96 233
108 81 165
108 169 127
110 4 62
112 60 21
113 33 19
113 18 76
115 163 275
116 178 92
119 113 126
120 127 111
123 5 100
123 82 245
127 50 200
128 55 284
130 8 70
131 169 253
131 1 73
133 163 33
134 97 287
141 77 288
144 118 67
145 59 52
146 144 114
147 125 268
152 37 232
153 173 84
153 64 97
153 93 112
154 58 155
157 98 13
158 153 66
163 61 161
168 178 257
169 166 137
172 86 110
173 139 206
176 135 157
177 89 43
-1
540
3 48 239
4 23 181
4 167 80
4 47 271
10 57 255
13 106 118
13 24 229
15 117 42
16 102 299
17 18 266
23 101 186
23 92 158
25 45 65
25 112 116
25 1 62
26 5 187
27 77 47
30 157 190
33 26 2
33 49 124
35 20 293
37 174 28
37 135 143
38 145 0
39 78 66
39 1 217
39 93 218
40 64 52
41 48 39
42 44 234
43 135 159
43 93 25
43 51 12
46 89 170
46 131 34
47 25 123
48 131 4
49 71 74
49 20 126
50 87 102
51 140 169
54 164 213
58 112 268
60 99 196
60 101 154
65 169 70
67 36 228
68 117 82
71 126 68
71 39 39
73 38 196
77 121 239
78 50 134
80 171 244
81 38 290
81 59 92
89 140 152
91 113 136
91 166 162
92 87 180
93 57 121
94 73 49
96 161 130
97 129 40
99 70 229
100 101 228
102 29 140
102 96 296
102 16 201
104 173 277
105 114 78
106 171 191
107 73 172
107 176 34
109 108 145
109 155 232
109 178 117
117 144 262
117 106 221
121 109 7
122 135 79
122 171 42
125 51 274
129 149 236
132 110 265
132 6 94
139 3 169
143 106 202
144 87 99
146 1 171
148 10 134
155 44 205
156 40 2
157 93 106
157 65 134
158 165 173
158 169 29
160 106 198
162 150 247
162 95 51
164 77 60
164 128 221
164 46 125
165 18 271
166 112 273
167 81 89
170 56 104
172 27 107
172 9 32
175 132 184
-1
540
3 144 16
3 126 13
3 66 182
5 56 56
10 61 31
10 84 281
16 94 254
16 18 232
17 38 35
18 173 42
18 41 113
19 118 212
21 11 146
22 68 21
22 155 103
23 109 269
25 24 260
27 164 16
28 166 95
28 163 172
29 63 2
29 45 214
33 89 256
34 14 10
36 22 173
36 144 111
38 174 24
39 27 235
44 38 3
46 37 43
47 135 81
50 136 96
53 154 106
53 110 50
53 175 279
54 50 181
55 171 52
55 127 276
58 20 76
58 170 226
61 66 164
62 11 98
62 1 289
64 57 161
66 156 198
68 11 279
69 168 45
71 155 80
71 13 225
80 65 9
83 160 238
84 137 179
85 150 114
86 107 149
86 28 68
89 54 91
90 84 71
91 78 133
94 51 210
97 23 245
99 122 129
99 112 244
100 73 156
100 45 124
100 72 78
103 71 235
104 179 13
104 176 144
105 135 171
106 30 121
108 87 29
109 67 26
109 2 163
109 110 244
115 173 144
115 159 133
117 51 75
118 62 247
121 143 193
122 142 72
123 78 146
124 62 245
124 166 251
125 32 13
127 67 126
130 36 290
134 58 124
137 64 216
139 63 93
139 20 161
139 71 295
141 62 0
143 112 176
145 127 75
146 179 221
148 157 248
149 11 116
150 54 113
150 179 117
155 146 122
157 172 145
166 51 289
167 107 30
170 147 90
172 178 10
173 133 33
176 171 202
177 18 20
177 52 170
179 87 192
-1
540
1 37 40
2 124 125
3 143 42
6 53 191
7 121 179
11 107 281
11 113 18
15 162 285
15 16 247
16 85 91
17 51 84
18 155 72
22 32 137
22 59 286
27 25 202
27 107 31
29 13 4
29 95 214
29 132 273
30 80 43
30 44 193
36 50 298
36 164 232
36 98 180
39 109 269
40 160 33
40 100 196
40 148 285
41 100 278
41 51 33
44 163 99
44 101 211
45 60 56
46 93 178
46 12 53
47 116 273
48 113 135
52 29 93
52 137 285
52 154 171
52 82 155
54 54 289
56 11 203
57 118 173
62 162 257
63 133 271
64 73 10
64 75 226
67 13 201
67 150 192
73 10 209
73 131 173
74 153 3
75 75 262
76 137 184
83 137 0
83 90 198
83 151 59
84 133 145
85 44 279
85 141 0
86 115 280
86 45 136
87 61 285
88 177 69
88 57 251
90 163 74
90 109 210
91 11 265
94 150 210
98 130 46
100 84 250
101 72 125
101 90 217
102 56 164
103 117 58
104 175 177
105 164 100
106 95 249
106 25 159
107 127 92
108 156 33
109 107 54
111 131 9
114 79 203
119 175 277
120 102 122
122 117 25
125 123 258
125 45 10
126 114 104
126 74 255
126 15 205
129 2 290
130 134 155
132 91 45
135 141 94
136 74 180
136 139 104
138 68 243
139 109 290
143 110 78
145 118 259
148 2 16
151 11 228
155 45 92
157 150 47
161 65 202
162 155 295
164 116 258
168 51 155
168 56 57
168 160 259
169 65 213
170 107 231
171 94 187
171 50 237
171 128 5
173 88 41
177 42 69
-1
540
0 63 88
0 124 118
2 137 136
2 26 65
3 29 115
4 12 105
4 97 85
6 39 167
8 71 32
9 62 281
11 39 84
12 112 54
13 60 96
14 125 169
18 94 129
19 55 276
20 11 234
25 92 78
25 151 22
26 172 103
26 106 68
27 49 202
28 126 227
28 157 159
30 6 244
30 6 73
33 125 296
37 18 277
37 14 99
38 67 1
46 124 111
47 113 13
51 20 82
52 87 95
55 120 132
55 160 137
55 96 295
58 52 164
60 118 227
61 56 256
62 75 94
65 141 47
65 153 68
65 54 111
66 135 224
66 117 51
68 136 229
70 158 54
71 144 172
71 177 254
74 96 194
74 7 202
75 92 7
76 155 80
78 112 174
81 119 243
83 141 137
85 75 16
86 22 45
88 157 42
90 98 262
91 51 17
91 0 47
92 34 57
92 92 282
93 96 178
95 11 95
98 44 18
102 95 170
102 58 275
104 106 257
107 113 145
108 26 90
108 45 54
112 97 123
112 105 88
114 104 188
117 24 212
118 169 226
118 49 196
119 44 180
119 74 11
121 171 156
122 98 82
122 106 71
126 139 258
128 91 132
128 80 250
129 5 163
131 108 281
131 111 289
133 152 289
133 101 23
135 114 44
135 36 66
136 119 280
137 110 129
137 117 72
138 76 39
138 109 129
139 30 167
140 98 245
141 50 172
146 55 30
148 110 249
150 12 19
153 44 189
153 138 284
155 117 66
156 37 226
156 18 115
160 55 229
160 59 264
161 54 68
162 140 117
165 28 177
168 75 109
171 96 196
171 46 250
172 41 144
-1
540
1 87 152
2 175 3
4 165 270
5 52 90
6 50 98
8 161 206
8 19 199
9 45 255
10 89 214
10 89 160
10 147 126
12 35 114
12 60 215
13 65 177
13 101 212
14 178 111
15 10 51
20 133 95
20 103 203
25 156 298
26 162 128
27 136 19
29 33 45
31 58 235
31 71 280
33 154 185
35 83 155
37 69 107
39 38 231
40 98 203
41 165 176
41 162 217
41 94 208
41 155 152
42 62 243
43 82 229
44 17 211
45 159 157
46 178 9
50 73 46
51 86 135
52 151 236
53 62 222
53 166 58
54 128 176
55 64 291
56 47 18
60 84 290
61 54 11
62 29 257
63 17 61
66 134 35
69 118 108
70 70 205
71 152 66
72 32 152
72 20 206
74 58 202
74 112 102
77 5 224
77 136 143
80 167 245
80 130 168
85 92 274
85 166 296
86 153 103
87 71 22
88 87 272
89 50 15
92 144 85
93 95 199
93 48 4
95 129 146
96 45 3
97 157 49
99 150 70
101 149 252
104 95 99
107 128 248
109 118 68
111 93 177
111 134 160
113 28 271
116 140 218
117 154 161
118 74 211
119 69 40
122 116 191
123 28 94
123 34 12
126 14 141
128 4 109
128 105 69
128 56 154
129 76 43
129 56 203
130 12 102
130 120 276
132 32 256
133 159 226
135 79 198
138 68 232
142 28 289
142 164 171
144 80 6
144 107 72
148 24 232
151 162 84
151 160 166
151 105 247
153 36 197
153 155 83
153 144 252
154 166 55
161 32 268
161 49 15
163 67 245
163 61 156
164 176 99
165 25 285
166 59 224
167 36 201
168 75 152
171 89 102
173 131 117
174 10 241
177 156 28
177 2 272
178 88 91
179 91 83
-1
540
1 74 157
1 67 208
2 153 213
2 5 136
3 42 218
5 148 39
7 51 43
11 176 98
13 173 257
15 51 163
15 88 42
17 47 238
17 47 160
18 85 261
19 19 110
20 65 44
25 76 91
26 118 252
29 143 255
30 11 71
31 80 239
32 113 70
33 146 1
35 129 120
39 76 276
42 22 126
42 43 160
43 135 143
44 152 110
45 154 169
46 98 189
47 64 140
49 4 10
50 108 6
50 45 230
50 92 207
52 167 111
53 68 292
55 19 42
56 77 184
56 99 292
56 101 56
57 150 138
62 141 298
65 33 92
67 37 35
70 73 31
70 92 13
74 166 137
80 29 216
83 161 253
85 6 249
88 157 35
88 129 17
88 146 85
89 45 55
90 106 283
94 53 103
96 7 205
97 136 296
97 110 187
97 52 112
98 42 47
98 107 182
100 44 26
102 86 256
103 60 162
104 5 21
104 87 278
105 160 41
106 63 214
106 98 143
107 63 40
108 169 234
108 57 289
108 7 208
109 159 233
109 178 125
109 106 97
110 100 247
112 36 283
112 155 49
114 147 157
116 150 12
117 73 198
119 165 200
119 112 240
120 173 196
122 172 260
122 86 141
123 41 155
124 158 148
124 81 270
125 54 5
128 62 246
129 19 173
133 106 179
133 63 61
133 95 226
135 128 275
136 128 9
137 168 56
138 88 152
139 24 194
141 153 205
143 170 263
143 25 9
144 152 220
145 63 239
145 84 164
146 81 69
148 104 99
148 4 164
149 96 191
150 113 68
155 136 143
156 68 12
156 105 186
157 74 143
158 29 287
160 40 202
165 175 12
165 145 42
167 41 42
168 77 201
170 110 231
171 65 166
173 8 73
174 71 58
178 95 20
-1
540
0 1 67
1 5 288
2 75 85
5 89 4
5 26 20
5 40 20
8 103 36
10 36 187
11 12 26
11 99 127
11 155 264
11 55 88
12 67 210
14 44 213
15 98 61
17 29 145
18 25 165
18 117 208
19 147 130
19 77 0
20 89 178
20 40 106
22 3 187
22 166 77
22 116 41
22 77 262
25 41 136
28 18 9
28 52 121
28 63 47
28 120 211
30 121 270
32 72 46
36 166 72
37 54 50
37 170 179
38 139 81
38 167 173
38 101 17
40 136 166
42 39 292
44 160 164
44 157 65
45 15 1
48 106 261
48 101 10
48 9 297
51 85 129
52 78 133
52 41 141
54 8 275
54 49 90
55 163 171
57 152 151
58 121 128
58 87 39
59 13 100
61 26 245
62 61 95
70 169 296
71 144 52
72 136 182
73 53 56
74 72 229
74 108 220
78 26 291
79 51 67
79 103 151
83 172 150
86 158 29
86 77 56
87 4 7
88 99 13
88 147 159
88 98 159
89 132 229
89 30 290
89 41 81
93 50 94
99 108 63
99 174 185
101 57 206
102 83 270
106 37 273
106 157 38
106 87 4
106 109 59
107 15 138
107 138 74
108 64 245
110 48 155
110 125 195
113 110 63
113 59 214
113 29 279
114 24 177
117 160 269
117 78 100
118 56 180
120 159 83
120 23 299
124 121 120
124 115 105
125 19 95
129 104 46
130 43 117
131 19 133
133 134 228
133 110 239
133 124 225
140 129 52
140 107 255
143 157 21
144 83 99
148 48 85
151 108 7
152 16 298
153 136 284
153 25 226
155 53 276
158 159 126
158 91 248
159 56 263
163 57 229
163 74 270
163 124 95
164 53 162
164 27 156
164 63 36
166 158 31
169 5 56
169 29 55
170 85 91
170 3 220
170 65 14
172 148 48
174 9 155
178 62 148
178 65 142
179 143 124
-1
540
4 82 105
4 158 89
5 130 108
5 54 40
5 120 213
5 130 278
10 111 60
13 116 112
14 67 288
15 130 74
16 174 255
19 49 101
20 5 69
21 173 226
22 143 165
22 65 45
23 134 273
23 81 104
24 68 47
25 116 110
26 105 132
26 61 96
28 94 36
29 117 191
34 145 228
35 141 56
36 52 190
37 78 275
38 174 276
42 153 32
43 79 164
43 76 45
44 117 252
45 162 157
49 91 37
49 3 44
51 99 282
51 59 129
54 4 8
56 29 225
60 116 77
62 75 4
63 121 242
68 150 194
70 171 291
71 172 116
73 158 211
73 127 223
75 46 122
75 1 109
75 54 162
76 149 35
77 16 253
77 146 66
78 76 232
79 10 229
81 174 111
82 6 73
83 22 146
83 140 123
84 175 254
84 27 92
86 5 242
88 90 230
90 0 278
90 50 183
90 128 73
91 134 264
92 115 98
94 150 100
94 57 120
95 176 171
97 28 93
97 72 5
98 11 43
98 41 212
100 97 256
101 61 247
104 11 115
104 65 16
105 46 152
107 84 46
107 71 26
108 52 10
109 53 124
111 127 152
112 3 275
112 13 4
113 69 4
113 148 190
115 151 112
115 29 48
116 107 264
117 177 65
117 1 171
119 39 139
120 125 262
122 36 149
123 170 16
123 25 257
124 84 133
124 28 154
124 105 4
125 101 4
126 179 237
128 32 117
128 92 61
128 112 226
130 173 136
130 162 262
131 174 141
134 179 7
136 179 184
138 96 37
141 103 265
141 70 181
142 158 230
143 142 57
143 107 184
145 70 289
147 92 286
148 145 114
149 20 105
152 142 294
153 123 128
154 7 252
157 6 117
162 130 8
162 139 170
166 177 3
167 122 5
167 117 44
170 74 80
171 9 152
172 122 171
173 22 175
173 92 196
178 142 231
178 116 235
178 87 121
-1
540
0 121 234
0 110 139
2 159 232
3 127 125
3 13 92
5 173 146
5 92 285
6 92 174
9 151 177
10 178 190
11 32 122
11 57 46
13 145 221
13 50 271
16 48 239
19 128 299
21 139 269
22 131 104
24 117 114
26 36 74
27 81 290
29 145 116
30 68 171
33 104 284
34 55 232
37 125 199
37 125 261
39 107 200
41 60 83
41 68 213
42 88 6
43 31 85
43 39 211
45 55 200
45 146 109
45 90 273
46 54 171
50 171 31
51 6 186
53 14 0
53 98 141
54 30 99
57 93 286
57 150 94
58 168 280
58 63 126
58 21 135
59 176 128
59 154 139
60 101 199
63 21 113
65 81 130
65 20 142
67 99 263
67 74 169
72 113 135
72 0 54
73 50 181
76 174 78
76 60 254
78 112 42
80 165 277
81 174 132
82 133 45
83 110 201
83 75 168
84 146 69
84 29 258
84 116 283
85 132 76
86 65 40
86 2 208
87 64 38
87 24 185
88 70 249
89 30 257
89 86 56
89 16 241
90 59 154
91 7 144
94 6 170
96 105 269
99 24 248
100 133 219
103 2 267
103 59 281
103 63 167
105 63 242
105 131 217
107 143 65
108 80 59
109 171 105
109 173 238
110 179 23
110 35 132
111 114 268
112 80 202
112 26 138
114 71 160
115 124 225
115 108 65
118 146 273
123 115 234
123 136 193
124 120 155
125 56 95
127 29 2
127 160 146
130 32 157
131 88 183
132 160 265
134 96 182
135 157 0
136 171 191
138 157 81
139 63 241
139 162 171
140 17 0
141 151 182
141 90 129
144 168 284
145 35 104
145 81 287
145 85 175
147 124 277
147 16 267
149 87 202
151 38 247
152 139 17
153 56 163
157 169 32
158 106 82
158 112 273
159 24 153
161 69 70
161 164 224
161 25 274
161 92 177
163 30 243
163 55 285
164 175 128
168 83 243
168 92 173
168 114 91
169 35 224
170 59 92
174 18 31
174 169 212
177 78 22
178 37 286
-1
540
0 113 33
3 170 272
3 155 110
4 9 95
6 178 264
8 35 113
10 27 230
11 53 289
12 115 22
13 106 66
13 65 45
14 4 91
15 42 56
15 32 106
15 109 106
17 98 152
17 122 226
19 6 108
20 62 63
22 95 129
23 12 188
23 19 76
23 26 6
24 47 169
25 127 292
26 7 146
30 169 213
31 130 236
32 67 174
36 25 115
36 124 159
38 83 31
39 68 54
39 31 205
41 45 167
41 94 257
41 141 20
42 64 128
43 130 69
47 72 40
50 52 192
54 107 56
55 140 93
55 0 111
55 17 107
59 3 162
59 166 208
62 80 93
63 122 230
64 79 268
64 174 238
64 149 77
66 23 178
66 28 103
66 124 178
66 44 219
70 66 103
70 64 121
71 68 267
72 81 206
73 26 190
74 27 125
74 36 66
75 168 104
75 158 99
76 119 112
76 163 163
76 152 191
78 12 41
78 137 65
78 116 185
79 97 201
80 84 291
80 17 100
81 117 210
83 18 49
83 133 106
84 29 146
84 130 180
87 93 148
89 138 16
90 145 153
93 88 191
95 58 86
101 81 241
102 33 124
104 69 165
104 109 251
105 116 164
105 158 245
109 139 82
109 20 195
110 131 265
110 113 177
111 174 136
111 57 12
111 86 166
111 179 244
112 173 50
113 138 195
115 65 181
115 33 94
120 33 16
124 56 173
128 79 140
128 62 85
129 139 186
129 34 113
129 104 190
130 98 178
131 32 93
131 174 245
132 97 106
134 83 247
136 57 75
137 2 66
138 26 226
138 131 250
141 37 273
141 84 187
142 1 5
143 21 197
144 153 125
144 30 197
145 8 237
148 9 1
148 9 12
149 154 156
153 92 123
156 68 296
158 153 155
161 58 128
161 10 158
163 127 44
164 103 126
164 164 13
166 63 95
167 89 199
169 150 292
170 24 81
171 72 128
172 82 240
172 87 263
173 156 247
173 113 108
176 60 28
176 32 296
177 112 228
178 62 16
178 113 245
-1
540
0 25 3
0 63 166
1 73 74
1 97 36
3 70 283
3 62 61
3 142 231
4 65 160
4 118 289
5 179 76
5 74 277
5 47 242
6 98 197
7 46 68
10 63 87
10 55 243
11 161 126
11 174 97
12 97 64
12 29 171
16 115 153
19 86 128
20 36 13
22 107 209
23 177 103
28 42 233
30 44 31
30 91 66
31 49 101
33 107 13
34 45 229
37 64 66
37 20 185
37 162 41
39 151 201
39 159 171
39 28 128
40 79 163
41 137 3
42 63 156
42 11 36
43 25 148
44 35 60
47 43 209
49 21 230
50 98 235
51 35 115
52 26 224
52 113 107
53 134 165
54 167 270
54 17 235
55 149 226
55 174 217
55 101 146
58 17 257
59 155 256
62 50 210
63 168 46
66 165 253
67 148 237
68 139 24
69 113 205
71 39 166
72 18 174
74 119 177
74 22 31
76 99 62
78 170 19
79 127 275
79 95 133
79 168 132
81 152 38
82 178 259
83 163 79
85 83 269
86 98 66
86 62 128
88 128 272
89 101 114
89 160 236
89 118 177
91 15 246
92 112 208
92 9 109
94 136 36
97 141 143
99 109 54
101 121 247
101 139 176
103 140 158
105 98 88
105 152 282
106 38 19
108 49 198
108 148 16
109 166 214
109 164 131
113 75 289
114 131 156
115 149 65
116 111 210
118 159 91
118 8 184
118 4 87
121 72 199
122 2 56
122 52 291
123 70 163
123 97 19
123 95 5
123 113 129
124 178 166
125 171 299
125 150 210
126 40 266
128 88 13
130 24 183
133 120 76
134 42 67
134 163 91
135 58 115
137 41 161
139 113 83
141 7 30
142 134 115
143 124 206
145 175 245
145 159 28
147 26 231
153 147 163
155 62 157
158 144 213
158 128 284
161 86 206
162 60 65
162 10 39
162 24 33
164 85 259
164 131 68
164 137 217
164 32 275
167 92 186
168 45 172
168 139 83
169 12 42
169 147 129
169 39 274
170 171 105
170 71 258
171 95 17
172 78 281
173 51 154
173 58 9
173 87 245
174 92 129
177 61 80
178 164 197
178 58 113
179 105 204
-1
540
0 50 199
3 57 130
4 39 220
8 32 96
9 144 203
10 9 291
11 12 150
11 70 139
13 124 44
14 76 2
15 125 75
15 30 50
15 39 42
23 64 94
24 26 185
25 12 78
26 55 130
27 61 164
27 41 37
27 54 248
27 109 23
28 55 20
28 166 33
29 146 115
29 4 222
30 1 37
32 153 27
32 153 78
34 31 193
35 48 113
36 45 157
38 157 5
38 130 6
40 23 200
40 177 174
41 159 249
42 17 209
42 23 21
43 45 2
43 164 228
44 171 165
44 90 33
47 125 194
47 130 291
48 124 12
49 99 125
51 94 199
52 90 180
53 113 207
54 143 244
55 11 241
56 79 23
57 133 209
59 61 287
59 114 66
60 120 24
60 137 231
63 156 7
63 62 184
65 115 203
65 114 216
65 44 22
66 61 121
67 120 120
68 173 71
69 61 88
69 176 53
71 152 204
71 133 35
73 135 275
74 52 114
75 135 20
75 74 169
75 114 153
77 138 94
79 173 201
80 119 288
83 122 34
88 27 239
88 4 289
89 83 85
90 171 17
91 162 228
92 131 71
92 122 198
94 31 96
94 33 297
95 36 34
97 19 291
98 69 5
98 4 2
98 44 219
99 153 93
100 11 289
102 109 147
102 169 117
104 160 134
104 119 211
105 97 184
105 45 14
106 148 252
111 52 120
111 154 109
112 10 143
112 105 223
112 155 26
116 81 237
117 44 59
118 133 244
118 86 220
120 156 179
122 30 34
122 1 105
125 135 243
127 135 247
129 89 239
130 121 196
131 117 280
133 95 17
134 56 145
135 24 11
135 109 17
136 31 197
137 176 95
137 147 196
137 112 175
140 106 295
142 117 216
142 3 194
142 106 117
144 155 185
144 135 281
145 15 197
147 6 269
149 170 155
150 83 291
151 129 90
151 82 49
153 102 204
156 19 16
160 39 296
160 2 161
161 59 144
163 80 201
163 102 15
165 43 161
165 149 199
166 49 157
167 129 175
168 94 155
169 159 262
169 164 178
170 5 73
172 140 238
172 102 83
175 141 147
177 66 93
177 84 279
177 107 51
178 128 269
-1
540
2 160 232
3 47 247
3 85 76
4 170 13
5 120 145
5 122 47
6 170 286
8 124 116
10 161 200
10 146 152
10 41 150
11 20 259
11 169 278
11 88 158
11 13 149
12 58 153
12 28 185
13 72 3
15 21 210
15 144 91
16 46 205
18 121 182
19 147 140
20 172 116
21 49 235
22 38 128
26 174 55
27 157 266
28 172 257
29 34 205
30 73 103
30 121 274
31 105 124
31 143 27
31 101 263
36 0 189
37 40 53
38 164 254
39 82 262
39 100 11
41 103 179
41 53 66
42 66 101
43 100 99
44 97 192
44 59 271
47 37 96
48 128 58
48 137 251
49 42 9
49 46 109
50 46 196
52 78 48
52 62 135
52 106 116
53 84 229
55 126 208
56 112 31
56 132 2
56 170 268
56 172 293
56 131 108
57 147 229
57 84 262
58 43 29
59 122 62
59 77 70
60 123 28
62 89 290
63 0 247
64 55 140
65 43 205
66 104 23
66 0 201
67 139 253
67 16 163
72 23 165
72 122 41
74 118 280
75 116 87
75 101 224
75 118 63
76 84 153
76 2 179
76 51 105
76 110 94
81 171 207
85 30 200
88 131 55
88 27 127
89 52 258
89 174 277
89 90 178
90 124 139
90 163 22
91 161 287
91 36 256
93 159 190
93 99 143
93 32 243
94 170 183
96 121 121
97 158 266
97 142 104
98 94 279
99 2 164
102 141 177
102 38 26
102 104 94
103 158 183
104 74 189
106 14 51
107 132 274
107 176 136
109 125 97
111 75 191
112 103 127
114 128 33
115 145 251
116 108 15
118 76 55
119 125 18
120 35 196
121 71 138
122 107 163
122 38 118
125 0 256
127 167 249
130 132 179
130 72 120
132 141 163
134 158 207
135 122 282
136 165 268
136 94 29
138 28 278
141 36 51
141 122 275
142 83 144
142 137 135
143 58 214
144 121 164
145 134 28
145 28 170
148 156 230
152 67 110
153 1 165
155 103 150
155 59 71
157 101 114
160 149 150
161 120 63
163 174 260
165 78 228
166 142 133
166 55 9
166 13 240
166 94 154
167 149 24
168 96 101
170 82 258
173 19 144
173 82 242
174 138 89
176 124 275
177 60 209
177 163 12
178 14 104
179 170 0
179 18 257
-1
540
0 172 138
1 30 101
1 104 8
2 179 106
4 7 56
7 75 195
7 113 149
8 112 273
8 38 13
9 86 168
11 165 275
12 13 295
14 152 238
15 52 112
15 41 216
15 43 231
16 176 77
17 122 75
18 32 277
21 57 86
21 53 265
21 127 71
22 146 225
23 88 191
24 170 149
27 162 233
29 131 34
33 13 15
33 111 200
33 92 219
35 128 175
37 87 216
37 61 95
38 172 290
40 11 279
40 150 126
42 20 61
46 7 115
46 15 41
47 47 293
48 114 205
48 44 280
49 131 122
49 117 182
51 125 159
51 9 82
51 156 45
52 36 278
52 113 123
54 9 272
54 26 260
54 152 209
54 18 91
55 68 51
59 7 151
59 98 168
59 133 66
60 169 86
61 66 113
61 129 244
63 53 228
63 67 26
63 161 100
65 84 65
71 70 241
72 81 42
72 112 101
73 110 248
76 59 92
76 31 266
78 126 97
78 74 262
78 74 40
79 4 135
79 58 155
79 9 265
79 107 251
80 123 175
81 4 200
83 44 129
84 142 46
84 121 296
85 56 75
86 162 50
86 29 229
87 44 137
88 150 181
88 27 91
90 129 218
90 126 145
92 62 211
92 179 13
93 57 179
94 77 294
94 66 237
95 47 7
96 173 76
97 21 104
97 57 101
98 135 89
100 130 261
100 166 271
101 121 205
102 58 45
102 167 20
103 109 51
104 32 123
105 109 74
111 129 286
114 119 246
117 177 77
119 49 71
119 111 272
122 116 290
123 91 43
125 137 43
126 105 297
129 55 186
129 74 267
131 91 248
134 131 4
136 88 162
136 58 202
136 86 283
136 51 218
136 30 159
136 11 127
137 82 267
138 33 234
139 7 86
139 163 70
141 25 221
143 132 258
143 144 15
143 86 207
143 54 92
145 153 22
147 128 208
150 76 28
151 136 177
151 154 279
152 57 15
152 74 133
155 70 160
156 24 268
156 42 286
159 130 89
159 100 211
159 35 202
160 103 275
161 131 106
162 105 137
162 133 188
164 11 289
164 4 69
165 136 81
166 133 45
169 150 271
169 86 274
170 107 263
171 84 188
171 116 117
173 53 46
173 6 40
173 86 17
174 102 120
176 155 76
178 87 169
179 120 98
179 78 136
-1
540
1 5 267
2 98 151
2 131 92
4 114 229
5 73 212
6 44 236
6 125 65
8 173 290
10 150 260
10 50 165
11 36 129
11 24 113
12 39 156
12 133 262
14 35 271
15 36 107
16 101 124
16 72 225
18 126 36
20 124 201
20 119 83
20 156 243
21 117 216
21 136 88
22 72 288
22 49 248
24 96 93
25 165 247
25 52 168
26 134 204
27 24 278
27 143 24
28 114 28
29 134 222
31 6 277
32 106 227
32 155 277
33 172 152
35 39 171
36 26 96
36 136 60
37 124 265
37 136 105
37 160 289
39 51 206
39 169 100
41 85 282
42 30 105
42 120 275
44 15 181
48 23 220
49 18 175
49 10 242
49 93 28
50 135 288
51 105 282
51 4 257
51 46 151
52 80 127
53 9 255
53 58 43
53 19 222
54 171 14
56 165 23
58 65 194
59 26 194
60 97 142
61 167 14
63 52 211
63 84 96
63 111 124
63 4 174
66 125 223
68 100 63
68 22 227
68 137 176
69 26 99
70 43 197
71 9 232
72 23 35
73 64 169
73 74 272
74 37 172
74 73 118
75 82 297
77 177 299
79 85 74
80 68 113
80 164 180
81 111 105
83 137 32
83 91 44
84 65 280
85 86 16
86 23 121
86 24 34
88 21 134
88 160 226
90 3 177
92 42 163
94 64 74
96 66 56
96 155 86
97 125 172
98 174 268
99 85 97
101 169 202
101 38 61
102 23 206
102 167 239
102 107 287
105 157 209
105 130 182
105 111 237
107 24 63
107 124 0
108 91 150
113 38 226
113 178 96
114 97 156
115 102 19
117 151 70
118 54 87
121 130 124
122 50 180
123 92 194
125 168 172
125 38 10
127 121 98
127 14 17
127 7 251
129 116 265
129 81 50
130 35 58
132 33 246
132 104 118
133 51 109
133 31 51
133 14 246
135 44 113
135 2 223
135 160 197
135 63 233
136 13 242
138 81 290
141 25 93
142 26 65
142 33 257
143 167 298
144 15 275
145 28 282
146 76 184
148 6 66
149 43 245
149 176 194
151 32 132
152 100 80
154 159 85
156 96 102
158 119 90
158 146 59
158 111 222
159 85 169
159 22 140
159 100 296
160 153 52
161 130 112
163 148 138
168 77 124
168 62 276
168 148 6
169 31 283
171 122 104
172 39 169
173 174 290
173 175 87
173 59 101
174 36 207
176 128 136
178 83 73
-1
540
0 144 227
0 177 124
1 40 235
2 67 59
2 108 143
2 61 285
3 177 262
4 117 227
4 40 52
7 42 100
8 50 223
9 15 89
10 74 285
10 47 203
12 42 105
12 56 48
13 103 41
14 87 165
14 109 290
14 165 137
14 75 139
16 174 245
16 65 201
17 99 266
18 178 93
18 9 39
19 165 201
20 162 244
21 133 285
21 146 11
22 79 124
23 126 107
23 5 96
24 99 296
27 57 224
27 20 262
28 16 160
29 161 45
31 132 65
32 38 79
35 25 256
39 110 202
39 92 190
40 0 139
40 58 32
40 91 186
40 124 165
40 140 34
41 179 49
41 48 125
42 9 180
43 25 114
44 134 155
46 76 272
47 155 289
47 91 186
48 141 140
48 144 207
49 150 179
49 56 242
49 81 4
50 122 199
50 37 219
53 61 51
55 105 41
55 3 31
57 161 172
57 138 129
58 67 105
58 109 76
60 58 84
61 108 158
65 74 27
65 48 99
66 26 110
66 158 42
66 152 186
66 24 242
67 39 248
67 37 71
68 68 243
68 16 56
69 153 208
71 119 173
72 140 130
74 83 269
75 18 1
75 41 173
75 31 243
75 110 125
76 79 232
76 119 99
76 157 187
77 61 30
77 49 96
78 98 256
81 74 77
81 22 145
81 136 86
83 16 178
83 175 275
84 114 84
84 8 255
85 21 96
86 172 255
87 31 272
87 167 148
87 112 178
87 7 166
89 96 57
89 93 4
89 133 274
90 119 168
90 39 206
91 75 35
92 153 24
96 124 296
96 108 299
99 7 134
100 103 207
101 147 65
102 100 250
103 67 279
105 123 214
105 98 67
105 86 33
108 141 226
110 157 276
111 71 173
113 27 195
113 46 211
113 71 90
114 10 105
114 55 33
115 148 209
116 167 214
119 66 135
123 123 28
124 14 275
124 132 260
126 48 114
127 144 149
131 146 199
131 53 16
132 160 91
132 91 29
135 173 142
136 6 209
140 73 49
142 136 141
142 24 74
143 6 9
143 106 126
144 53 93
145 7 43
147 176 114
147 115 157
152 160 273
152 97 122
154 22 7
156 143 64
156 37 89
157 20 52
160 99 281
160 116 60
161 45 99
162 3 235
162 60 112
164 133 222
167 54 56
167 20 39
167 71 186
167 48 30
171 162 234
175 157 166
175 112 125
178 53 15
178 124 213
179 95 50
179 115 194
-1
540
0 84 211
0 177 73
2 122 215
3 52 107
5 147 253
5 29 139
8 107 157
10 74 53
10 46 164
12 121 127
12 166 290
13 100 122
13 130 88
13 27 107
15 51 248
17 116 225
17 169 281
18 107 299
18 14 157
18 159 91
18 11 17
19 129 128
19 117 173
19 146 251
23 5 236
23 6 211
26 135 163
27 20 217
28 73 294
30 79 56
30 135 90
30 29 295
30 91 49
32 179 298
32 51 274
33 153 10
37 56 69
37 144 224
39 3 0
41 59 61
42 88 43
42 42 261
43 82 78
44 40 241
45 75 292
45 164 72
45 25 17
48 146 232
48 149 15
49 40 129
51 91 260
54 145 180
54 82 255
56 19 22
57 7 296
58 120 271
58 158 274
59 12 156
60 144 78
60 91 32
60 63 195
62 158 156
62 49 258
62 29 78
63 151 105
63 177 258
63 61 4
64 175 265
65 146 112
66 140 94
66 96 128
66 4 94
67 45 119
68 4 156
68 140 0
71 140 28
72 176 152
72 10 177
73 22 210
74 11 278
74 31 47
75 165 176
75 25 287
77 8 144
80 133 272
82 168 116
82 160 246
83 71 110
84 91 150
87 54 200
88 59 27
89 123 264
92 160 79
94 129 295
95 67 42
97 144 140
98 117 243
99 122 241
100 163 168
101 173 7
102 8 86
104 41 66
105 160 153
107 175 46
108 86 103
110 32 153
110 165 256
113 123 132
113 44 273
114 67 62
115 173 278
118 98 141
119 127 272
120 138 98
121 72 297
122 162 82
122 50 231
124 146 223
125 85 49
125 14 126
125 41 174
126 135 200
126 128 72
126 107 186
127 95 103
127 149 97
128 95 166
129 170 246
129 154 107
131 155 99
131 111 59
131 169 27
133 25 286
133 119 193
136 29 7
137 126 248
141 55 128
141 172 79
141 21 272
141 10 293
142 60 279
142 33 194
143 91 107
148 49 247
149 169 68
149 125 72
151 12 278
152 93 76
152 109 146
153 53 239
153 21 33
155 12 211
156 78 274
156 10 36
158 2 205
159 69 44
161 32 162
161 5 278
162 177 144
162 23 220
163 114 192
164 5 295
164 116 128
165 103 280
166 0 27
167 63 107
167 10 19
167 7 128
167 86 94
167 111 185
168 131 260
168 71 288
168 130 145
169 83 260
170 33 1
171 153 217
171 26 130
171 109 245
171 147 173
172 170 113
174 168 200
174 151 59
174 133 67
175 17 75
176 14 125
176 86 162
176 144 98
176 78 283
177 74 151
178 107 127
-1
540
0 72 298
2 167 254
2 32 84
3 85 1
3 125 179
4 176 180
5 152 281
5 133 108
6 42 116
6 90 245
7 153 70
7 89 278
11 67 160
12 115 240
12 120 159
13 31 9
13 64 86
15 45 92
17 32 115
18 62 255
18 92 220
19 144 11
19 55 65
19 124 12
19 120 22
20 20 127
20 123 117
21 94 58
26 173 178
27 104 283
27 147 279
29 14 37
30 64 263
31 34 179
31 97 43
35 172 204
38 162 262
38 18 127
39 178 55
39 25 128
42 72 212
43 79 62
43 139 180
44 50 193
44 122 4
45 92 297
47 41 0
47 53 297
48 56 9
49 63 237
50 120 289
50 167 222
51 145 226
55 7 216
56 124 104
59 175 98
61 10 259
61 89 250
63 101 117
63 50 44
64 58 126
64 104 170
66 38 201
67 48 56
67 162 51
68 172 271
72 25 37
73 136 279
73 2 87
74 27 213
75 60 12
75 159 239
75 91 278
76 43 120
76 138 38
77 157 106
78 28 195
81 58 21
82 177 283
83 136 102
83 48 5
84 178 235
86 22 270
87 134 46
89 63 160
89 17 234
91 50 137
92 56 127
95 162 62
99 132 227
99 124 154
99 127 121
99 72 80
100 47 91
102 169 241
103 60 139
103 122 66
105 156 16
105 177 190
105 162 7
107 147 189
108 35 0
109 30 291
110 88 14
110 9 275
111 112 34
113 71 82
115 9 277
118 144 227
119 150 168
119 82 221
120 120 259
121 63 171
121 23 118
121 176 231
123 86 99
124 52 62
124 39 27
124 4 55
125 135 52
125 177 137
125 107 155
126 139 114
126 100 168
127 15 142
127 179 255
128 98 8
128 132 157
130 134 179
130 153 214
131 39 260
132 119 209
132 53 138
134 86 230
135 58 45
135 8 297
136 170 54
136 100 5
136 93 10
137 60 298
139 34 151
141 148 151
141 149 133
142 70 60
144 114 137
145 36 6
146 107 13
148 16 277
148 157 235
149 40 246
149 113 45
150 147 149
150 0 26
150 76 119
151 155 48
152 124 262
153 114 145
153 74 178
156 137 9
159 117 186
160 104 285
160 26 217
160 177 178
162 40 294
164 30 197
165 77 177
166 62 85
166 139 147
166 29 102
167 149 129
167 132 21
167 3 83
168 71 0
169 78 151
169 136 265
170 66 219
170 46 132
170 145 38
172 163 206
174 66 269
174 8 154
175 57 253
175 97 244
175 98 36
176 119 108
177 0 199
177 79 115
177 120 218
179 6 135
179 114 76
-1
-2
