330
-1
330
-1
330
2 18 19
2 53 38
6 34 144
22 95 31
26 53 293
68 106 164
75 72 192
80 84 192
98 52 61
102 74 262
-1
330
21 34 46
27 85 101
41 67 65
44 12 255
45 26 19
48 25 164
68 3 197
77 81 201
89 60 222
97 9 201
-1
330
11 41 202
11 109 45
11 24 7
13 64 232
16 60 202
19 109 108
20 76 11
21 67 238
46 90 159
58 25 181
60 14 86
61 89 149
82 37 123
87 39 160
91 8 158
92 12 32
94 93 34
98 18 12
102 32 170
103 95 28
-1
330
2 22 123
3 82 9
7 86 121
8 82 179
21 91 206
24 18 167
31 102 260
33 37 236
41 88 56
44 37 270
54 71 69
62 107 98
64 52 277
73 88 295
77 66 279
82 89 8
84 88 21
92 81 120
94 4 34
103 51 146
-1
330
1 6 277
3 92 192
9 67 216
9 32 144
18 58 22
19 1 128
23 4 133
23 9 206
24 61 225
26 49 211
27 12 3
29 101 159
32 23 102
36 55 250
37 21 265
37 27 163
37 50 140
38 89 197
38 30 27
45 33 255
46 10 262
54 47 76
65 106 128
69 30 213
95 49 100
96 2 40
102 21 34
103 81 73
104 48 98
104 53 223
-1
330
8 95 247
9 60 198
9 47 267
15 74 54
32 5 21
32 82 286
34 8 289
34 8 117
36 17 241
37 105 263
41 45 224
44 64 66
45 53 149
48 47 43
54 97 122
54 48 242
56 78 228
65 76 15
66 69 190
67 11 85
69 80 269
71 19 262
77 74 109
80 81 245
88 94 120
89 31 42
90 2 181
94 78 78
94 67 135
106 58 70
-1
330
0 33 229
1 35 286
4 75 150
5 34 264
8 96 123
10 43 55
17 45 266
18 99 247
21 33 70
21 86 249
33 6 112
35 31 194
46 57 193
46 99 81
49 89 227
51 67 274
57 11 208
59 84 189
60 46 150
60 10 264
65 57 61
67 19 266
68 24 290
70 31 12
73 2 222
74 18 88
83 42 114
84 105 0
87 95 278
91 63 30
92 9 243
95 87 146
95 14 119
96 5 91
97 35 118
97 55 27
98 92 98
98 65 42
99 26 180
101 10 97
-1
330
2 50 266
2 29 168
2 65 103
6 83 255
12 37 7
17 60 281
17 80 140
19 8 175
20 7 81
21 54 81
31 70 50
32 56 186
33 70 276
37 41 226
41 4 291
46 65 262
52 82 102
58 69 111
61 21 139
63 104 25
68 38 121
70 16 53
74 21 130
78 23 102
78 26 41
81 36 109
83 109 82
85 53 289
88 17 274
91 43 26
93 35 83
93 46 135
95 12 295
97 28 42
98 7 53
99 99 68
99 28 33
103 89 120
104 10 265
107 58 5
-1
330
9 73 97
9 22 182
10 73 4
13 74 89
21 84 170
22 14 12
22 61 134
22 53 115
25 58 171
26 99 216
30 87 99
35 98 221
36 11 94
40 78 158
43 71 271
44 4 5
44 6 182
47 94 268
47 59 285
48 36 272
48 15 173
49 46 293
51 88 219
52 107 269
53 18 33
53 108 266
53 51 2
54 14 153
61 98 297
63 46 80
63 106 245
67 104 146
70 74 17
76 65 1
79 30 88
79 18 90
86 67 7
87 92 103
89 41 26
89 105 233
92 40 278
93 57 166
94 4 137
96 21 120
97 76 235
98 34 172
104 9 27
107 97 138
109 5 13
109 8 136
-1
330
0 26 119
1 5 171
2 15 98
2 32 220
4 29 211
9 15 148
15 1 293
15 77 215
16 13 196
21 12 8
21 89 127
22 44 92
23 99 182
24 54 7
25 78 115
27 54 153
34 7 55
34 13 189
37 75 207
37 63 242
39 57 253
49 28 41
52 15 266
58 73 162
58 102 242
63 8 10
63 81 209
68 108 244
71 13 132
72 62 177
72 86 29
72 96 251
75 9 67
75 55 215
77 58 34
78 100 61
79 72 98
83 65 116
83 25 270
94 109 267
97 22 28
97 45 263
99 97 7
100 74 50
100 6 97
103 84 239
103 36 168
103 48 62
105 0 154
107 6 71
-1
330
2 11 64
6 17 49
8 53 48
13 49 265
14 23 19
15 67 148
17 32 74
17 38 166
18 86 2
19 70 91
22 67 204
23 31 183
23 98 118
24 77 12
26 2 174
26 64 169
30 84 277
31 58 137
31 101 79
33 109 138
42 93 198
43 27 237
44 69 58
44 31 244
44 77 131
44 25 14
45 95 180
49 94 153
49 58 141
52 99 120
59 98 290
59 100 3
60 102 59
60 16 71
66 100 283
69 74 5
73 98 217
73 32 159
75 46 138
80 31 294
84 98 155
84 95 185
85 24 72
87 89 133
88 89 87
88 30 269
90 79 220
91 82 211
91 8 11
94 27 2
94 27 36
97 39 279
100 96 213
101 12 126
103 67 80
104 59 201
104 23 10
104 9 289
107 66 29
108 64 272
-1
330
0 56 287
7 47 91
7 11 249
9 21 149
9 89 31
12 30 262
14 39 48
15 77 92
15 13 280
17 9 120
19 14 29
19 65 275
20 91 125
24 64 287
24 6 58
27 59 295
29 40 99
33 2 282
33 69 35
33 24 266
36 87 29
37 37 129
38 80 162
40 88 108
42 98 78
42 65 285
43 44 280
47 66 168
51 26 203
53 87 111
53 23 148
56 107 24
58 71 299
61 84 100
61 59 39
61 93 181
63 55 56
64 87 139
65 41 285
66 63 52
67 30 224
69 81 230
69 100 198
70 98 129
70 1 279
71 14 280
72 62 169
78 42 141
79 102 89
80 8 176
81 41 180
81 29 99
81 79 155
84 14 138
87 54 171
89 89 199
92 47 9
103 97 202
106 21 164
107 94 217
-1
330
0 2 188
3 7 19
4 32 215
4 91 279
4 108 264
4 28 96
8 89 135
15 39 211
16 46 99
17 70 23
17 48 182
22 38 260
22 39 254
23 59 286
23 13 25
25 24 70
25 104 205
26 40 129
27 26 100
28 2 197
29 60 271
30 101 197
30 26 66
31 108 276
31 102 92
35 43 23
39 12 232
39 82 209
39 16 167
40 27 61
40 21 267
44 28 124
44 69 48
46 6 39
47 36 240
47 23 13
48 37 187
49 83 57
50 24 107
51 55 234
51 35 33
52 95 15
53 72 180
56 104 248
56 96 98
57 4 281
64 28 46
64 36 133
64 14 169
65 70 149
70 80 49
72 81 66
77 69 143
78 103 247
79 100 117
79 57 58
84 39 156
84 6 145
84 107 276
90 98 23
94 44 69
95 105 78
96 100 94
96 2 100
96 31 74
97 85 49
97 9 272
106 4 255
107 65 92
109 54 142
-1
330
0 48 22
0 8 146
1 62 90
2 46 283
3 108 162
6 2 141
10 6 283
12 20 17
15 87 244
15 36 207
18 75 178
19 73 259
21 8 195
22 25 278
22 48 224
23 19 191
23 100 19
24 89 14
28 56 270
32 64 280
33 66 85
34 101 103
36 43 265
36 9 1
40 24 69
40 97 266
44 105 37
44 88 134
46 11 151
46 81 171
50 108 134
53 97 48
54 108 183
57 65 97
58 63 217
61 0 251
61 18 95
63 47 119
63 57 174
69 60 53
69 83 14
69 48 234
69 96 82
71 57 146
71 39 259
72 99 277
73 88 234
73 95 101
74 23 206
80 49 63
82 39 221
83 88 184
84 14 55
85 76 114
87 105 57
87 93 288
90 107 264
91 70 75
93 91 245
98 93 205
98 52 212
98 86 172
99 20 221
100 51 220
101 41 54
103 81 6
106 80 87
108 63 29
108 80 63
109 49 171
-1
330
0 66 174
0 2 154
4 48 170
5 109 98
5 89 262
8 64 142
9 108 138
14 47 243
16 59 260
16 49 62
17 6 295
21 95 152
24 50 43
25 39 290
26 41 173
26 75 207
30 91 198
31 91 191
32 50 273
32 67 205
33 12 205
33 6 107
34 50 159
37 95 183
39 82 74
39 9 160
40 7 201
40 58 44
41 39 292
46 7 143
46 85 166
48 10 5
49 69 43
49 35 150
51 19 280
52 85 214
53 7 128
55 86 74
56 25 257
56 107 25
60 81 83
64 83 143
65 94 123
66 88 34
68 89 204
69 104 80
72 31 263
74 22 99
74 62 53
76 0 41
76 32 210
78 61 105
80 20 47
81 65 49
83 7 293
84 46 273
85 75 63
86 102 28
86 40 235
86 23 13
87 100 187
88 25 34
88 32 281
89 22 281
90 50 101
90 64 25
91 69 28
93 3 238
97 102 223
98 62 260
98 102 85
101 30 260
104 66 162
104 94 165
105 33 134
105 103 276
105 78 273
106 7 180
107 2 47
109 23 184
-1
330
3 25 227
5 59 39
7 100 263
7 105 230
7 0 255
8 63 295
9 105 39
9 9 141
11 0 84
12 76 120
12 98 101
13 100 29
16 21 75
18 5 6
18 18 243
19 51 36
19 25 14
20 75 2
22 14 252
22 82 165
23 65 43
26 13 54
26 104 166
28 85 126
30 58 155
31 33 292
32 27 69
34 9 75
35 13 158
36 15 11
36 98 279
37 33 62
38 24 15
40 74 212
41 59 212
42 73 13
44 88 10
44 15 169
46 13 76
46 94 273
46 20 123
47 97 180
47 52 154
51 21 299
52 96 22
54 78 287
57 41 228
57 80 29
59 108 297
60 75 238
60 52 138
60 76 60
61 76 182
65 85 221
73 37 39
75 91 66
75 22 215
77 41 188
79 93 246
80 61 207
80 42 60
80 14 14
80 34 257
82 21 169
83 50 45
85 82 62
87 92 167
88 104 119
92 46 77
94 96 79
98 83 91
99 3 224
100 81 249
101 57 284
103 93 253
103 95 82
103 50 289
103 12 191
105 19 278
109 76 123
-1
330
0 58 36
1 86 114
1 101 287
2 71 18
2 41 93
3 27 213
8 0 145
8 58 49
9 43 288
10 51 258
11 38 192
12 6 133
13 48 14
13 22 81
14 58 188
14 55 237
16 31 50
17 8 180
20 7 200
21 66 10
21 95 272
22 4 295
23 77 105
24 87 215
24 27 154
25 72 100
26 35 165
26 4 90
27 64 41
28 94 191
29 49 144
31 75 198
36 53 215
37 102 194
37 59 160
37 49 1
39 95 221
39 97 116
40 95 293
42 37 206
42 22 90
43 93 59
43 55 191
46 13 177
48 51 172
51 105 102
53 105 41
53 13 136
53 33 217
53 1 57
53 91 123
54 100 232
54 53 297
55 49 250
56 89 295
61 56 137
62 98 68
63 82 24
64 27 235
68 100 272
68 13 297
71 64 35
72 24 94
72 36 43
72 76 112
74 7 93
79 84 187
79 17 284
81 3 63
83 69 215
83 94 45
85 9 257
87 102 226
87 98 55
90 69 136
91 17 61
91 47 99
92 88 240
94 29 102
95 83 112
97 16 273
97 87 171
97 20 241
99 81 44
99 84 210
102 3 260
103 6 33
106 79 22
107 101 235
108 53 124
-1
330
0 66 60
4 91 222
4 59 19
5 43 16
6 31 117
9 28 132
10 48 179
11 30 283
11 37 52
12 32 145
13 73 99
14 52 6
15 49 15
16 92 200
17 58 173
23 33 224
23 26 122
24 7 2
25 70 93
25 31 56
25 96 63
28 60 67
28 90 0
35 74 296
36 4 257
38 25 238
40 8 114
40 84 187
41 81 94
44 83 261
46 107 177
46 7 229
47 29 239
48 9 154
48 89 47
49 55 54
49 78 171
50 5 10
52 41 265
52 61 25
53 35 78
55 9 48
55 54 182
55 80 132
56 36 70
57 7 242
62 99 41
64 12 87
64 81 2
64 78 260
67 64 133
67 63 237
67 51 132
68 10 223
69 90 99
70 46 145
71 77 91
73 11 220
75 28 220
76 73 234
76 12 136
78 30 182
79 60 103
79 1 57
80 100 2
80 76 170
82 36 211
86 76 12
87 66 111
89 84 194
89 82 161
90 71 171
90 10 218
94 94 237
95 81 12
98 74 28
100 97 29
100 78 68
100 26 79
101 89 191
104 74 190
104 106 17
104 75 299
106 100 137
106 56 128
106 61 287
107 31 187
107 24 72
108 30 41
109 23 228
-1
330
0 108 218
3 65 140
4 47 243
6 20 257
6 14 131
6 107 20
7 36 141
7 46 256
7 50 216
7 104 129
11 28 234
12 38 225
15 0 13
15 34 260
15 85 86
15 91 174
15 11 147
16 78 85
17 24 139
18 32 298
19 90 149
21 74 249
21 52 76
22 30 96
22 52 144
24 89 55
26 61 227
27 35 261
29 46 216
30 59 180
31 30 130
32 42 170
33 0 198
34 41 177
34 59 39
37 1 257
37 81 70
37 27 183
39 51 43
40 87 293
41 109 52
43 58 56
44 4 205
45 100 133
45 102 89
52 61 271
52 89 137
52 70 208
52 32 240
53 42 269
53 107 295
53 46 136
54 84 41
58 65 236
60 16 174
63 79 240
63 64 152
63 33 297
65 100 80
67 62 146
68 62 213
69 80 167
69 38 237
70 105 96
71 28 261
73 79 26
75 16 0
76 25 172
77 14 108
77 46 72
77 46 121
78 27 284
78 41 26
79 59 34
81 33 278
81 34 213
81 59 7
81 27 169
82 85 9
84 78 227
86 45 258
87 18 180
88 94 36
88 64 251
90 34 169
95 107 176
96 66 108
96 44 247
97 12 286
98 50 99
99 105 150
99 64 294
100 64 154
102 103 112
102 56 261
104 41 187
105 13 231
107 85 266
108 24 283
109 64 8
-1
330
0 42 250
1 103 181
4 109 38
6 50 63
7 53 246
7 29 90
9 22 163
9 92 287
10 49 272
10 86 22
11 103 21
12 46 230
13 53 16
15 11 205
15 15 82
16 104 179
17 20 237
17 30 254
18 79 91
19 61 30
20 67 37
20 86 232
20 79 175
22 46 273
23 31 113
27 98 74
27 41 235
27 92 206
28 20 13
30 79 20
34 46 211
35 32 221
36 70 290
36 17 15
37 73 284
37 49 59
39 107 158
40 34 92
40 31 250
40 27 131
41 11 48
42 47 126
44 87 189
46 53 34
47 96 101
47 21 148
54 77 292
55 31 275
55 20 80
55 20 271
57 63 123
57 103 98
57 18 128
58 59 189
60 42 291
60 58 33
63 24 283
67 85 260
68 23 248
68 29 238
70 8 83
70 24 93
70 88 1
70 63 113
71 97 240
72 66 239
76 36 7
76 63 7
77 56 123
78 105 27
78 26 11
79 29 54
79 40 68
80 7 102
80 63 11
81 60 224
82 87 20
83 74 47
84 47 197
86 18 47
87 68 253
89 58 7
89 107 281
90 46 111
91 66 245
91 46 180
95 15 284
98 81 49
99 77 262
99 107 226
100 41 291
101 94 275
101 6 80
102 96 163
103 64 157
106 107 237
107 30 214
108 2 18
108 4 246
109 99 288
-1
330
2 36 211
3 70 111
4 94 107
4 91 261
5 87 62
6 63 14
6 8 81
9 48 218
9 41 132
10 41 6
12 28 87
13 55 219
14 9 142
14 109 38
14 85 90
15 2 94
15 63 83
16 51 99
16 93 254
17 76 287
17 47 247
19 84 261
19 79 108
20 79 94
21 26 25
22 94 14
23 46 78
26 77 240
29 7 104
30 57 270
31 43 2
31 42 84
31 92 31
35 71 58
35 82 166
36 44 15
40 13 186
41 40 52
43 76 72
44 105 201
47 38 62
49 72 210
51 102 263
51 7 60
52 20 112
54 83 81
54 42 236
56 109 96
56 5 89
56 67 156
56 49 115
57 25 168
58 89 180
58 55 218
58 44 82
59 0 234
59 94 280
62 15 97
62 81 28
63 89 217
64 73 234
64 86 210
65 30 221
65 50 252
68 33 45
70 14 26
70 13 94
72 90 249
72 37 28
73 3 168
73 67 7
74 49 146
75 58 185
75 30 108
75 2 150
77 22 181
78 47 161
78 9 145
79 65 46
79 50 203
79 46 62
80 0 229
81 35 160
81 25 99
82 85 262
82 67 153
82 4 203
83 58 32
87 89 170
89 92 212
90 15 274
91 82 116
92 56 195
92 33 8
93 47 106
95 41 6
97 67 293
97 6 118
97 37 156
98 30 28
99 53 143
99 13 10
100 94 205
100 47 154
101 14 297
102 104 216
103 107 252
107 84 271
107 67 171
108 6 80
-1
330
0 40 112
5 67 81
5 97 94
7 80 207
7 69 59
7 26 45
8 37 81
9 64 24
9 39 34
11 45 261
11 84 190
12 106 170
13 63 174
17 23 211
17 40 106
17 99 4
18 23 251
19 27 13
21 14 156
21 84 294
22 74 271
22 52 193
23 93 290
23 27 19
23 108 15
24 47 206
26 73 209
26 16 136
27 29 62
28 23 287
29 95 188
31 16 126
31 45 92
32 74 97
32 34 149
33 40 135
34 39 96
35 20 55
35 58 9
36 86 15
37 15 173
38 57 249
39 95 188
39 90 90
40 96 208
40 37 30
40 105 183
40 38 267
41 59 145
44 102 94
44 26 261
45 91 29
46 10 231
46 61 126
47 72 100
48 53 237
49 2 151
50 80 196
50 17 247
51 12 110
53 28 254
54 39 299
55 82 60
57 102 293
59 41 190
60 40 248
60 73 235
60 54 187
63 56 119
67 83 96
68 15 173
69 11 287
70 48 154
71 65 196
71 42 63
73 64 72
74 72 42
74 74 214
74 40 188
74 102 206
76 0 179
76 108 299
78 106 43
79 104 281
80 53 8
80 33 275
81 2 261
81 10 259
83 108 15
84 56 211
85 42 218
85 67 137
86 92 85
88 78 122
90 94 85
90 35 54
92 73 258
93 102 67
94 42 207
94 74 46
95 7 186
95 101 40
96 30 148
97 72 92
98 66 213
100 48 282
104 72 187
105 65 47
106 19 124
109 78 53
-1
330
0 4 229
1 57 111
1 90 39
3 49 151
4 35 199
5 6 95
6 81 138
7 16 52
7 96 133
7 109 225
9 71 138
9 91 128
9 7 251
9 37 70
10 46 154
14 68 182
14 15 75
15 62 110
15 56 276
16 37 272
16 34 13
18 61 5
19 23 160
19 99 270
20 85 219
21 59 131
22 63 126
23 100 219
23 32 299
23 20 9
25 77 233
27 77 124
28 30 122
28 26 52
30 70 287
30 79 273
30 76 167
31 97 53
33 17 101
33 103 67
33 62 295
33 1 15
34 0 66
34 53 129
35 50 62
36 57 298
38 7 299
38 25 203
39 70 12
41 77 239
41 95 295
41 12 181
43 106 289
44 8 161
44 41 246
45 59 167
46 95 29
49 7 96
49 54 45
51 35 34
57 98 11
58 58 64
58 98 296
59 47 214
60 37 100
61 84 79
61 90 107
61 7 120
62 94 245
62 43 66
63 43 42
64 11 67
65 55 202
69 82 179
70 40 295
70 82 32
71 15 21
71 106 10
72 62 208
72 84 111
72 83 165
73 52 254
73 24 274
74 8 157
75 96 32
75 9 37
76 10 75
82 42 102
83 102 224
84 49 140
85 50 299
86 55 38
86 106 193
89 23 111
90 21 128
91 20 127
91 46 164
92 45 166
92 60 76
93 70 55
94 101 237
94 4 280
97 105 4
97 64 181
99 57 179
101 19 81
101 35 262
101 11 162
101 43 148
102 109 288
103 75 115
103 14 143
104 105 45
106 70 114
106 11 187
107 77 58
107 91 100
107 73 157
109 86 200
109 50 18
-1
330
1 88 90
3 26 271
3 65 295
3 81 264
3 90 67
4 31 270
4 17 112
4 49 230
5 22 146
5 2 23
6 50 287
7 25 174
8 87 58
9 39 59
10 17 294
10 34 60
10 79 211
11 38 296
11 17 8
12 34 155
13 38 144
13 11 19
14 89 252
15 34 16
15 60 95
17 57 296
20 59 249
20 28 124
21 64 248
22 94 81
23 71 123
23 80 6
25 54 219
26 62 124
27 61 184
27 33 89
29 26 272
29 65 137
31 62 209
32 8 240
32 29 210
32 27 133
32 71 206
34 104 264
34 62 258
35 81 102
35 53 172
35 45 136
36 66 111
37 88 117
38 6 93
38 26 179
39 108 41
40 62 138
40 100 209
40 7 7
41 42 182
41 63 70
42 100 221
44 105 140
44 97 181
45 64 169
45 23 98
46 21 0
48 47 212
48 60 125
48 18 100
48 55 32
49 3 177
51 12 14
55 94 140
56 105 27
56 15 51
57 90 139
59 33 27
59 2 27
59 19 50
60 68 240
63 84 184
65 23 108
66 51 245
66 85 14
67 41 253
69 76 11
70 70 204
70 59 17
72 77 276
73 36 202
74 96 265
74 14 20
74 81 14
75 13 162
75 21 183
76 26 277
76 103 112
81 39 170
85 72 276
87 96 38
87 37 64
87 53 28
89 51 112
90 25 225
91 32 137
91 14 262
92 108 91
92 79 210
94 82 209
95 2 211
96 41 201
97 11 256
98 108 282
98 95 161
101 13 134
102 61 208
103 49 180
105 29 181
105 21 113
108 28 152
108 66 68
108 13 196
-1
330
0 51 110
0 38 233
1 82 24
2 80 254
3 21 290
4 84 217
5 92 238
5 67 182
5 21 205
6 75 211
6 61 29
7 44 293
8 69 64
11 30 69
12 85 137
12 66 176
13 46 118
14 56 126
14 97 136
14 24 194
14 29 271
17 13 64
17 57 29
19 89 67
21 85 21
22 20 219
22 108 210
22 20 280
23 21 71
23 16 23
24 56 106
25 101 255
26 27 263
26 79 286
27 98 111
28 43 286
28 82 78
28 101 66
29 91 227
29 77 243
29 88 13
29 83 200
30 11 5
31 94 237
32 94 46
32 73 91
34 58 44
35 59 55
35 38 183
36 82 140
36 42 4
37 47 17
37 90 70
38 80 93
38 38 210
40 70 96
40 18 71
44 25 39
45 46 143
49 74 222
49 29 138
50 69 140
52 34 67
53 58 144
53 80 63
53 104 67
56 7 270
57 15 224
58 83 106
59 22 35
61 103 56
62 96 256
63 26 54
63 104 26
64 28 63
65 78 145
66 38 269
66 76 196
70 64 213
70 29 257
73 62 129
73 21 192
74 105 213
74 11 171
75 32 153
75 34 137
77 39 235
77 81 194
79 81 58
80 54 31
81 74 192
81 100 294
82 90 62
83 83 211
85 81 289
87 5 95
87 86 223
87 97 203
89 45 168
89 3 131
90 106 65
90 63 177
90 29 46
91 60 170
91 46 67
92 90 150
92 65 191
93 108 164
93 6 13
94 33 37
95 22 281
95 35 31
96 28 14
96 28 270
98 61 272
99 96 28
100 78 12
100 52 34
100 62 39
102 103 269
102 81 217
103 59 218
104 83 274
105 73 256
106 59 77
107 56 198
107 94 144
108 37 141
108 61 88
109 62 39
-1
330
0 106 216
0 101 214
1 98 190
1 102 0
1 108 254
2 54 164
2 65 111
3 30 232
4 108 5
5 100 201
6 65 46
6 82 173
7 101 252
7 49 139
8 58 217
8 77 155
9 44 211
10 30 4
10 45 204
11 88 264
11 66 33
11 62 279
13 19 204
13 82 273
15 100 264
15 32 91
15 40 288
16 9 200
16 72 132
19 39 96
21 22 158
22 78 138
22 73 278
23 51 283
23 35 125
24 109 97
26 9 286
26 59 28
27 22 162
27 76 54
28 49 98
29 30 89
32 41 165
34 19 217
35 93 243
36 76 71
36 12 174
37 68 257
37 18 84
39 99 190
39 99 272
39 49 223
40 91 7
42 64 247
42 47 20
43 82 273
43 15 242
43 79 117
43 11 188
45 52 165
45 78 31
46 30 269
48 18 138
51 30 173
52 57 234
52 70 169
53 61 120
53 78 287
55 70 242
55 4 71
57 34 71
57 63 277
58 43 62
59 92 265
62 100 207
64 26 282
64 55 201
65 11 126
65 36 188
65 23 150
65 54 157
65 55 161
66 0 28
66 109 5
66 33 65
67 52 81
69 10 211
70 41 24
70 35 157
73 4 243
73 31 177
75 16 228
75 53 269
77 27 165
77 70 73
80 108 188
80 107 211
81 8 258
82 28 42
82 103 44
85 89 12
86 34 186
86 81 107
87 95 24
87 63 26
87 76 25
87 101 26
87 108 55
89 106 100
91 69 46
92 96 211
97 6 42
97 93 288
98 47 24
98 23 120
98 99 101
98 11 272
99 64 234
100 107 252
101 23 187
101 108 217
101 33 64
102 4 174
103 52 197
103 78 136
104 23 8
106 81 213
107 30 237
108 15 294
108 105 84
-1
330
0 76 61
1 46 47
4 8 232
5 50 105
5 16 244
6 108 183
6 63 172
7 98 182
7 64 119
9 7 257
13 9 110
13 19 60
15 17 278
15 4 112
16 4 248
16 39 128
17 76 265
17 35 29
18 37 183
19 70 191
19 11 42
19 79 12
21 60 285
22 95 20
23 71 4
23 63 283
25 22 266
26 107 35
27 19 266
28 59 39
28 62 182
29 29 220
32 17 262
32 4 3
33 103 137
33 81 278
34 31 214
34 9 167
34 106 241
34 40 174
35 52 240
36 7 27
37 29 239
37 61 41
38 53 115
38 12 208
39 90 147
39 82 21
41 23 195
41 84 233
42 75 137
42 34 174
42 51 123
43 5 15
45 12 37
47 93 67
50 98 270
51 95 291
51 56 137
51 69 69
52 78 171
53 10 84
53 76 250
57 52 106
59 5 53
60 91 266
60 13 283
61 39 253
62 103 168
62 14 123
63 76 12
64 97 163
64 14 205
65 9 81
65 91 216
65 35 137
65 64 188
66 19 213
66 107 20
67 34 220
68 75 74
68 99 22
68 49 164
70 59 6
70 34 4
70 92 96
70 45 289
71 46 23
71 2 222
72 42 1
73 39 201
74 10 214
74 86 259
77 16 84
79 28 299
80 41 54
80 72 201
81 0 214
82 87 195
82 54 63
84 2 132
84 97 220
85 80 68
88 20 103
88 3 273
89 28 66
89 78 290
90 101 230
90 50 290
90 100 31
91 54 250
91 42 133
91 101 226
92 92 196
92 100 237
93 38 276
94 106 248
94 94 0
95 98 183
95 43 134
96 65 290
96 52 248
98 44 100
98 103 222
98 28 185
99 61 13
99 62 79
101 94 253
103 20 290
103 101 24
103 3 128
105 40 70
106 0 169
106 24 290
107 74 201
107 75 275
108 101 144
108 63 235
108 2 39
108 104 114
-1
330
0 87 296
0 16 136
0 29 124
0 6 163
0 34 271
3 10 183
4 0 114
7 49 278
7 88 233
8 2 180
8 83 26
8 37 81
10 50 286
10 24 128
12 54 181
13 11 72
14 44 187
14 102 69
14 30 117
15 83 140
17 58 5
19 55 61
20 5 22
20 23 146
20 85 115
21 8 187
21 17 49
22 57 288
22 75 216
22 14 255
22 29 168
23 40 233
23 12 7
24 67 184
24 31 0
26 28 34
27 41 95
27 7 32
27 4 256
29 76 97
30 70 155
30 22 166
31 78 183
32 10 299
32 7 149
33 41 87
34 97 130
35 1 201
35 102 19
36 82 22
38 79 169
38 100 91
38 2 261
38 95 35
42 58 244
43 35 50
43 50 224
43 67 106
44 52 77
44 6 145
45 71 63
46 10 79
47 70 197
48 72 287
51 101 122
51 67 156
51 56 95
51 72 244
52 85 94
52 85 66
54 87 204
55 75 102
56 17 131
56 107 250
58 86 237
58 91 139
58 51 75
59 43 177
59 26 13
60 1 53
61 57 170
61 58 267
63 11 148
63 46 24
63 29 271
64 60 59
65 34 220
65 40 216
66 9 278
66 61 271
70 105 177
70 35 157
70 11 131
71 96 46
72 104 14
72 90 60
73 42 246
73 97 43
74 28 169
74 8 278
75 56 176
75 51 61
77 49 128
79 50 160
81 104 247
82 72 263
84 48 270
85 43 259
86 52 133
87 104 250
87 19 9
87 13 260
88 19 222
89 36 192
90 78 248
91 104 227
92 69 214
93 88 78
94 46 192
94 94 196
94 107 253
94 7 286
95 81 72
97 35 47
99 2 155
100 100 155
101 70 152
102 66 133
103 30 143
104 3 260
104 70 200
105 71 161
106 4 195
106 66 242
106 89 246
107 26 143
107 18 64
107 1 136
109 102 152
109 106 86
-1
330
0 58 39
0 24 247
1 10 299
1 35 91
2 98 164
3 106 71
3 39 67
4 20 253
6 42 181
7 34 188
8 56 12
8 89 144
9 65 213
10 15 277
11 81 281
11 44 128
12 92 124
13 105 33
13 48 45
14 43 173
15 42 146
16 57 248
17 34 282
17 64 102
19 26 270
22 97 228
25 104 100
25 12 101
26 4 222
27 78 192
27 106 114
29 98 67
29 38 227
33 22 67
34 22 280
35 58 241
36 10 54
37 35 294
37 34 244
38 97 167
38 14 280
39 9 226
39 100 20
39 93 194
39 74 50
40 105 160
40 25 56
41 53 36
41 21 0
42 43 91
42 30 150
42 72 103
43 80 297
43 10 199
44 35 254
45 23 203
45 71 231
46 22 226
48 18 6
48 13 285
48 83 222
49 104 235
49 22 243
49 87 251
50 12 97
50 13 221
51 52 247
51 50 49
52 1 7
52 53 26
52 75 113
52 25 61
53 87 245
55 100 135
55 9 299
55 43 79
56 99 277
57 71 75
57 41 112
57 19 62
57 66 44
58 70 269
59 109 124
60 78 15
62 85 290
63 73 27
64 77 129
64 49 238
64 88 298
65 78 99
65 96 116
65 75 229
67 103 20
67 93 93
68 79 264
68 70 146
72 94 56
72 51 282
74 99 3
74 41 34
74 105 166
75 55 80
76 19 57
77 83 230
77 68 76
78 96 270
79 0 116
81 88 235
81 18 72
82 62 35
82 109 201
83 59 291
83 20 120
84 94 167
86 13 285
86 78 285
87 2 72
87 67 39
87 79 86
87 43 10
88 69 146
89 77 85
90 8 207
90 101 168
90 66 121
91 45 151
92 20 7
92 64 144
94 55 195
95 82 132
96 77 185
96 12 76
97 77 32
98 69 229
98 22 235
98 42 117
98 109 87
100 8 208
102 29 124
102 65 124
103 84 249
103 0 90
103 72 248
104 7 277
106 15 252
106 87 112
107 81 21
107 3 278
108 40 27
108 94 293
-1
330
0 12 37
0 18 46
0 54 77
1 80 135
1 92 182
4 51 4
4 59 12
5 4 193
6 33 47
7 90 232
7 63 102
7 36 124
8 76 92
12 71 295
13 37 124
14 82 186
15 3 170
15 106 41
15 104 125
16 65 225
16 99 125
17 60 284
17 89 147
18 70 9
19 23 187
20 22 287
20 7 44
20 100 100
21 15 224
23 1 162
24 7 237
24 39 82
25 104 46
27 7 180
29 1 273
29 29 284
30 106 92
32 3 219
32 75 76
34 36 204
34 101 33
35 46 123
36 71 210
37 88 99
38 3 25
40 22 270
40 100 222
40 13 222
41 67 11
41 53 291
41 14 278
41 28 198
42 75 8
42 35 95
43 51 88
43 96 265
44 78 7
46 6 269
47 100 266
47 70 197
48 20 121
48 23 206
48 85 132
49 108 19
49 18 247
49 72 205
50 98 269
51 62 63
52 34 12
52 78 34
52 55 59
52 103 232
54 55 160
54 42 77
56 57 8
56 18 207
56 87 46
57 101 118
57 41 151
58 78 4
59 50 63
59 82 241
60 70 20
60 23 57
63 99 74
63 18 202
63 6 202
63 49 294
64 25 16
64 11 284
64 75 42
66 22 166
66 8 225
67 88 186
67 31 18
68 59 108
69 0 27
69 46 104
69 36 196
71 51 64
71 66 7
71 8 209
71 73 192
71 31 109
72 79 289
72 98 140
73 77 80
73 100 179
73 19 103
75 70 254
77 15 74
78 66 191
79 57 124
80 73 266
80 69 260
82 26 289
83 58 26
85 45 70
86 93 17
86 26 44
88 17 61
89 41 193
90 26 128
91 66 198
92 58 4
92 7 172
92 100 101
92 35 6
93 75 242
93 67 92
94 26 5
95 85 285
96 96 125
96 92 113
96 57 158
97 70 286
98 84 84
99 27 79
99 39 188
100 45 80
101 47 165
101 42 268
104 69 43
105 66 200
105 101 135
107 82 108
107 42 110
107 75 13
109 30 178
109 27 255
-1
330
2 96 15
3 29 8
5 99 221
7 91 96
8 107 35
8 40 52
9 88 85
9 81 174
9 68 54
10 70 197
12 37 245
15 73 245
16 2 163
16 68 69
16 6 33
16 81 271
17 7 163
17 90 218
17 33 113
18 37 87
18 23 150
19 49 100
20 107 4
20 66 262
21 45 263
21 35 162
22 9 151
23 67 4
23 71 93
24 50 96
25 44 113
25 40 262
26 13 18
26 18 193
26 94 206
27 85 163
27 107 0
28 48 1
28 63 137
28 101 241
29 29 194
29 64 47
29 95 111
30 95 37
30 9 15
30 33 53
30 89 272
31 90 255
31 93 62
33 66 137
33 95 266
33 32 141
34 2 137
34 4 290
35 65 180
36 15 174
36 75 196
37 55 282
39 6 136
39 6 167
41 41 100
41 3 104
44 97 30
44 67 94
45 83 121
46 32 268
47 30 13
47 36 171
49 5 172
50 76 99
50 66 243
50 1 189
51 47 129
52 31 103
53 78 238
54 3 49
54 23 143
55 74 10
55 21 128
55 20 296
56 63 41
57 45 105
57 67 5
57 14 141
57 81 283
57 71 194
58 72 215
58 39 284
59 96 147
59 67 29
60 35 156
61 15 55
62 16 280
62 58 47
63 69 207
63 87 261
63 7 90
64 57 166
65 109 222
65 4 102
66 54 180
66 86 163
67 85 149
67 64 42
67 72 251
68 98 191
70 30 32
70 41 94
70 92 59
71 89 6
71 62 106
72 45 148
72 77 45
73 21 76
73 21 14
73 56 171
75 58 74
75 101 294
77 32 213
77 79 184
77 79 18
77 75 38
78 28 8
82 58 181
83 66 203
84 97 237
84 49 262
84 34 254
86 33 8
88 54 34
88 84 110
89 44 195
91 26 115
92 63 105
92 42 129
92 83 218
92 25 91
93 68 277
93 0 49
94 46 142
94 103 150
96 0 176
97 96 248
98 11 255
99 103 61
100 88 215
101 5 233
101 24 156
102 6 232
102 87 298
102 101 261
102 55 296
104 68 113
105 60 159
106 98 88
106 19 167
107 20 168
107 19 8
107 32 240
108 51 250
-1
330
0 87 207
0 57 67
0 94 65
1 83 259
1 4 9
2 44 221
2 82 149
2 59 2
3 70 79
3 39 168
4 2 102
8 76 27
10 104 213
10 44 170
11 10 292
11 95 150
13 9 214
14 46 84
14 103 103
14 2 291
15 104 55
16 57 37
16 57 3
17 6 144
18 22 234
18 36 267
18 10 148
19 92 82
20 13 144
21 38 104
22 60 167
22 48 39
22 28 224
23 100 60
24 16 203
24 43 194
25 52 126
25 57 213
26 13 173
27 1 233
27 56 262
28 79 203
28 27 37
28 24 149
30 100 188
32 17 288
32 31 240
33 62 0
33 28 181
33 44 226
34 1 222
35 43 202
37 4 222
37 2 116
38 95 45
38 36 204
39 80 228
39 47 161
40 4 228
40 47 167
40 8 243
42 12 60
42 16 228
43 66 105
43 79 40
43 48 247
44 73 233
44 17 233
47 95 249
48 74 131
48 20 143
50 78 288
50 10 210
50 73 56
51 8 78
51 64 62
51 89 121
56 35 175
56 56 89
58 85 18
58 11 205
58 37 134
61 49 150
65 14 237
65 82 140
66 60 135
66 67 55
67 72 105
67 89 240
69 30 127
69 78 261
69 47 122
70 41 154
71 81 31
71 64 200
72 106 23
73 28 95
73 91 151
73 9 116
73 53 285
74 105 78
75 44 256
75 83 268
77 106 269
78 96 286
80 46 73
80 84 0
81 80 290
81 64 197
81 14 46
82 87 2
82 86 103
82 61 95
83 86 54
83 63 299
83 72 272
84 80 171
84 109 202
85 1 212
85 44 219
85 66 265
85 1 137
85 27 181
86 6 94
87 12 130
88 102 178
88 21 132
89 58 46
89 2 73
90 33 25
92 30 47
93 63 2
95 47 263
95 76 169
95 101 157
95 97 35
95 34 262
96 21 158
97 25 219
98 34 247
99 97 153
100 95 263
100 93 129
101 64 159
103 9 84
104 97 250
104 95 274
105 101 195
105 74 284
105 62 142
106 84 23
106 10 25
106 36 123
106 8 224
107 17 104
107 0 18
108 55 94
109 108 282
109 10 63
109 56 164
-1
330
0 43 206
0 72 256
0 9 250
0 98 108
1 75 166
2 105 217
2 7 91
2 20 286
2 38 246
3 71 198
4 71 292
4 83 258
5 26 223
5 60 27
5 43 35
6 73 49
8 100 278
8 49 30
8 27 117
9 75 139
10 69 54
10 19 3
12 31 192
12 49 55
13 65 169
13 68 266
14 109 284
14 35 270
14 74 273
14 96 270
15 6 129
16 28 97
16 89 11
18 39 201
21 35 52
21 104 72
21 66 7
22 56 47
23 86 32
23 25 89
24 25 288
25 57 154
25 37 175
25 14 133
26 99 27
26 29 217
26 97 105
28 54 90
28 65 299
28 18 58
29 13 16
33 14 288
35 102 268
36 81 222
37 97 79
39 50 272
39 9 61
40 98 26
41 100 40
41 37 59
43 77 197
45 42 176
45 71 269
45 92 281
46 38 293
46 4 91
46 41 169
46 72 22
46 34 215
47 62 117
47 37 116
48 18 203
48 47 2
49 17 157
49 94 149
50 36 14
52 88 276
52 24 276
53 28 68
53 17 190
53 75 44
54 26 35
55 109 31
56 44 183
56 73 37
56 81 67
57 0 259
57 77 256
57 56 237
58 2 177
58 102 256
59 99 177
59 64 248
60 16 143
62 62 45
63 28 123
63 91 120
63 83 9
67 97 7
69 92 0
69 105 135
69 100 226
70 7 246
71 24 90
71 7 275
71 55 65
72 108 87
72 72 232
73 23 24
74 82 193
74 63 220
74 70 130
75 72 210
75 39 248
76 102 215
77 53 57
77 12 163
78 51 247
78 47 183
80 70 233
81 21 176
82 100 264
83 101 80
83 70 73
83 108 112
83 90 8
84 13 214
84 70 193
85 16 77
85 1 77
85 90 232
86 0 175
87 8 286
87 93 6
87 107 83
87 85 69
88 48 174
90 106 274
91 100 127
91 27 276
93 48 189
93 53 263
94 70 6
94 9 18
94 92 56
95 70 217
96 43 275
96 16 266
98 34 85
98 16 5
98 88 36
99 89 129
99 18 129
100 18 278
101 21 122
101 23 23
101 13 120
102 93 23
102 103 114
103 88 189
103 2 126
103 1 187
104 2 119
104 18 91
105 38 77
107 32 192
107 67 37
108 64 167
108 68 281
109 37 265
-1
330
0 86 257
2 59 49
2 77 171
2 85 226
3 37 134
3 95 61
3 8 270
4 51 143
4 10 103
5 39 278
5 103 211
6 52 211
6 4 202
6 31 245
7 58 163
7 98 198
9 27 50
10 35 21
11 35 209
14 98 187
15 8 157
15 14 183
17 21 142
17 75 30
19 71 211
19 99 190
20 13 297
20 10 157
20 81 94
21 67 78
21 27 64
21 33 126
21 53 101
23 3 296
23 11 197
25 36 98
25 64 17
26 49 97
27 84 14
28 83 79
28 99 108
29 50 86
30 88 98
30 19 69
31 105 263
32 13 146
33 98 241
33 101 279
34 101 155
34 91 260
36 91 179
37 43 118
37 55 150
39 103 244
40 13 249
40 101 63
41 95 39
41 28 48
42 46 76
44 12 124
45 63 63
45 85 115
46 45 108
46 49 124
47 4 265
48 60 157
49 12 169
50 21 36
51 75 189
51 70 108
52 96 224
53 16 78
53 34 84
54 62 254
54 73 110
54 55 41
55 63 89
55 100 203
56 83 152
56 11 267
56 90 92
56 50 128
57 47 41
58 104 61
58 57 238
58 26 117
59 13 285
59 69 126
60 66 228
60 91 216
61 94 174
61 12 35
64 34 126
64 21 92
65 0 152
65 8 28
67 65 282
67 5 243
67 16 123
68 30 274
68 85 61
69 7 15
69 100 26
69 86 241
71 32 180
71 36 15
71 26 279
71 23 115
71 41 13
71 16 119
73 101 162
73 107 123
74 109 166
74 72 51
74 79 209
75 46 273
75 48 297
76 44 224
77 101 160
77 57 155
77 71 212
77 38 288
78 87 136
78 97 291
79 24 29
79 38 31
80 51 256
80 81 74
80 78 145
80 93 202
82 55 29
82 29 189
83 43 165
83 76 260
83 31 37
84 49 208
84 74 130
88 93 73
89 85 262
89 97 197
90 92 184
91 80 115
91 73 293
92 23 205
93 98 202
94 7 100
96 32 186
96 42 222
96 68 49
97 103 125
98 74 155
98 26 238
100 2 54
101 73 259
101 71 105
103 108 290
103 49 263
104 40 90
104 52 236
104 83 297
104 37 52
105 70 129
105 85 1
105 94 30
106 59 188
107 8 156
108 38 222
108 7 263
109 9 26
109 43 18
-1
330
0 74 1
2 26 270
2 52 72
2 10 222
2 9 107
4 107 197
5 77 162
5 97 100
5 32 106
6 70 210
7 107 275
7 88 41
7 84 49
7 100 264
9 25 0
10 87 174
10 95 212
11 35 285
13 85 227
13 98 189
13 24 90
13 49 198
13 16 48
13 12 117
14 104 291
14 66 202
15 104 189
15 89 115
15 76 139
16 36 256
16 69 214
16 24 63
16 49 13
18 82 65
18 88 194
19 44 9
21 24 46
21 40 4
22 49 118
22 16 167
23 92 21
23 59 282
23 82 201
23 65 255
24 0 214
24 105 22
25 95 234
26 67 122
26 93 25
26 1 145
27 106 129
27 101 64
28 105 19
29 43 144
32 11 171
33 52 274
34 74 284
34 100 212
35 33 53
35 103 225
36 97 101
37 3 48
37 89 129
41 98 100
41 38 23
41 43 198
42 78 261
43 88 104
44 13 79
45 27 24
45 37 142
45 40 148
46 0 7
46 77 17
46 15 134
47 83 267
48 96 272
48 91 128
49 86 31
49 91 16
49 8 176
49 22 181
50 29 157
50 87 206
50 61 283
52 17 224
53 82 116
54 46 40
55 63 183
56 104 114
57 83 188
59 5 179
59 13 22
60 47 174
61 18 273
62 53 120
62 93 217
63 21 12
63 40 28
63 99 58
63 90 184
64 69 185
65 47 252
65 19 297
65 34 299
65 32 55
66 82 28
67 81 17
67 36 201
70 75 275
71 9 15
71 72 267
71 19 261
73 62 120
73 42 112
73 15 90
74 93 260
75 15 240
76 36 111
76 5 170
77 100 227
77 45 285
77 21 239
78 20 278
79 78 50
80 109 46
81 12 294
81 16 242
81 26 89
82 39 59
82 20 235
82 71 95
83 104 149
83 30 291
83 14 72
83 93 76
83 35 251
84 83 21
85 5 223
85 30 242
86 54 98
86 56 40
87 67 64
87 39 279
87 1 205
88 13 259
88 33 65
89 46 139
89 89 240
89 101 180
90 20 94
90 97 270
91 87 159
91 91 221
92 97 182
92 103 258
94 42 290
94 25 200
95 98 288
95 5 33
96 105 233
97 26 100
97 66 241
97 8 231
98 43 184
99 79 230
99 38 87
100 60 137
102 22 204
103 21 216
103 49 236
103 93 10
104 19 160
104 78 15
104 9 139
104 3 3
104 74 147
105 10 112
107 103 257
107 34 110
-1
330
0 64 235
0 63 176
0 0 236
0 8 180
2 76 29
2 103 174
3 1 66
3 68 197
3 97 2
4 31 166
4 67 155
4 26 90
5 74 126
6 55 171
7 23 71
7 35 228
9 18 40
9 45 162
10 67 204
10 38 153
12 88 85
12 77 29
12 36 55
12 85 185
14 85 0
14 49 299
15 45 99
16 54 83
17 87 160
18 18 148
19 32 192
20 48 258
21 39 36
21 20 198
21 91 19
22 17 256
22 83 77
23 58 43
24 13 222
25 1 296
28 81 222
28 3 59
29 4 196
30 25 211
30 47 272
30 62 157
30 18 123
30 69 60
30 54 214
31 96 77
32 10 193
32 68 29
34 77 259
34 34 103
34 34 81
35 39 127
35 62 105
35 74 66
36 33 30
38 4 39
39 84 198
39 67 235
39 29 122
40 5 216
41 60 23
42 66 52
42 72 137
42 43 8
44 103 122
44 80 118
44 1 36
45 13 225
45 42 21
45 31 153
46 94 91
46 39 153
47 106 85
47 10 122
47 62 142
47 67 186
48 38 105
49 80 32
49 52 275
49 43 217
50 7 35
50 97 30
50 29 236
50 82 268
51 100 151
51 57 120
53 81 157
53 33 167
53 63 64
55 57 162
55 19 254
55 95 185
56 24 42
57 61 121
57 54 154
57 43 191
57 69 92
58 70 135
60 68 76
61 12 291
61 31 22
62 0 83
63 0 218
63 48 239
63 29 12
64 55 178
65 60 78
65 54 289
67 68 147
67 45 268
68 27 163
68 57 89
68 67 237
69 33 67
70 101 253
70 50 299
70 1 250
71 13 237
71 67 217
71 73 11
71 39 39
72 12 34
73 105 47
74 100 197
74 1 240
74 68 146
74 35 173
75 56 133
75 80 280
76 109 19
77 37 255
78 18 71
79 80 68
80 42 198
80 37 129
80 18 54
82 98 85
83 3 67
84 15 178
84 108 245
84 55 138
85 11 275
85 35 266
85 49 97
87 47 98
87 30 64
88 11 43
88 55 197
89 27 128
91 76 75
91 52 34
93 69 70
94 105 155
94 65 258
94 89 200
95 47 168
95 0 154
95 38 50
97 30 187
97 72 64
97 94 134
98 14 152
98 3 155
99 37 86
100 94 85
100 8 185
101 21 50
103 12 159
105 76 273
105 23 74
107 102 17
107 50 34
107 98 207
108 12 5
108 8 295
108 5 156
-1
330
0 66 216
0 98 147
0 35 119
0 105 150
2 11 265
3 39 218
3 85 169
3 7 39
3 37 16
3 19 209
4 27 299
4 47 245
4 57 123
5 35 233
6 94 122
6 40 219
7 90 295
7 89 258
7 9 284
8 109 27
8 36 121
8 27 33
9 26 223
10 6 276
11 84 113
11 79 152
12 109 98
12 108 227
12 55 138
13 66 241
13 88 24
13 67 15
15 4 144
15 108 113
16 103 260
16 67 252
17 4 13
18 58 80
19 97 145
20 51 236
20 46 99
20 70 147
20 62 117
20 4 39
20 86 131
21 56 288
22 82 164
22 11 267
23 70 226
23 43 287
24 78 177
24 91 86
24 82 103
24 1 250
28 14 43
28 59 24
29 82 290
31 85 75
31 71 97
32 53 251
32 62 275
32 72 160
33 77 143
33 67 50
34 33 5
35 88 107
35 31 145
36 100 13
36 69 3
36 40 179
38 91 233
40 63 96
40 13 146
40 22 90
41 82 213
41 36 170
42 42 198
42 48 228
42 16 67
42 21 260
42 86 65
42 77 43
43 39 141
44 0 36
44 57 33
44 84 135
44 56 151
45 102 169
45 33 164
45 19 276
46 106 298
46 4 282
46 79 177
47 50 136
47 81 0
47 65 178
48 50 108
48 75 264
49 23 268
50 38 85
50 10 22
50 11 218
51 88 285
52 40 209
53 90 129
53 19 199
54 29 297
54 78 15
55 65 89
56 99 94
56 7 78
56 31 16
57 46 126
57 38 157
57 75 57
58 82 196
59 93 159
59 30 43
59 32 54
60 63 240
60 66 212
60 37 230
60 62 106
61 9 183
61 37 56
61 16 270
62 0 46
63 36 56
63 78 134
63 32 78
65 63 0
65 103 132
66 56 211
66 78 256
67 31 210
68 74 22
69 51 209
69 57 215
71 32 182
72 15 185
73 37 63
74 22 265
74 107 1
75 55 56
75 66 241
76 95 22
76 75 148
76 3 105
76 37 83
76 59 202
77 103 250
78 32 170
79 81 152
79 77 152
80 92 135
81 73 277
81 42 269
82 59 262
82 38 176
83 43 282
84 34 132
84 13 233
86 70 221
87 6 191
87 51 147
89 73 245
89 64 79
90 57 24
90 49 203
90 34 191
91 75 38
92 10 106
92 58 96
94 18 27
97 60 276
98 37 201
98 71 140
99 17 3
99 80 219
100 70 178
102 88 241
103 39 165
104 101 165
105 59 91
105 0 185
106 81 240
107 0 43
107 33 133
107 107 79
108 36 213
-1
330
2 63 92
2 103 138
2 19 156
3 77 254
3 80 88
3 50 75
4 26 87
4 94 285
5 36 267
5 60 10
5 64 279
6 48 111
7 65 39
8 68 295
8 84 136
9 76 232
9 38 236
10 101 270
10 62 118
10 18 241
11 90 156
11 19 261
12 109 234
12 25 80
12 79 148
12 75 252
13 16 76
13 10 160
14 76 60
14 94 97
15 61 166
16 74 115
16 18 277
17 52 135
17 7 109
17 107 226
18 108 145
19 92 192
20 45 262
21 72 75
21 51 71
21 19 227
21 32 129
22 76 297
22 94 205
23 70 54
25 7 277
25 79 181
26 107 2
26 61 185
26 92 184
27 42 89
28 52 135
28 55 165
29 84 15
30 101 268
30 104 271
30 69 285
30 91 64
30 38 51
31 45 226
32 16 142
33 56 192
35 85 103
35 103 299
35 74 111
36 79 257
36 9 47
37 78 242
38 86 165
38 60 119
39 100 50
40 83 37
40 93 211
40 48 183
41 84 270
42 38 256
42 63 59
42 59 140
44 22 20
44 65 203
44 65 173
45 30 57
45 20 135
46 72 271
46 70 92
48 50 223
50 66 49
51 76 74
52 43 119
53 30 61
53 82 79
54 100 165
55 9 227
57 9 63
57 77 182
58 84 51
59 92 200
59 10 4
59 76 224
60 24 19
60 22 113
60 107 119
60 45 203
61 18 282
61 36 152
62 4 106
62 39 126
62 13 124
63 54 86
63 105 105
64 41 227
65 32 269
66 43 230
67 15 206
68 29 119
68 80 158
69 86 252
70 74 72
71 72 210
73 96 283
74 105 299
74 93 253
74 58 295
74 67 153
74 105 92
75 6 166
75 26 81
77 54 275
77 89 201
78 30 187
78 68 144
79 64 295
80 69 47
80 99 47
80 27 71
80 44 10
81 69 70
82 68 131
83 26 57
84 47 22
84 1 157
84 32 145
84 79 290
84 3 168
84 27 230
85 12 19
85 36 154
88 79 109
88 98 170
88 10 265
89 83 24
90 92 242
90 99 13
90 95 207
91 77 20
91 93 287
93 26 220
93 101 65
94 35 194
94 9 10
94 108 3
94 102 181
94 85 116
95 99 64
96 61 281
96 66 95
97 11 39
97 9 266
97 15 26
98 86 70
99 47 287
99 42 241
99 24 43
99 16 299
100 20 135
100 31 130
101 31 101
101 103 167
102 83 269
102 50 202
104 68 251
105 41 45
106 61 255
107 16 45
107 12 205
107 42 199
108 30 87
109 29 41
109 9 293
-1
-2
