450
-1
450
-1
450
5 136 74
13 101 178
23 108 221
24 10 172
29 71 181
31 14 20
38 64 283
65 83 125
113 79 182
122 104 120
-1
450
2 23 199
27 102 138
43 144 193
46 51 87
57 6 6
66 137 21
82 86 207
99 48 93
118 89 264
128 34 0
-1
450
7 138 138
26 98 230
29 144 169
36 124 276
37 30 202
45 19 18
71 5 259
73 127 191
85 137 251
86 70 179
87 94 168
90 51 11
93 63 164
99 106 187
119 5 268
119 1 91
121 48 196
130 31 182
132 69 209
138 95 75
-1
450
1 42 45
2 17 146
23 119 298
25 67 3
29 142 6
38 103 283
49 109 45
53 69 257
65 124 270
67 17 78
73 71 107
79 87 178
87 9 145
89 27 151
95 146 75
108 24 212
114 111 69
120 33 55
136 96 184
138 128 27
-1
450
1 40 281
15 106 161
19 24 219
19 49 161
22 57 268
32 32 123
39 78 215
52 1 117
57 119 108
59 29 134
59 134 137
61 78 172
63 122 221
68 23 140
72 9 271
76 40 156
79 101 84
83 124 151
84 54 196
88 78 105
89 124 7
89 147 191
98 42 223
105 9 283
113 63 87
119 61 141
123 62 299
130 60 249
139 4 204
140 124 55
-1
450
4 85 292
9 128 83
10 17 113
17 33 60
19 32 30
21 50 255
40 140 168
44 105 239
52 93 169
54 70 53
61 126 265
62 98 105
65 103 224
69 28 3
70 11 136
73 128 131
74 12 56
75 10 10
80 86 218
88 45 114
93 39 54
97 112 73
98 67 22
104 71 249
116 111 152
116 145 109
126 41 11
127 68 245
142 30 252
148 69 281
-1
450
6 62 69
7 39 133
9 33 61
14 69 69
22 61 141
26 11 70
27 91 191
28 59 202
28 33 288
33 62 62
34 107 291
40 50 204
41 100 106
49 143 46
51 35 9
52 105 237
56 128 93
63 24 218
65 33 58
67 132 256
74 104 286
87 28 12
88 27 85
89 6 114
92 15 250
96 94 189
97 145 118
115 10 134
118 30 10
121 60 61
124 114 65
125 27 147
129 76 94
132 114 58
134 8 63
140 97 117
140 110 233
141 141 113
146 131 205
148 10 248
-1
450
1 1 102
2 83 88
14 113 173
20 51 252
21 134 84
26 121 20
27 28 202
28 132 79
31 36 54
31 90 248
41 90 112
43 141 132
44 7 156
51 21 69
53 49 93
60 136 149
79 11 156
84 18 216
87 114 55
88 49 139
90 94 267
95 121 129
95 141 26
97 41 213
97 83 201
98 75 92
101 93 213
102 20 163
105 85 176
113 66 240
116 102 254
123 82 158
126 49 61
128 42 179
131 60 191
136 134 226
139 147 142
139 75 82
149 72 182
149 95 189
-1
450
1 48 89
9 51 45
11 49 289
13 17 170
18 143 28
20 102 201
21 124 248
24 39 39
25 52 238
29 128 278
30 123 1
31 58 123
33 32 216
35 51 235
41 90 148
42 20 52
48 74 89
54 24 15
58 135 73
61 141 278
64 72 144
66 111 0
69 37 185
70 6 273
73 67 151
73 10 229
75 104 189
77 1 104
89 85 112
89 78 20
90 107 247
93 5 124
106 146 21
107 142 191
107 108 186
114 57 44
115 20 21
119 12 237
122 51 48
124 135 90
126 11 16
129 87 181
129 4 132
132 63 26
136 113 231
137 44 84
140 73 78
141 40 121
142 123 275
143 122 16
-1
450
2 13 34
3 69 87
4 59 31
5 135 55
6 101 241
7 133 129
18 38 87
18 18 140
19 86 292
29 139 19
31 84 187
32 34 75
40 37 299
41 103 27
45 12 243
45 93 150
47 23 264
47 112 120
49 81 38
53 105 157
59 77 222
59 4 92
62 88 92
62 59 244
66 15 16
69 110 170
75 19 288
76 23 162
82 24 30
83 48 80
84 49 136
85 84 127
88 70 239
96 21 164
97 135 199
98 23 3
100 58 189
102 46 165
104 30 149
104 139 258
109 21 237
120 120 279
122 40 142
124 134 280
132 81 190
132 21 282
134 122 174
141 89 261
144 128 85
149 147 0
-1
450
3 107 18
5 81 192
10 145 295
28 76 48
35 63 91
36 105 48
42 143 148
45 92 191
47 132 263
47 68 125
48 23 171
49 104 194
51 122 239
51 129 189
58 39 219
60 92 174
60 92 24
62 75 228
63 127 147
67 111 35
67 10 31
69 14 201
69 44 282
69 100 119
73 133 195
74 88 64
76 53 249
83 34 237
83 83 8
84 45 111
85 38 276
89 32 257
89 131 105
91 138 279
93 83 292
95 74 143
98 73 242
99 14 286
100 73 209
104 115 226
106 102 155
107 121 192
109 14 109
112 77 131
118 41 245
120 18 102
122 140 139
125 65 69
134 59 253
134 123 192
135 67 154
143 48 25
143 129 123
143 47 166
144 35 10
145 115 232
147 146 56
147 113 269
149 70 265
149 53 288
-1
450
1 74 16
2 31 249
5 111 127
9 62 270
15 40 214
22 60 69
23 105 88
27 146 76
31 130 69
32 18 29
37 136 177
39 46 256
42 108 180
43 102 47
43 132 193
45 2 156
45 86 194
47 140 160
49 127 64
50 75 185
55 52 35
56 76 68
61 31 125
64 11 59
64 126 98
66 141 97
72 27 232
74 38 227
75 58 125
75 64 236
78 58 186
84 73 218
89 11 103
91 41 108
93 36 242
93 85 97
93 117 240
95 3 131
96 146 192
97 90 58
99 115 65
100 140 281
107 89 46
113 21 144
118 61 175
119 148 205
121 98 83
125 105 6
125 137 245
127 33 123
131 142 75
131 40 108
132 47 86
136 97 103
137 20 116
139 112 9
140 98 153
141 145 119
146 140 22
149 124 280
-1
450
2 0 73
6 93 210
7 110 257
8 61 55
9 121 119
11 84 144
15 62 150
20 16 10
27 52 38
29 99 198
32 148 62
33 77 248
37 141 199
38 100 69
41 48 229
45 133 81
46 146 207
50 16 132
50 124 118
51 99 294
51 130 177
52 142 61
52 142 21
52 28 143
53 97 50
55 85 129
58 32 264
59 127 98
62 147 55
63 8 70
64 80 255
65 16 103
66 15 226
70 93 128
75 89 273
76 55 212
81 144 122
84 95 225
85 24 249
85 23 113
86 50 18
86 10 138
87 134 58
89 76 228
94 90 145
97 44 128
100 131 35
101 54 31
104 107 154
107 74 151
107 17 188
109 92 3
111 67 182
113 0 41
113 87 242
115 45 263
116 127 148
117 119 228
122 118 81
122 81 118
123 40 107
128 121 44
128 2 85
129 148 21
131 11 244
134 91 163
135 143 187
140 71 8
141 73 101
143 26 165
-1
450
2 1 123
2 15 49
5 91 79
8 118 194
11 140 43
14 56 178
18 27 265
18 89 293
21 72 131
22 23 238
22 109 7
24 7 167
27 102 27
28 96 30
28 86 89
36 57 93
37 79 132
39 71 169
43 117 186
49 73 120
55 99 42
57 94 98
58 25 265
62 54 168
62 139 62
63 40 54
63 32 206
64 88 6
67 58 78
69 110 135
69 22 294
71 57 114
72 113 242
72 109 166
75 85 115
77 37 130
79 101 113
80 73 82
81 88 28
84 127 97
87 62 47
87 72 221
90 114 54
91 48 83
93 58 175
94 84 32
97 25 172
97 135 88
105 129 94
106 98 16
110 34 137
112 130 134
112 87 19
114 79 290
121 146 212
122 44 0
122 65 211
122 120 60
123 23 106
127 53 84
130 147 197
132 13 18
132 98 205
134 113 227
136 70 90
138 32 106
143 23 243
143 100 140
145 37 266
149 80 236
-1
450
1 32 153
1 35 242
2 116 118
4 140 280
5 82 126
6 41 199
7 18 248
7 7 127
8 149 291
9 87 72
12 125 215
13 142 100
13 28 138
13 147 63
14 100 70
15 98 10
18 22 46
20 29 226
24 91 46
27 68 45
29 49 174
29 36 148
32 138 293
32 104 171
33 38 252
33 19 175
40 85 187
41 10 295
41 58 58
43 116 4
47 57 194
49 112 189
56 38 250
56 99 170
56 108 124
58 9 137
60 81 149
63 43 194
64 140 268
69 149 277
72 4 282
73 114 286
74 148 240
78 34 285
78 25 73
78 149 115
78 112 56
79 122 61
81 90 223
83 36 97
86 72 58
90 134 195
95 147 71
99 75 141
99 145 10
101 68 103
102 59 87
102 145 145
104 120 108
108 90 284
112 19 289
116 37 217
116 9 131
118 97 108
118 138 278
119 50 126
119 29 183
121 62 6
121 26 229
123 10 151
125 149 295
126 141 284
132 149 285
139 126 9
139 81 295
140 94 137
142 64 157
144 46 36
146 80 116
148 147 258
-1
450
2 101 218
2 83 266
4 27 52
5 67 274
5 46 236
7 22 87
7 91 109
13 107 32
16 22 235
16 142 30
17 73 69
19 141 191
21 144 154
23 131 32
25 43 288
27 109 177
28 132 176
28 57 261
32 19 111
33 81 255
35 121 35
36 119 8
37 131 198
41 136 193
42 51 75
44 129 133
46 95 24
50 2 13
54 121 91
55 21 193
55 59 31
56 57 134
58 102 214
59 75 36
63 99 73
63 71 6
67 113 111
68 5 149
71 15 170
73 31 133
76 41 291
77 133 152
77 17 86
82 73 8
84 125 177
88 117 138
89 43 205
91 44 56
92 99 278
96 22 165
96 47 53
99 52 253
102 98 183
103 120 159
106 14 218
107 136 298
108 90 235
109 77 133
113 43 213
114 27 252
116 77 95
117 4 299
119 62 47
122 140 282
122 52 72
123 59 149
123 18 129
123 133 49
124 125 120
128 122 101
132 83 238
132 68 32
136 115 294
138 74 180
140 30 112
142 103 16
147 48 224
147 54 5
147 35 73
149 145 285
-1
450
0 142 98
0 125 274
0 107 214
1 34 183
5 139 240
12 32 85
14 96 22
18 146 150
20 69 62
21 126 79
22 42 247
22 122 235
23 8 17
23 8 248
25 29 232
25 77 171
27 143 164
28 64 39
28 147 41
29 51 85
29 124 162
33 119 175
35 62 78
39 60 130
42 103 195
42 49 23
43 72 51
44 145 196
46 105 203
48 83 235
49 20 260
50 85 90
52 16 33
54 24 284
55 147 103
56 53 152
56 22 261
57 18 233
57 59 45
58 26 75
60 101 180
65 99 207
65 20 275
65 105 43
66 90 125
69 90 200
73 103 173
78 34 209
79 26 106
79 142 210
80 9 61
81 47 171
81 121 108
81 74 210
84 17 184
92 78 161
93 7 283
94 117 170
99 52 162
102 92 200
103 121 37
103 85 227
104 128 204
105 70 54
106 29 208
109 22 121
110 62 206
110 50 219
111 90 87
115 128 258
116 62 74
117 44 74
117 23 33
120 0 9
120 8 60
120 9 237
120 34 104
125 102 198
126 54 270
135 36 127
137 20 60
138 72 187
138 49 123
140 2 174
140 109 293
142 80 34
142 90 255
144 136 210
144 124 230
147 48 16
-1
450
1 89 71
1 39 95
2 143 8
4 39 293
6 112 130
7 53 132
11 94 131
11 62 106
13 118 298
13 135 120
14 112 253
18 41 22
18 88 141
18 148 263
18 114 118
19 87 275
21 74 165
22 2 119
23 9 145
24 80 202
25 109 1
28 143 264
28 49 266
31 134 260
33 74 268
33 121 89
47 49 147
47 32 179
47 110 16
54 63 244
55 97 182
55 109 164
59 47 84
60 77 232
62 109 263
65 65 95
65 141 264
73 145 283
75 57 219
75 26 10
77 9 240
81 111 127
87 42 83
90 96 254
94 136 189
94 78 37
95 69 13
97 44 39
98 45 81
101 41 7
101 86 221
104 76 94
104 48 133
105 148 47
107 29 296
108 130 253
108 5 85
109 16 269
110 133 115
112 52 38
112 113 186
114 69 145
119 117 134
119 9 16
119 61 133
120 80 107
120 38 22
121 40 50
124 31 13
125 25 176
128 75 46
129 74 96
129 141 140
133 21 98
133 56 93
133 22 97
134 67 252
135 13 82
136 77 168
136 143 261
138 38 121
138 124 19
139 17 97
140 68 166
141 133 172
142 9 202
143 145 58
147 45 196
148 82 89
149 14 99
-1
450
0 8 102
0 85 294
2 104 215
2 72 197
3 22 298
5 93 291
5 135 206
8 123 275
13 53 146
13 135 150
13 17 104
14 8 169
17 61 60
17 72 94
18 113 40
25 91 225
26 41 141
30 130 136
38 89 297
44 103 120
46 116 186
49 141 113
49 8 233
50 76 172
50 138 107
53 24 248
56 12 143
56 70 158
57 25 241
58 71 220
60 85 106
61 111 151
61 88 150
63 62 133
63 106 99
64 8 78
64 59 286
65 132 99
66 145 228
66 81 105
67 28 13
67 148 19
69 60 181
70 34 230
70 82 2
71 23 152
73 82 272
73 62 206
74 147 158
74 47 230
77 11 76
80 83 54
81 112 70
82 103 170
85 24 63
88 111 220
88 33 104
88 13 295
90 67 281
92 10 75
94 50 48
96 140 148
97 50 299
103 142 42
103 68 223
103 136 132
103 32 90
103 22 211
105 95 15
107 31 204
109 25 2
111 21 184
113 54 29
113 26 11
114 32 120
115 16 298
116 20 69
118 29 183
119 107 275
120 115 239
121 3 21
121 110 120
123 135 229
125 36 240
126 85 225
127 27 66
128 2 184
130 138 259
131 73 246
134 27 299
137 103 92
139 146 260
140 59 286
142 146 117
142 61 81
143 143 68
146 34 276
147 147 56
147 57 287
148 3 216
-1
450
0 108 135
1 46 263
1 13 100
2 91 205
3 146 126
4 121 292
5 121 258
5 4 240
5 132 281
7 106 68
8 73 118
8 131 286
9 88 232
10 52 151
10 29 92
10 147 46
10 110 108
11 112 182
12 47 84
13 141 29
13 74 92
14 53 160
15 112 96
22 50 283
24 12 208
24 20 114
24 33 148
28 36 281
31 20 297
32 99 8
35 118 130
37 5 24
38 74 231
41 43 221
44 92 20
45 43 120
46 114 34
48 137 274
52 50 283
52 12 4
56 142 120
58 60 108
59 42 283
59 67 24
63 31 112
63 59 248
64 40 151
65 35 135
65 61 41
66 78 25
66 39 274
68 57 65
68 12 225
70 77 55
72 127 172
74 0 184
74 61 276
74 27 72
75 143 266
76 32 259
77 115 227
78 88 189
78 81 232
80 24 150
82 55 245
82 143 232
88 140 268
91 73 243
95 33 2
95 59 273
96 86 68
96 86 150
98 85 43
103 144 292
105 149 169
107 101 118
107 135 93
108 128 240
108 34 271
113 125 220
116 52 188
119 83 133
119 49 78
121 69 285
121 109 252
121 70 162
122 39 6
127 148 138
129 6 127
131 131 233
139 128 206
139 2 252
141 102 65
142 120 280
142 45 136
144 147 7
145 56 256
146 113 173
147 95 152
147 71 220
-1
450
1 58 30
1 104 254
1 1 27
4 101 230
9 50 274
9 7 77
10 88 293
13 107 0
19 83 262
20 18 80
22 140 184
22 140 268
23 126 101
24 130 27
25 19 8
27 142 95
29 87 297
32 126 131
33 149 105
35 69 102
35 57 182
35 59 24
36 9 25
37 106 176
39 100 160
41 91 0
43 119 13
46 51 188
46 59 141
49 52 95
50 29 164
52 119 172
53 27 263
54 103 104
57 118 54
58 140 2
59 27 55
59 31 226
59 73 75
59 108 209
60 38 45
60 22 211
63 76 89
63 104 260
66 133 261
67 131 64
69 0 95
70 87 2
71 54 143
75 128 175
77 138 77
77 63 12
79 39 174
80 135 201
81 18 297
82 77 7
84 8 173
86 128 258
86 80 60
87 100 157
87 58 122
87 52 129
88 90 266
89 147 236
90 123 164
90 64 176
91 75 85
96 111 221
98 34 183
101 72 169
102 140 183
104 30 174
105 131 261
106 124 271
106 134 112
106 83 9
107 57 132
111 110 64
111 94 186
112 2 248
115 92 131
118 96 259
118 64 169
119 77 45
119 124 299
121 115 123
121 126 172
122 66 161
122 116 102
123 147 92
127 60 168
128 118 194
129 47 188
129 34 4
130 136 285
132 38 42
132 143 17
133 95 48
133 93 39
136 128 266
136 34 7
137 101 297
138 66 138
139 61 13
140 134 158
144 125 169
144 23 157
147 80 31
147 113 140
148 5 44
-1
450
0 98 86
0 58 83
0 1 42
1 17 299
2 52 49
3 65 240
7 11 137
11 93 243
12 115 174
13 122 61
13 98 202
18 12 211
18 101 22
19 2 0
19 74 57
19 20 282
20 56 84
22 10 20
22 41 283
22 35 105
23 84 180
24 144 175
24 85 200
25 137 194
25 126 276
28 140 257
29 91 284
30 12 72
31 61 147
32 84 166
38 113 44
47 42 100
47 14 247
48 101 111
50 134 38
51 84 28
52 121 50
52 84 100
53 30 155
53 9 234
57 33 230
61 111 123
61 11 163
61 30 96
62 96 146
63 94 26
64 66 297
64 40 267
67 124 169
68 77 179
68 28 51
73 110 186
76 86 182
78 139 272
79 15 103
80 127 139
81 51 22
83 103 67
83 116 135
84 26 15
87 98 22
88 44 13
90 62 265
91 137 154
91 92 155
91 44 111
92 106 119
94 78 198
95 132 101
98 146 62
99 90 259
100 131 197
101 102 97
102 40 150
109 96 264
112 79 234
113 23 261
113 23 239
115 7 249
117 103 284
117 125 283
117 10 231
118 19 198
118 10 96
120 135 169
121 125 253
121 123 46
121 132 283
122 111 139
122 27 212
123 73 160
123 45 254
124 26 273
126 69 201
126 149 98
128 18 67
128 34 61
129 92 232
130 112 54
132 78 208
132 135 248
135 60 23
138 98 230
139 53 95
140 9 124
140 25 41
142 142 273
148 58 273
148 3 175
149 86 212
-1
450
0 135 126
3 53 197
6 14 276
6 13 276
7 146 123
7 98 208
8 61 196
9 138 61
10 27 160
11 69 62
15 48 86
16 43 72
16 1 172
18 114 84
22 26 14
25 86 17
27 0 225
28 144 19
30 125 181
30 1 268
31 7 283
32 147 57
32 9 18
33 138 280
34 60 178
34 50 273
34 46 58
37 82 192
43 42 227
44 99 176
44 97 235
45 106 136
46 102 284
46 101 27
48 50 50
58 136 169
60 140 255
60 21 124
62 7 8
63 63 38
64 4 246
64 126 240
64 126 5
67 94 257
67 101 250
68 96 106
68 63 228
69 125 214
70 110 267
70 72 140
71 47 179
74 89 164
74 112 181
74 127 151
75 30 256
77 49 117
79 131 120
79 8 79
82 127 101
83 146 247
83 18 28
83 97 180
87 13 122
87 49 237
89 106 218
89 9 183
90 82 175
92 132 281
92 22 116
92 123 141
93 56 96
96 59 84
98 19 109
101 97 54
107 102 286
109 149 137
109 37 292
111 36 237
112 33 162
112 89 218
113 45 277
114 95 83
115 2 87
115 29 150
116 93 262
117 92 143
117 75 77
117 127 134
118 43 99
119 82 240
121 43 207
125 146 163
127 137 255
128 136 78
130 56 189
131 10 209
131 23 215
131 105 95
132 38 170
135 125 136
138 141 158
138 31 203
139 122 90
140 82 149
140 143 279
141 145 106
141 126 80
141 21 84
141 68 276
141 33 293
142 149 246
145 45 116
145 104 186
146 61 130
146 59 52
146 38 215
147 60 99
149 125 42
149 117 281
149 7 6
-1
450
1 117 54
2 105 169
3 51 135
5 109 294
6 93 186
7 82 155
10 41 160
15 58 220
16 67 63
17 127 265
17 9 205
18 52 74
18 140 85
18 60 182
19 88 231
22 9 270
23 86 118
24 40 258
27 149 91
34 98 55
35 122 44
36 103 89
38 0 219
39 141 32
40 20 28
41 148 135
41 76 107
44 9 136
46 134 231
46 86 151
46 24 258
47 40 279
47 27 237
47 135 294
48 61 174
50 85 73
51 9 188
53 97 212
54 2 137
54 32 88
55 37 138
56 76 265
56 121 205
60 88 19
61 44 180
61 98 110
63 61 119
64 5 86
64 64 273
65 3 28
69 96 189
73 138 223
74 149 220
75 114 111
75 34 103
76 19 81
76 107 233
77 66 233
78 145 205
79 88 255
80 49 272
81 57 74
81 40 295
82 49 155
82 78 280
84 41 202
84 7 108
85 95 225
86 148 29
89 71 91
91 114 299
91 124 251
92 98 229
96 89 44
98 113 41
99 34 246
101 124 36
103 28 132
104 34 209
104 19 134
107 44 256
108 55 253
108 49 165
112 5 45
115 130 10
115 108 232
117 127 70
117 8 21
118 19 127
118 131 223
119 110 220
120 9 292
121 143 216
121 57 49
121 104 180
122 70 8
122 46 133
122 49 219
122 19 16
123 25 263
123 23 83
125 44 19
126 80 4
127 136 78
128 35 279
130 44 71
131 98 193
133 102 140
134 18 205
135 99 139
136 148 153
137 94 216
137 79 278
138 21 291
140 73 39
142 27 96
143 2 18
143 76 144
144 99 211
146 61 34
-1
450
0 146 240
4 91 226
5 0 268
5 130 293
7 32 220
9 22 34
10 113 130
10 10 35
11 80 84
12 70 107
12 75 272
13 40 190
13 73 252
13 69 226
15 139 22
15 147 238
16 26 239
17 145 77
18 42 72
20 58 173
23 96 189
23 67 105
26 93 59
27 29 61
36 53 275
36 147 249
36 119 40
39 138 266
39 121 88
41 7 275
41 98 271
41 23 259
41 108 5
42 143 75
42 130 227
42 2 59
42 39 148
43 47 3
44 36 70
44 27 281
44 142 107
45 96 31
46 4 1
46 62 14
47 127 235
48 64 298
48 144 89
48 67 137
49 130 80
53 10 74
53 105 101
54 74 23
54 54 249
56 79 123
56 29 255
57 138 220
57 93 58
58 88 123
59 109 255
62 96 2
63 89 284
65 29 64
65 85 296
67 4 287
69 125 212
69 70 148
69 104 293
69 131 86
70 119 106
71 115 85
71 146 128
72 57 149
75 112 228
76 147 37
77 44 254
79 77 152
79 149 195
82 84 263
83 14 89
84 107 191
85 119 268
89 62 145
90 21 30
92 105 29
92 107 212
94 113 51
94 89 281
95 108 18
97 112 251
98 38 166
98 92 140
100 43 19
103 115 160
104 7 5
106 90 84
107 10 231
108 41 110
108 133 184
111 52 181
112 28 99
112 56 248
114 18 71
115 120 290
116 82 215
117 40 64
119 107 86
122 61 163
125 17 28
126 59 254
126 51 262
127 51 57
127 63 51
128 73 96
129 98 264
129 117 243
129 55 39
131 36 7
133 84 158
134 121 137
137 105 247
139 62 199
141 98 277
141 64 76
141 43 75
143 110 94
143 131 64
146 15 163
146 70 141
147 138 0
149 132 165
-1
450
1 145 247
1 110 150
1 97 193
2 72 104
4 124 37
4 79 181
4 142 145
4 75 231
5 123 186
6 82 111
8 42 25
8 84 176
9 124 256
10 148 144
12 19 64
12 71 53
13 67 215
15 21 34
15 62 145
16 124 3
16 77 263
16 6 16
17 27 109
17 114 208
18 141 237
19 105 53
23 85 156
23 58 248
23 23 269
25 84 13
29 51 88
30 114 48
31 122 202
32 1 163
33 36 248
34 148 68
36 33 164
38 127 31
39 15 227
40 45 215
40 64 99
41 79 241
42 52 53
42 77 185
42 92 94
43 73 225
46 146 267
51 127 157
60 7 71
60 81 41
64 60 260
66 27 142
68 113 190
68 99 140
68 45 27
69 67 95
71 61 222
71 117 69
74 145 192
75 14 200
75 103 176
75 133 29
76 60 274
79 7 266
81 34 175
81 4 156
85 115 224
87 94 78
88 116 99
89 130 247
90 140 246
95 145 8
96 124 278
98 33 187
99 2 38
100 145 259
100 82 3
101 125 278
104 131 216
104 67 252
104 122 5
104 59 160
105 30 205
106 136 66
108 1 229
109 123 272
109 51 199
110 23 97
110 60 147
111 59 34
112 76 133
113 47 263
114 79 251
114 77 220
119 58 135
119 14 75
121 141 42
121 113 19
121 103 134
121 4 37
122 3 62
122 148 249
123 125 36
123 1 270
124 143 197
125 72 160
125 134 24
125 101 186
126 1 266
127 135 262
127 48 202
127 110 219
128 35 259
131 88 77
132 126 97
132 96 2
132 129 232
132 72 146
133 58 109
134 109 21
136 120 110
139 52 273
140 99 61
142 56 205
142 80 212
143 15 109
143 137 16
143 103 147
143 148 58
146 145 233
-1
450
1 132 285
1 137 119
4 6 142
4 107 191
5 81 145
5 57 86
6 105 205
11 133 115
11 72 7
11 141 227
12 9 163
13 44 46
15 71 118
16 41 121
17 38 42
17 31 298
20 50 253
22 68 275
23 1 117
23 133 77
25 71 12
26 103 76
26 65 204
26 31 79
27 74 266
28 98 112
28 30 50
29 115 139
30 148 263
30 27 222
30 60 267
31 55 253
35 77 16
37 138 181
37 18 161
38 9 215
40 123 94
40 75 137
40 97 6
43 76 210
43 138 265
44 126 147
44 132 173
45 58 47
46 127 136
46 147 31
47 51 194
47 7 229
50 37 28
52 44 182
53 62 72
56 22 73
56 111 3
57 134 244
59 32 176
59 93 280
60 77 159
60 136 202
61 38 79
62 91 109
62 49 184
63 110 181
63 3 179
63 105 167
64 45 136
65 53 250
68 65 201
70 137 208
70 104 34
72 90 180
73 1 133
73 22 273
75 65 28
76 141 145
76 115 7
76 68 183
77 27 51
77 29 170
79 51 252
80 13 203
81 115 115
82 94 63
84 43 141
84 109 232
85 137 182
87 147 146
89 50 260
89 41 210
90 147 250
90 4 261
93 21 90
94 50 141
95 59 152
97 74 190
98 86 257
99 145 86
99 61 237
100 119 48
103 4 60
103 54 86
103 34 81
104 22 217
104 64 152
105 48 271
106 137 179
107 40 183
108 91 203
110 56 67
111 133 10
111 11 225
113 127 148
115 106 154
115 128 14
118 43 6
120 80 284
122 114 71
122 86 57
123 80 165
128 56 139
131 31 276
132 66 274
132 144 97
134 118 241
134 6 129
135 0 95
137 64 6
137 23 112
139 99 244
142 101 165
142 121 179
142 148 259
143 102 134
143 39 0
144 143 14
144 107 230
145 91 294
145 83 61
146 132 280
148 19 261
149 100 77
-1
450
0 61 152
0 136 204
1 41 292
2 36 198
4 74 18
6 27 132
6 39 201
8 140 51
11 45 284
12 124 283
16 56 158
18 81 226
20 120 289
20 19 26
21 144 202
22 108 262
25 15 205
25 143 189
28 133 120
28 125 51
29 2 137
29 85 162
30 104 159
32 114 140
33 11 199
33 149 104
34 14 55
35 133 54
35 15 39
37 69 143
37 116 224
38 78 116
40 80 29
40 145 273
44 22 222
45 92 114
47 51 24
50 149 121
52 110 168
53 16 123
54 56 183
54 44 51
54 63 87
55 141 112
57 34 74
57 60 197
58 28 180
60 20 111
60 39 278
60 8 96
61 14 191
61 26 103
62 50 261
62 45 132
63 125 210
63 26 186
65 76 105
65 79 103
66 35 178
66 50 238
66 99 137
67 71 33
67 127 185
68 106 12
69 103 90
71 57 106
71 73 283
73 140 291
74 111 18
74 94 241
75 6 98
75 143 155
75 94 263
75 74 210
76 120 195
77 22 246
78 94 94
79 123 119
80 24 38
82 115 72
83 116 117
84 57 259
86 21 258
86 106 10
86 128 40
86 135 141
86 118 254
90 136 204
92 130 4
92 134 7
93 126 166
93 77 146
93 146 65
94 129 24
95 107 182
95 110 205
96 71 168
96 77 182
96 116 108
97 56 172
97 16 273
98 126 273
99 131 207
100 120 56
100 52 77
102 146 50
102 62 250
104 136 241
106 15 109
106 128 84
108 86 299
109 57 147
110 132 93
110 134 53
111 29 3
113 31 181
113 146 72
115 35 31
115 112 261
117 119 151
119 107 250
121 28 91
123 138 121
124 33 95
126 96 30
127 129 154
130 106 269
135 58 177
136 1 158
137 3 134
137 83 256
138 130 35
139 106 173
140 67 172
143 49 185
147 74 93
147 27 6
147 6 274
149 3 189
149 66 23
-1
450
0 115 29
0 81 275
1 7 269
1 105 102
1 73 110
1 17 101
1 136 135
2 124 96
4 123 42
5 59 238
5 57 123
6 118 152
6 66 56
7 76 244
7 65 193
9 21 182
9 10 222
10 31 97
11 3 164
11 43 157
11 57 177
11 115 158
11 25 9
11 44 298
14 8 282
15 48 205
15 83 170
16 108 139
16 53 274
16 99 180
18 64 147
20 3 266
20 83 107
20 28 23
21 25 120
22 59 200
22 26 212
25 100 93
26 134 69
26 110 73
27 1 113
31 19 180
34 80 102
35 148 14
37 104 129
39 132 285
40 54 77
42 120 131
42 138 79
42 25 262
42 26 279
42 103 20
44 128 186
46 103 89
48 45 135
48 23 132
50 83 129
51 137 202
51 95 130
51 68 175
51 101 31
52 28 108
53 122 267
55 11 45
55 47 258
56 33 224
57 69 130
59 110 21
59 67 173
60 102 132
60 20 34
64 100 67
65 68 276
66 59 172
70 90 115
70 121 58
70 66 140
70 39 162
72 45 186
73 1 134
74 40 257
77 124 108
78 35 54
78 79 279
80 19 234
82 117 164
84 80 112
84 10 142
84 109 154
85 62 156
85 19 166
85 63 282
85 23 150
86 43 67
87 140 215
88 50 203
89 105 168
91 38 289
93 70 163
93 136 168
94 66 261
96 51 63
97 39 192
98 68 184
99 28 87
100 56 80
100 8 65
102 141 122
102 37 64
102 59 109
103 54 228
106 7 70
106 147 117
108 30 170
108 96 183
109 65 283
112 84 5
114 115 237
114 29 5
115 17 2
116 107 257
118 89 171
119 64 185
120 87 244
120 138 4
122 115 213
122 138 149
123 83 120
124 41 182
125 93 246
126 44 98
126 107 20
127 33 56
128 100 165
129 1 172
131 33 1
132 83 91
132 59 163
132 23 171
135 88 296
136 29 41
137 137 231
137 114 179
138 90 2
139 114 255
141 91 236
142 140 16
144 94 267
144 7 205
145 90 199
-1
450
0 33 190
2 88 100
2 79 219
2 71 294
3 148 170
4 74 124
4 46 211
5 27 83
5 2 258
6 93 227
7 69 251
8 86 14
9 25 83
9 89 15
9 145 266
10 118 229
12 38 104
12 49 260
15 0 85
16 18 229
17 128 187
18 13 18
20 3 9
20 83 9
20 20 156
22 130 253
22 82 61
23 57 18
25 106 182
28 140 37
28 0 155
29 103 157
29 106 109
30 40 57
31 16 153
32 9 101
34 6 250
35 100 237
35 120 274
37 99 149
38 5 155
38 27 53
40 21 202
41 145 219
41 48 171
43 78 163
45 149 263
45 89 137
46 56 40
46 92 213
47 32 151
47 58 135
50 47 5
51 99 65
51 144 30
52 88 196
52 84 205
53 57 269
58 20 265
61 76 268
61 31 82
62 113 96
62 96 194
66 38 153
66 18 19
68 91 105
71 12 186
72 38 44
73 134 159
74 119 151
75 36 203
75 47 42
75 67 23
75 121 88
75 130 20
75 64 294
77 56 284
78 75 256
78 25 267
80 130 56
80 62 222
82 90 132
83 112 198
84 42 85
84 59 203
85 24 268
85 146 77
87 95 235
87 60 245
88 44 280
88 74 128
88 134 59
88 142 228
89 79 230
90 9 164
90 56 32
90 131 194
90 100 282
90 103 183
93 43 183
97 44 164
99 100 154
100 124 174
102 81 27
103 82 104
105 93 26
107 64 211
108 118 180
109 57 103
113 107 150
114 26 231
114 146 151
115 102 11
115 67 150
116 86 137
116 62 198
116 112 158
116 82 285
118 115 212
119 125 58
120 118 176
120 58 119
121 20 82
122 54 258
122 143 125
123 79 236
123 57 200
124 104 124
124 71 182
127 46 182
128 38 161
128 66 93
130 119 75
131 61 162
131 101 266
132 92 28
132 3 284
133 124 252
134 94 273
136 131 15
136 121 94
136 20 9
138 105 155
139 69 88
144 19 200
145 122 121
145 19 203
147 38 31
147 13 274
148 74 140
-1
450
0 2 289
0 61 207
1 59 100
1 24 153
3 2 177
4 70 223
5 65 271
5 41 40
5 98 261
7 112 31
8 36 10
10 20 124
11 92 293
12 106 162
14 112 271
14 39 68
16 60 170
17 99 11
18 91 123
19 67 235
19 71 208
19 86 124
20 123 140
21 132 275
23 110 282
26 30 293
27 19 85
30 16 104
30 29 215
30 91 200
32 18 134
33 130 16
34 4 238
35 33 41
38 108 22
41 133 296
42 16 249
43 139 201
45 32 222
45 149 160
45 59 182
46 29 158
49 13 29
51 59 31
51 100 125
52 123 73
53 73 142
53 9 54
54 140 221
54 31 19
55 12 170
56 118 89
57 62 270
59 10 105
61 45 202
62 48 225
62 131 256
65 19 150
66 148 4
67 131 55
68 149 183
69 27 32
69 81 125
72 123 70
73 124 21
75 20 287
75 67 198
77 95 87
79 8 280
80 13 77
81 93 215
81 65 276
81 149 60
81 89 239
82 86 149
82 89 82
84 2 18
85 86 70
85 40 30
89 24 131
89 14 220
90 12 253
92 141 183
93 97 293
95 80 131
96 75 265
96 65 197
97 135 271
99 62 66
102 98 47
103 125 165
104 4 8
105 94 29
105 129 197
106 124 86
108 51 211
108 43 134
109 51 185
110 85 1
110 148 88
110 140 37
111 119 52
111 127 259
112 11 191
112 70 91
112 24 207
112 78 201
113 37 24
113 12 88
113 89 235
114 4 42
115 25 295
115 93 174
116 112 97
117 142 197
117 36 134
119 82 35
119 146 122
120 60 38
120 54 30
121 58 23
122 60 44
122 87 152
123 68 169
124 13 153
124 146 299
126 40 32
126 94 277
127 60 91
128 120 205
129 118 71
129 1 56
132 62 296
132 30 69
133 129 109
133 65 194
133 133 169
135 102 120
135 18 28
135 106 20
137 104 72
139 4 291
139 33 149
139 85 298
139 146 64
140 86 116
141 120 45
141 20 132
142 75 236
142 24 196
143 37 238
144 139 118
145 146 89
145 22 239
146 145 284
147 129 252
147 13 146
147 127 189
149 44 103
149 118 98
-1
450
0 125 116
2 92 298
4 115 96
4 146 147
4 56 256
8 104 5
8 20 126
10 83 57
10 49 110
10 11 118
10 74 76
13 85 165
14 118 232
15 98 77
15 63 195
18 111 165
19 61 287
22 113 72
22 115 261
23 37 88
23 17 260
24 50 49
25 15 180
26 67 33
29 22 165
29 68 199
31 62 139
32 86 177
33 92 282
33 121 68
34 78 161
35 83 168
35 113 77
36 112 284
36 38 190
37 39 52
38 43 26
39 66 278
40 76 121
41 86 234
41 132 220
42 134 39
42 94 122
44 14 85
45 19 107
45 91 8
46 17 208
47 92 48
48 55 88
49 149 147
51 11 25
52 62 252
53 26 109
54 93 271
54 101 220
54 85 14
54 95 139
57 97 267
57 76 293
57 28 190
59 116 118
59 53 30
59 148 5
60 32 32
61 149 27
63 77 42
68 80 107
68 45 281
69 71 165
70 20 75
70 54 171
70 57 161
71 77 167
71 103 113
72 85 107
73 35 284
74 62 219
74 39 202
75 64 10
75 83 241
76 89 234
79 15 219
82 11 91
83 54 163
84 108 17
85 1 105
86 95 263
86 127 78
87 13 148
87 58 215
88 126 21
90 128 274
90 112 262
90 26 219
91 128 293
92 12 247
92 72 14
93 120 199
93 110 25
94 36 17
94 89 118
94 93 241
95 48 237
96 109 18
98 91 85
99 5 167
100 149 58
100 121 128
101 32 241
101 35 64
102 7 113
104 71 16
104 118 33
104 16 254
106 118 219
106 95 100
107 49 155
108 33 26
108 40 62
108 25 176
109 64 223
110 101 198
110 130 228
112 43 33
113 105 42
117 56 286
118 55 157
118 128 116
119 59 95
119 115 206
120 93 100
121 122 181
123 16 145
123 66 6
125 3 31
128 50 204
129 36 139
130 86 62
132 91 132
135 4 183
136 75 286
136 46 250
136 65 183
137 50 232
138 52 252
138 49 191
140 74 140
140 32 206
141 65 15
142 7 7
142 99 188
143 17 38
143 17 127
144 138 151
144 53 135
145 44 40
146 27 193
148 133 92
149 115 267
149 134 42
-1
450
0 57 191
0 8 265
1 75 215
2 59 68
2 111 289
2 138 132
3 1 33
3 148 290
6 90 216
8 51 145
9 138 220
12 121 273
12 85 108
12 30 102
13 12 290
13 103 271
14 126 54
14 99 144
14 50 29
15 24 19
18 98 176
19 3 40
19 102 252
21 40 239
22 3 47
25 62 280
26 127 164
28 114 95
29 147 284
30 39 223
31 143 99
31 57 285
32 134 78
32 131 142
33 71 278
34 76 187
35 81 259
35 120 62
36 53 231
37 58 169
38 37 7
38 124 60
41 29 35
42 106 286
42 65 0
42 25 291
45 27 84
46 118 121
47 112 162
49 113 34
51 142 149
52 2 221
52 124 188
52 36 163
54 101 188
54 65 147
57 136 162
59 63 177
60 109 265
61 19 166
62 33 255
63 133 212
63 0 222
63 24 36
65 105 107
65 102 149
65 20 256
65 87 11
66 83 187
67 36 221
67 23 180
68 86 50
68 44 110
68 50 153
68 71 212
71 33 250
71 48 144
71 110 180
71 3 18
73 105 68
74 68 91
74 116 126
74 131 248
76 17 106
76 100 205
76 55 123
76 15 206
78 26 250
80 83 232
80 107 77
81 142 242
82 63 228
85 140 47
85 1 264
86 17 56
86 44 108
87 112 195
88 108 136
89 66 55
89 11 262
89 40 286
90 103 144
91 80 283
92 136 103
96 146 169
97 42 161
98 58 124
98 77 250
99 61 295
99 40 185
99 98 180
99 64 150
99 128 299
100 57 146
100 58 246
100 68 6
101 26 203
102 31 284
102 90 155
102 43 298
103 52 92
103 86 145
104 78 75
105 29 89
106 143 270
106 102 298
107 12 151
108 146 141
109 54 46
110 89 65
110 143 216
111 75 16
111 48 206
111 31 79
112 139 195
113 34 242
113 22 65
117 144 254
117 121 162
118 37 205
119 63 249
120 116 9
120 30 243
120 130 88
120 114 207
121 97 121
124 28 201
124 116 1
124 16 159
125 8 163
127 72 31
128 42 132
130 28 225
130 31 143
131 48 134
131 51 22
131 64 30
131 70 170
133 19 185
134 83 78
134 89 235
135 92 257
136 49 90
138 35 18
141 24 32
141 81 67
144 63 207
145 140 268
148 52 280
148 101 24
-1
450
0 32 164
2 81 265
2 148 76
2 26 103
4 65 227
5 122 157
6 92 238
8 42 74
9 78 113
9 24 286
12 129 277
13 43 258
13 131 202
13 107 170
15 65 250
15 42 2
16 60 265
17 100 238
17 56 202
17 17 128
18 130 274
18 86 31
20 140 123
20 49 236
20 67 157
21 0 83
23 114 60
24 93 95
24 50 136
26 69 116
27 12 272
29 63 180
30 15 108
30 5 290
31 123 295
34 19 212
35 87 73
35 120 131
36 25 119
36 65 281
36 102 221
38 81 145
38 138 148
39 134 205
39 88 235
40 125 228
40 6 215
41 17 95
43 115 80
44 115 80
45 84 153
45 15 236
46 62 94
47 87 207
48 81 133
49 126 170
50 87 218
50 4 290
50 7 41
51 69 181
51 30 219
54 110 97
54 123 255
55 63 190
55 146 184
57 21 55
60 79 26
61 4 122
62 50 48
62 23 286
63 145 101
64 86 109
65 113 292
65 87 269
68 0 1
70 69 179
72 94 83
72 84 143
73 123 40
73 84 227
74 108 231
77 68 272
79 74 135
79 116 126
80 58 203
80 120 283
81 63 79
82 115 92
82 137 249
82 93 147
83 46 51
83 121 234
83 18 283
84 41 159
84 46 239
84 85 147
86 137 273
88 21 109
89 72 291
89 0 80
90 42 253
90 33 284
91 82 284
92 112 109
93 34 243
94 92 266
95 83 189
97 66 7
98 70 203
100 75 144
101 35 173
103 31 60
104 48 172
104 83 60
104 133 238
106 138 113
106 50 262
106 122 244
107 14 44
107 74 85
107 38 273
109 134 86
110 43 103
111 57 227
111 54 234
112 9 216
115 66 24
115 87 38
115 43 298
118 148 271
119 30 238
120 73 88
121 14 134
122 83 245
122 57 295
123 7 296
123 21 172
123 0 288
124 131 274
124 57 64
124 34 289
125 2 291
126 139 78
126 25 14
127 83 253
128 100 91
129 52 34
132 132 81
132 21 176
132 77 29
135 72 275
137 122 27
137 111 197
137 68 107
139 58 112
140 47 44
141 79 134
141 106 277
141 26 153
142 28 189
142 141 40
143 149 24
144 108 284
144 116 77
145 127 91
147 30 121
147 149 224
148 53 119
148 121 86
149 25 3
-1
450
0 147 55
2 70 49
2 145 212
2 4 290
2 106 112
3 140 247
4 99 211
4 69 68
5 50 59
5 44 5
5 25 51
6 51 196
7 18 20
8 44 231
9 118 103
11 57 145
11 68 261
11 95 159
12 23 84
13 130 283
14 130 198
15 107 198
15 132 163
15 120 215
15 116 115
16 46 221
17 76 11
18 19 4
19 128 192
21 70 108
21 42 121
23 110 132
24 56 194
25 5 297
25 15 79
25 141 14
26 129 220
26 108 258
26 129 150
27 70 96
29 108 253
31 44 141
32 110 9
33 135 144
34 136 235
35 51 47
36 14 118
37 45 54
37 125 235
37 2 49
38 42 143
41 66 278
41 80 84
42 143 203
43 39 176
45 114 241
46 28 200
48 17 233
49 3 197
49 82 191
50 101 291
50 59 132
50 70 40
51 84 199
51 120 127
52 41 202
53 99 155
53 143 254
55 110 123
55 14 25
55 67 142
55 94 61
56 22 132
59 121 279
59 99 291
59 127 11
59 76 247
59 11 256
62 147 230
64 146 222
65 13 195
67 20 254
67 93 147
69 15 143
69 30 183
69 13 179
70 89 154
70 92 215
72 5 127
72 104 217
72 60 71
73 72 81
74 8 65
74 35 4
74 127 123
75 26 290
76 89 152
77 43 172
77 112 231
77 120 283
78 129 164
79 58 79
79 100 101
81 96 245
81 62 258
82 1 111
83 91 176
84 110 276
84 28 240
85 46 216
86 34 157
87 41 92
89 132 3
93 43 228
93 16 162
94 79 114
95 68 140
96 46 226
97 64 260
99 81 176
99 90 31
99 47 202
100 100 227
100 60 266
101 73 83
102 7 191
105 62 203
106 136 64
106 100 171
107 45 190
109 30 80
110 31 114
110 92 55
110 128 259
111 105 110
112 43 283
112 77 39
112 23 237
113 128 202
114 40 170
114 35 122
116 15 298
116 61 83
117 81 264
118 40 91
119 102 161
120 79 69
120 69 200
121 86 144
125 55 175
126 129 236
127 92 78
128 136 121
128 118 27
129 81 167
130 27 77
130 32 139
133 95 47
133 56 111
135 86 99
135 58 41
135 46 177
136 81 184
136 124 286
136 46 111
137 145 116
137 98 218
139 120 14
140 25 94
140 101 41
140 70 53
141 107 5
142 26 247
144 3 299
145 55 220
145 109 129
146 147 259
147 103 276
148 108 54
148 58 95
-1
450
1 20 53
1 97 68
3 69 105
4 91 221
4 146 173
5 93 182
5 17 146
5 136 47
8 66 183
8 12 180
9 115 118
9 27 100
9 4 118
11 146 123
11 76 57
11 16 97
13 135 246
14 72 57
14 26 54
14 88 292
16 101 197
16 123 291
17 44 88
18 53 281
18 70 117
20 30 81
20 130 49
23 129 107
24 125 246
24 13 291
25 130 31
26 21 223
28 37 9
28 39 251
30 24 59
30 77 42
30 18 240
32 103 235
32 120 289
32 148 233
33 113 127
33 90 233
34 72 89
34 123 130
36 13 58
36 112 223
37 149 88
37 9 288
38 143 92
43 47 233
44 29 1
44 111 91
45 8 104
46 50 259
51 108 200
51 93 67
51 74 225
52 18 286
53 71 126
53 60 147
55 29 146
55 52 260
55 53 123
55 7 187
56 51 66
57 9 283
57 77 235
57 13 58
58 38 252
58 43 148
59 46 53
59 101 57
61 54 262
62 89 45
63 34 91
65 40 96
66 11 299
70 143 208
71 79 59
73 98 192
73 86 272
74 41 70
74 17 134
74 30 189
75 8 207
75 123 158
76 94 218
76 136 119
77 55 126
77 20 295
79 50 203
80 71 51
81 46 291
82 28 45
83 85 97
84 71 15
87 119 5
87 144 12
87 118 284
90 16 222
90 119 232
90 100 298
90 28 238
93 138 177
93 88 12
95 68 61
95 100 61
96 64 71
96 71 188
96 47 51
97 59 144
97 114 173
97 42 264
98 107 148
99 6 77
100 52 157
102 23 153
102 124 291
104 85 107
104 55 9
105 120 29
105 10 180
105 110 101
105 127 49
107 145 289
108 81 21
108 14 78
108 23 24
109 15 19
109 59 189
110 117 154
111 112 207
111 102 169
112 47 260
114 103 220
116 68 186
116 78 221
116 118 219
116 44 207
117 66 255
117 23 25
118 19 252
118 121 281
118 11 20
119 71 6
121 37 287
122 104 72
123 142 205
123 12 141
124 64 211
125 56 105
125 7 144
126 19 258
127 111 150
130 69 185
131 54 2
131 10 13
132 13 95
133 44 294
133 5 153
134 115 153
135 68 118
135 129 287
138 47 180
138 92 203
139 56 224
140 104 60
140 98 232
140 61 58
141 100 137
141 10 153
142 43 70
142 117 151
143 41 112
145 89 40
146 84 51
146 121 149
147 83 252
148 140 101
148 73 179
-1
450
0 32 249
0 51 31
1 27 9
1 143 77
2 77 13
2 124 34
2 52 241
3 111 202
3 0 202
5 0 212
5 24 292
6 135 144
6 65 203
6 64 53
7 44 111
12 13 209
12 36 50
13 81 135
13 120 93
15 138 263
16 32 278
18 114 62
18 73 288
18 93 117
20 132 166
20 90 145
21 32 209
21 67 65
22 51 221
23 23 74
24 112 298
25 73 0
25 77 99
25 76 195
25 72 228
26 138 201
27 135 14
28 72 197
28 144 283
29 142 202
30 0 124
33 134 152
33 17 64
34 76 57
35 56 33
35 126 238
36 34 296
37 76 168
38 97 111
40 65 48
42 48 168
42 125 275
43 15 294
45 63 1
46 1 223
46 13 3
47 46 194
47 87 225
47 132 22
50 50 205
52 51 196
53 97 182
54 40 212
55 11 44
55 111 84
55 23 197
56 116 208
56 143 77
57 143 90
57 129 123
60 7 143
61 59 278
62 70 297
62 36 119
63 105 279
64 109 58
65 21 96
65 94 9
66 113 240
66 70 38
66 75 213
66 6 288
68 37 238
69 16 168
69 130 247
70 49 256
71 124 81
73 36 93
74 106 121
75 69 232
77 24 108
77 31 50
80 125 159
80 146 131
80 137 29
81 70 42
81 108 233
83 54 222
83 51 185
83 16 218
84 4 96
84 1 196
85 147 45
85 75 205
85 29 58
86 58 280
87 86 175
87 122 252
90 74 149
91 33 227
93 3 183
93 141 204
93 2 283
94 73 68
94 65 298
95 68 274
95 104 207
96 142 198
97 42 190
98 78 118
98 54 108
99 90 196
99 93 130
99 6 60
100 4 180
100 111 54
101 110 116
102 149 166
104 20 28
105 105 232
105 111 192
105 59 296
106 34 21
106 68 102
106 55 80
107 56 153
107 108 146
107 102 229
107 111 98
108 78 230
108 110 16
110 42 119
110 40 24
110 122 268
110 92 140
111 23 250
112 68 147
112 10 249
114 123 19
116 134 134
118 144 111
119 74 244
120 43 150
120 77 271
123 34 188
123 100 148
124 127 218
124 52 295
124 20 120
125 68 55
125 57 217
126 94 7
127 112 55
128 94 117
128 126 86
128 12 267
129 90 210
132 129 48
133 0 218
134 147 257
134 114 95
137 43 143
137 32 111
137 29 257
138 7 186
138 53 151
139 149 45
140 145 47
141 90 194
142 16 21
142 114 206
143 128 146
143 60 98
144 75 51
144 104 187
146 6 208
147 5 258
148 13 257
148 11 74
149 86 155
-1
450
1 73 38
1 32 6
1 121 295
3 53 100
3 58 154
6 131 110
6 80 162
6 115 81
7 109 86
7 123 192
8 120 294
9 142 18
11 30 154
11 27 264
12 46 66
12 23 30
13 6 266
13 129 126
13 82 173
13 77 92
13 15 175
14 106 287
14 23 27
15 29 125
17 38 18
17 144 208
17 129 168
17 3 114
18 27 184
18 98 156
19 141 14
20 139 199
20 12 269
20 47 7
21 125 57
22 69 37
22 11 206
24 117 266
24 112 207
24 77 129
26 70 118
26 52 184
28 123 151
29 94 61
30 38 85
30 39 273
31 41 243
32 127 190
32 99 9
32 71 95
33 148 266
33 116 260
33 79 144
33 112 8
35 31 111
35 107 133
35 21 254
37 19 169
38 143 198
40 36 7
40 21 193
41 42 132
42 32 238
42 122 149
45 129 224
45 56 244
46 113 30
47 21 224
47 114 245
52 54 77
53 15 66
53 135 93
53 14 132
54 145 243
54 69 288
56 146 71
57 4 124
57 146 19
59 70 239
60 28 196
60 121 95
62 88 207
62 89 102
63 9 173
63 80 155
64 65 230
65 130 268
65 17 82
68 125 10
70 114 20
71 76 38
71 103 93
72 92 166
74 15 164
75 17 133
75 4 84
80 124 238
80 141 114
81 4 0
82 134 156
83 80 264
84 93 43
85 93 14
85 109 105
86 21 105
89 4 176
89 101 241
89 41 136
90 99 255
93 77 131
94 26 134
95 94 138
96 72 225
97 15 195
98 146 212
98 22 141
99 6 250
100 145 281
100 10 230
100 85 245
100 111 107
100 117 167
101 35 263
101 57 203
102 108 231
103 96 86
103 78 63
104 49 168
104 149 229
105 5 287
105 41 132
105 2 150
106 58 122
106 105 67
106 113 65
108 15 178
108 83 293
108 108 119
110 21 94
111 140 67
113 129 200
113 114 264
114 61 151
115 78 155
115 10 53
115 123 175
117 77 33
117 54 96
117 36 200
118 32 104
118 0 94
118 43 4
119 114 165
119 72 14
122 47 278
122 54 255
123 84 78
124 94 216
127 75 63
128 10 152
128 57 94
129 141 83
129 22 229
133 138 198
135 102 12
136 63 82
137 41 292
137 117 192
137 68 234
138 114 149
139 73 285
140 148 299
140 99 104
140 71 149
140 25 206
140 11 175
142 41 141
144 14 152
144 145 65
144 59 296
145 42 77
145 23 152
145 67 1
145 104 93
146 19 207
146 112 58
148 22 233
148 137 26
149 71 17
149 78 88
-1
-2
