390
-1
390
-1
390
7 13 73
16 27 141
32 21 77
36 109 1
48 3 229
63 56 76
68 73 74
71 12 207
109 49 8
125 47 230
-1
390
12 51 212
16 69 57
33 36 230
56 77 204
63 89 295
68 71 123
79 6 241
83 80 57
98 100 212
126 22 132
-1
390
0 122 264
13 129 290
19 33 10
37 123 211
51 106 299
54 4 104
84 52 180
87 33 127
89 115 254
89 109 247
89 88 177
99 57 267
100 80 53
107 70 109
111 6 217
111 106 268
113 2 147
115 116 32
120 56 200
129 41 46
-1
390
3 120 246
11 108 139
13 82 123
18 25 35
26 64 58
37 65 108
46 16 169
46 19 265
66 84 29
77 129 270
83 19 85
92 121 97
93 104 253
105 13 184
105 83 197
113 32 98
118 112 281
123 52 76
127 18 225
128 117 248
-1
390
1 66 296
5 86 68
9 40 4
12 86 136
18 36 162
41 106 87
46 69 223
52 78 168
58 68 197
63 125 277
67 37 294
68 34 38
69 18 100
70 125 244
70 13 169
72 12 275
72 112 217
73 61 192
89 98 48
92 40 108
93 52 269
95 124 102
102 36 199
103 3 199
108 118 30
108 69 220
117 39 136
117 114 224
123 60 99
126 99 41
-1
390
1 16 68
2 94 291
2 58 239
16 60 298
20 107 239
26 12 163
29 94 57
32 125 114
38 10 21
38 28 237
52 11 3
58 56 116
68 47 59
68 21 123
70 11 218
71 64 126
75 68 219
79 39 99
80 5 113
89 56 220
106 68 24
109 59 279
109 21 135
111 50 91
111 69 192
112 73 86
114 83 88
119 65 113
121 112 75
122 74 118
-1
390
5 54 218
10 78 237
15 66 38
19 15 88
24 13 116
27 36 149
28 26 213
30 46 249
31 83 37
32 11 113
32 32 69
34 77 82
35 90 182
39 4 90
46 49 221
47 86 146
48 51 284
54 6 200
57 121 184
63 3 276
64 117 273
66 99 190
68 105 71
69 12 50
73 47 253
89 77 247
92 50 20
95 126 282
100 24 81
102 93 28
103 64 246
104 76 124
105 14 166
110 100 96
113 62 120
113 44 209
114 76 181
120 43 44
122 57 27
126 120 152
-1
390
1 80 78
6 64 197
6 71 229
7 49 2
8 75 196
14 78 148
15 20 116
19 59 135
21 0 292
23 113 66
30 104 146
30 59 54
32 4 221
32 86 271
34 102 39
35 41 14
36 108 193
37 80 101
38 129 200
60 126 159
62 17 93
66 54 154
73 20 283
73 20 93
76 53 138
79 100 167
89 114 3
89 77 62
89 21 190
100 69 129
106 61 14
106 119 95
110 103 88
116 63 227
116 31 13
116 93 31
119 39 28
119 9 73
124 96 85
128 77 169
-1
390
3 108 92
5 11 115
6 103 283
7 29 24
9 115 118
10 59 165
22 6 292
22 78 195
23 129 233
24 43 251
25 4 95
31 58 78
39 61 267
40 49 52
42 98 108
45 115 71
48 16 298
49 20 62
52 114 17
57 93 20
57 122 70
58 39 25
59 116 18
60 108 146
60 33 168
61 67 26
62 73 232
62 4 116
63 124 188
68 22 181
73 51 235
79 116 24
79 51 49
82 127 24
83 10 44
84 67 295
90 90 10
92 28 168
92 33 6
93 89 227
96 69 222
99 62 152
101 116 95
105 108 107
109 113 6
110 73 173
114 65 150
118 35 204
123 108 78
128 2 210
-1
390
1 116 98
6 71 11
8 103 59
14 110 182
17 9 70
17 80 172
18 97 264
19 30 132
27 53 62
27 55 185
30 18 176
31 23 223
34 99 244
38 111 80
38 7 196
40 53 224
42 47 187
43 104 186
43 34 61
47 42 274
56 77 125
58 129 15
66 112 101
67 23 100
68 13 5
70 2 158
70 24 230
72 21 119
79 83 241
83 77 175
83 89 192
84 63 213
89 17 144
96 47 19
98 68 187
98 8 65
100 115 34
100 99 217
101 93 67
102 40 5
111 121 292
114 103 281
116 109 263
118 36 242
118 109 165
120 62 58
123 116 118
124 57 4
125 65 141
129 39 144
-1
390
0 88 51
7 87 46
11 92 229
11 123 79
13 19 215
14 12 260
20 107 173
21 13 296
21 38 241
31 52 40
33 102 147
34 17 54
34 127 25
36 116 95
36 122 22
38 111 242
38 116 98
39 64 80
39 38 61
40 1 215
40 127 41
41 43 104
45 3 20
53 38 269
54 8 234
54 60 150
56 30 124
59 106 142
60 62 128
61 102 238
65 1 236
65 112 279
65 112 290
67 99 130
67 62 230
74 16 117
76 73 108
78 29 235
80 57 84
86 3 264
87 68 165
93 60 142
94 79 1
95 61 204
95 30 76
96 30 226
97 94 185
98 18 266
104 53 101
105 42 205
106 129 177
107 35 176
109 95 39
112 83 1
112 8 54
114 91 39
114 35 103
121 56 190
126 23 263
128 105 280
-1
390
3 3 260
9 33 279
10 50 77
16 107 229
18 45 281
20 85 21
26 128 162
27 81 169
29 65 187
30 51 273
32 66 213
32 17 199
32 117 9
38 21 293
39 81 276
41 48 6
43 13 296
53 52 72
53 38 88
54 75 246
56 60 55
57 87 242
61 12 161
65 34 194
65 0 183
66 79 287
66 22 5
68 53 107
68 43 68
68 44 109
70 31 235
72 12 85
78 27 177
79 116 43
80 74 264
82 26 252
86 97 150
87 0 129
87 61 289
89 38 53
90 96 87
90 96 161
91 116 230
91 1 52
93 105 42
95 55 15
96 82 159
96 103 213
97 85 251
97 104 7
107 58 177
108 129 186
112 104 234
113 19 209
114 107 5
114 110 169
115 85 123
119 37 110
120 35 0
121 70 255
-1
390
4 71 99
4 57 280
8 40 56
10 105 27
11 86 9
12 119 103
13 34 200
19 110 156
21 57 279
22 16 71
24 49 107
24 39 239
27 126 135
29 13 128
30 13 23
31 49 230
36 58 258
38 7 100
38 87 8
39 34 58
39 67 290
40 9 182
41 111 37
45 69 159
45 25 216
47 65 66
53 76 172
56 7 254
61 106 103
69 125 12
70 73 57
70 26 65
71 81 15
73 103 152
75 63 53
76 70 222
79 104 108
82 10 75
86 114 120
88 80 88
90 128 268
90 14 105
90 105 135
93 123 222
94 6 11
97 7 285
98 67 171
99 42 282
99 16 1
103 96 22
103 59 10
104 43 143
106 31 254
106 103 224
108 86 111
111 93 117
111 33 80
112 92 39
113 48 20
115 97 125
120 40 89
120 86 19
121 51 196
123 120 193
123 70 100
123 64 211
126 28 48
126 99 72
127 64 145
129 50 251
-1
390
0 66 167
1 126 192
1 66 19
2 26 227
2 81 99
4 64 184
8 2 22
8 74 183
9 69 283
11 102 217
12 83 213
13 61 222
14 122 91
16 119 261
17 84 258
18 25 9
18 90 179
18 45 37
19 34 218
19 68 126
21 127 85
22 30 260
24 124 10
25 90 176
25 52 87
25 8 6
26 67 92
28 73 68
31 51 119
33 78 22
34 19 110
35 2 81
39 76 158
48 91 140
49 19 176
50 24 132
60 51 297
60 103 297
65 0 71
72 77 263
76 49 292
79 61 35
84 52 78
85 117 150
86 103 74
86 32 19
87 29 212
88 41 194
89 42 288
93 67 269
94 62 105
96 6 11
98 86 279
100 111 265
101 5 18
103 90 173
106 105 163
108 58 163
113 93 277
114 119 79
118 102 224
119 66 151
120 0 281
120 0 227
121 56 201
124 27 28
126 77 143
126 105 147
127 32 219
129 96 183
-1
390
6 54 254
6 50 95
6 5 165
7 53 97
8 5 263
8 117 83
11 33 21
12 129 172
12 37 238
13 93 69
15 17 275
16 27 124
17 61 298
23 40 257
23 77 39
25 120 154
29 8 58
30 78 250
30 101 287
32 6 55
36 51 296
37 7 71
38 16 98
44 99 271
45 55 234
46 67 104
47 74 163
48 101 257
49 54 158
52 36 188
53 34 263
54 11 151
55 124 145
55 79 75
57 18 32
57 29 153
58 45 96
59 33 281
62 98 48
64 17 108
65 38 60
65 13 126
67 126 297
68 89 207
72 29 272
73 18 47
74 89 143
75 86 97
78 51 281
79 79 180
83 96 69
85 124 55
87 16 93
89 32 159
93 77 46
96 54 259
102 3 275
103 105 114
104 10 191
105 14 190
106 81 58
106 119 168
106 83 117
106 92 288
108 111 204
110 8 275
112 57 252
114 84 13
115 123 227
116 44 144
117 23 274
117 56 292
119 4 217
120 86 257
120 97 297
120 125 162
122 107 163
128 107 45
128 33 140
129 37 216
-1
390
0 105 259
0 34 28
1 0 100
2 8 287
4 29 181
4 65 215
8 26 230
8 124 35
9 113 41
13 101 144
14 94 137
15 128 41
16 86 228
19 22 158
22 104 266
22 89 152
24 112 248
26 102 33
27 122 249
31 57 106
35 68 189
36 15 35
37 83 139
39 17 96
39 61 191
41 47 105
42 123 96
43 111 280
43 109 282
44 58 50
46 87 291
49 84 42
50 35 97
51 115 222
52 66 273
56 120 118
58 66 274
63 51 95
64 115 215
65 93 287
69 24 69
69 112 248
70 61 45
73 49 241
74 5 98
75 36 75
79 62 299
82 17 246
86 47 210
86 17 181
87 49 290
88 105 278
88 68 129
89 18 190
89 60 231
90 35 104
91 23 177
91 63 188
91 117 29
91 8 267
92 10 2
93 59 275
94 22 215
103 0 243
103 65 291
105 6 133
109 67 92
110 128 136
110 80 65
112 25 41
113 2 125
114 11 156
114 68 223
115 24 223
117 66 2
118 125 11
119 129 99
121 54 124
126 69 238
127 112 197
-1
390
1 28 199
6 122 251
6 128 182
9 85 0
11 7 117
15 24 127
17 31 122
18 73 47
19 85 74
19 10 182
20 103 98
20 37 277
20 73 109
20 18 289
23 89 144
23 35 252
23 41 56
23 7 3
24 113 261
29 103 251
30 3 141
33 62 168
34 33 243
36 31 65
40 29 34
40 89 176
41 107 101
42 78 274
43 15 289
43 119 130
44 9 167
44 47 213
44 12 258
45 30 148
47 57 173
47 107 200
49 75 181
49 54 181
50 37 58
50 51 211
54 41 4
56 32 263
59 98 225
60 85 148
61 8 9
61 51 127
65 6 128
69 117 53
70 30 149
71 107 267
78 108 73
79 13 173
79 75 296
79 31 274
81 15 70
83 35 90
86 88 147
91 104 265
91 67 89
91 56 226
92 79 40
95 50 231
95 117 299
96 75 151
97 72 131
97 72 76
97 38 75
97 94 186
97 9 138
97 42 45
100 59 251
100 58 185
100 79 74
102 22 29
105 32 136
108 14 147
109 9 160
112 8 48
115 121 295
116 45 241
116 63 250
117 20 265
118 85 144
118 121 263
120 103 2
121 126 176
121 39 245
122 21 200
124 116 196
128 0 277
-1
390
0 75 50
0 58 299
1 23 252
3 0 58
5 82 211
6 120 286
6 52 57
8 56 90
9 60 94
11 12 64
12 62 279
15 109 26
16 43 31
18 17 171
20 6 265
20 121 153
21 36 273
23 7 64
24 107 243
24 73 227
27 18 158
29 44 177
30 73 170
40 50 31
41 27 172
41 119 1
42 120 214
43 32 267
43 14 56
45 90 213
45 85 60
45 35 208
47 99 135
47 54 158
51 53 237
51 121 244
53 11 227
53 1 30
53 68 263
56 24 68
56 40 7
58 72 187
58 129 43
58 54 19
60 88 297
61 96 254
62 57 61
63 30 258
63 2 137
67 63 180
69 20 167
70 123 72
70 125 116
71 103 294
72 87 101
73 26 26
74 17 154
74 99 216
79 11 129
80 73 105
81 79 16
81 17 31
83 127 282
83 118 92
84 24 239
85 123 248
87 129 254
89 89 183
89 38 133
93 24 159
94 39 10
94 40 281
96 15 244
103 90 261
104 41 229
105 110 170
108 21 169
109 1 232
109 18 154
114 49 290
116 70 42
116 6 206
116 38 43
119 5 198
120 80 72
122 96 79
124 55 71
125 101 191
125 84 277
129 39 134
-1
390
2 64 75
3 38 258
6 23 222
9 36 79
10 88 6
10 89 135
11 89 144
13 0 146
16 60 147
16 6 188
16 50 281
19 84 264
19 71 107
24 74 249
25 11 53
27 6 200
28 46 13
28 98 213
29 101 155
30 0 166
31 23 132
37 27 222
37 31 141
39 59 125
40 98 232
41 104 240
42 63 14
42 37 16
43 66 260
43 80 224
43 100 68
45 116 69
47 12 100
47 82 209
49 54 94
50 48 291
54 10 128
54 13 135
54 2 250
54 54 211
54 55 243
58 55 28
58 63 265
61 2 209
62 36 28
64 37 101
66 22 243
67 109 164
68 106 233
69 39 57
71 2 110
72 29 180
73 16 139
73 129 175
75 110 190
77 79 33
77 91 146
78 129 199
79 37 28
79 125 44
79 127 185
80 6 140
81 83 274
83 3 235
83 99 167
85 1 28
85 36 87
85 128 133
86 116 21
87 30 61
87 72 80
90 28 79
90 8 64
90 106 258
94 92 244
94 3 64
97 12 156
99 31 127
100 3 181
101 79 25
104 34 147
104 1 134
107 6 165
107 0 128
107 110 221
108 11 80
109 78 144
113 54 65
113 123 263
114 109 289
115 112 5
117 120 295
117 16 98
119 89 192
119 22 188
119 79 139
123 26 293
124 76 111
125 127 129
127 79 90
-1
390
0 89 190
2 3 134
3 1 97
3 116 28
6 67 208
7 42 204
9 46 57
10 114 203
12 3 250
14 97 109
14 70 99
14 113 136
15 98 29
16 56 147
16 60 172
18 26 19
18 99 43
19 96 40
19 118 140
21 108 274
21 102 72
22 38 94
22 87 171
24 17 172
26 81 117
28 99 21
29 123 146
29 57 114
31 97 64
32 33 221
34 17 91
36 65 142
37 45 73
37 120 7
38 14 58
38 68 5
39 0 257
40 72 123
41 92 284
41 108 195
42 1 120
43 7 87
44 29 59
44 36 114
46 17 257
49 25 71
52 28 103
52 111 22
52 62 193
52 84 116
54 39 26
55 124 125
55 93 37
57 26 107
58 11 4
58 17 241
59 4 97
60 107 199
66 46 180
68 126 57
72 32 251
77 80 191
83 85 225
84 9 86
86 119 83
86 76 13
87 16 105
87 108 174
91 73 252
91 119 44
92 102 86
94 119 95
94 92 98
95 13 91
96 113 76
97 121 76
101 5 92
102 44 253
103 110 57
103 91 127
103 13 260
104 107 172
105 81 290
106 6 222
110 18 263
111 80 115
111 70 7
114 32 206
115 35 98
116 127 125
116 110 89
117 20 181
118 2 70
119 54 133
121 110 51
124 7 130
127 128 87
128 28 4
128 39 17
129 64 204
-1
390
0 10 56
1 32 263
3 15 197
3 47 46
8 77 96
8 74 80
10 1 184
12 106 4
12 71 278
14 110 179
15 87 44
15 106 284
16 128 281
20 73 45
20 9 150
23 113 64
26 73 133
29 104 80
31 37 26
32 3 87
35 8 227
36 103 225
38 88 200
39 50 265
40 69 30
42 4 262
42 69 277
43 95 90
43 80 255
45 6 161
45 72 293
45 82 98
47 50 210
48 16 51
49 13 190
49 111 226
50 105 176
51 93 137
52 41 159
54 10 155
54 99 236
54 123 285
57 39 46
59 122 25
61 84 33
63 4 83
63 67 62
63 91 101
64 25 203
64 102 48
64 80 292
64 73 92
64 49 218
64 84 186
65 11 31
65 39 133
67 36 193
70 78 281
71 39 11
72 100 40
73 10 297
74 98 290
74 101 273
75 118 43
76 0 148
77 37 258
78 9 132
80 102 67
80 74 139
81 9 19
81 119 270
82 32 88
82 44 247
83 10 281
83 97 115
84 74 100
88 103 41
88 114 176
91 58 126
91 68 27
92 2 273
92 10 111
93 58 65
102 59 162
106 36 133
107 44 180
107 45 55
108 67 293
109 71 235
109 77 184
109 23 284
109 120 118
110 129 211
110 115 71
110 75 298
110 65 156
111 68 30
112 23 122
113 42 253
115 125 21
116 47 118
117 75 127
123 61 68
123 116 24
124 86 16
125 27 44
125 10 191
125 51 262
126 33 44
126 121 35
-1
390
0 20 0
0 80 249
1 115 177
2 118 145
3 95 65
3 64 152
3 124 280
7 8 27
9 29 262
11 66 103
11 43 63
13 106 187
14 51 187
15 107 56
16 5 179
17 62 238
17 75 238
17 70 95
19 69 44
21 106 169
21 122 231
22 5 58
22 117 141
23 127 92
23 31 253
23 99 6
24 19 40
25 50 118
25 84 51
27 12 215
27 41 184
28 79 185
28 48 107
29 76 210
29 6 196
30 24 18
35 115 108
35 83 29
37 12 31
38 59 118
39 13 134
39 55 219
41 32 216
46 76 160
46 50 29
46 37 158
48 72 73
50 62 245
52 101 190
53 107 187
53 98 13
54 120 242
54 57 280
56 6 277
56 109 8
56 108 174
57 8 70
58 94 274
58 31 83
63 109 1
64 30 31
64 15 181
66 50 220
67 40 127
69 89 155
70 76 127
72 94 165
72 81 43
73 42 12
73 103 122
76 125 228
78 61 134
83 11 214
83 34 169
86 33 280
87 92 33
89 23 58
91 125 210
92 103 210
93 22 6
94 92 23
94 81 205
96 34 105
97 20 99
99 103 65
100 80 265
103 99 208
103 62 115
104 66 110
106 76 206
109 100 297
110 28 199
111 123 132
111 23 122
114 31 13
115 112 169
117 40 141
117 59 277
118 102 202
118 59 226
118 106 102
120 79 154
120 121 170
122 45 157
122 58 57
123 76 218
126 32 121
127 31 154
128 34 26
128 64 198
-1
390
0 5 136
0 121 74
0 35 167
1 18 105
4 45 74
4 103 254
5 108 57
5 42 88
6 114 94
7 50 141
8 9 15
10 0 151
10 63 282
10 58 209
11 111 184
11 45 86
11 23 261
13 100 123
14 128 198
14 89 25
15 123 291
16 94 22
17 17 48
17 14 90
18 21 181
21 118 174
22 68 292
22 49 218
23 31 158
24 23 61
26 18 133
31 105 126
31 124 239
31 86 207
34 24 1
40 121 178
42 75 214
42 117 262
43 71 205
44 46 234
45 107 49
46 116 35
47 79 276
47 93 89
49 34 230
49 62 189
51 63 145
51 46 93
52 63 178
54 63 146
54 110 201
54 123 206
55 35 95
55 15 122
55 127 130
58 27 206
60 2 110
62 70 169
63 102 135
64 37 298
65 103 264
66 96 164
67 108 107
69 79 288
70 63 226
70 57 177
72 95 237
73 101 276
77 29 252
78 58 173
78 15 114
79 7 67
79 102 133
80 92 128
80 126 152
83 60 89
84 41 128
88 26 230
91 115 216
92 60 40
92 30 108
92 23 40
92 30 9
94 28 111
96 44 17
96 74 53
96 117 245
97 32 186
98 97 92
99 9 141
99 3 118
99 67 41
100 64 119
102 112 137
106 118 92
107 40 278
107 39 99
108 29 54
108 101 75
108 46 176
112 129 67
114 129 195
114 32 97
115 116 15
115 103 155
116 113 146
116 102 287
118 30 71
120 36 272
122 104 209
122 72 140
123 40 231
123 107 142
123 87 263
123 64 52
124 82 123
124 44 131
127 31 269
127 109 105
129 62 166
-1
390
0 121 183
1 6 269
1 92 263
2 67 287
3 108 22
3 32 32
4 57 241
4 25 224
4 94 116
5 88 62
7 104 90
9 87 255
9 25 142
10 95 274
10 119 69
12 19 259
14 72 229
15 1 42
15 91 279
16 47 288
17 123 27
17 103 119
21 37 167
24 43 138
25 104 54
29 7 292
29 37 241
29 14 181
29 112 27
30 82 53
33 126 250
34 90 218
34 92 97
36 16 298
37 65 264
38 75 137
40 55 103
43 75 286
43 27 278
45 105 114
46 1 40
47 94 185
47 107 295
47 4 211
48 87 263
48 23 149
49 119 217
49 59 84
51 22 105
51 21 294
52 54 28
52 86 45
52 65 135
54 61 180
54 24 105
56 1 46
57 106 11
58 56 123
58 21 266
60 33 167
61 87 8
62 9 280
63 71 242
67 54 251
68 70 296
71 93 75
71 66 138
72 94 278
74 35 164
76 71 93
76 19 126
79 27 257
80 120 112
80 22 236
80 105 22
80 1 188
81 19 178
85 104 198
85 52 114
86 71 18
86 59 240
86 120 155
87 123 211
89 51 276
89 24 16
89 83 42
90 28 191
92 96 242
93 94 21
97 64 152
99 100 223
100 113 168
103 98 255
104 57 12
104 124 181
105 103 270
106 60 218
106 98 63
107 37 16
107 32 244
108 118 238
108 25 230
110 49 272
116 119 158
117 109 15
119 2 174
120 77 85
120 3 146
121 57 35
121 28 197
122 118 33
122 4 221
123 122 278
123 26 73
124 80 187
124 56 184
125 95 131
126 122 33
127 22 5
128 121 135
-1
390
1 94 253
4 55 132
4 98 221
8 99 41
9 105 117
11 61 240
12 87 175
14 121 277
14 32 246
15 114 164
15 91 17
16 62 299
16 59 196
16 24 33
17 65 216
18 45 129
19 92 54
21 36 155
24 96 59
24 85 17
26 47 243
27 74 59
30 64 100
30 75 28
31 24 135
31 54 38
32 47 183
33 33 175
33 26 186
35 20 90
37 81 250
38 60 177
42 107 155
44 28 8
45 51 180
48 128 188
48 79 64
49 17 254
49 68 48
49 46 225
50 46 105
51 63 6
51 2 142
53 115 40
53 125 195
55 10 255
56 103 54
56 129 141
56 93 142
57 55 143
58 88 59
58 74 17
58 21 268
58 27 119
59 120 191
59 101 28
59 41 221
62 51 114
63 27 209
63 53 176
65 126 80
66 117 15
67 75 117
69 27 127
73 26 287
73 43 15
76 54 227
77 111 188
79 105 195
79 121 92
79 117 241
80 77 263
80 31 299
81 109 295
81 48 203
82 59 273
84 84 291
84 97 152
84 15 88
86 38 29
87 81 103
87 52 144
89 121 244
90 118 209
90 83 149
90 113 229
90 90 220
92 40 273
94 104 81
94 28 299
94 112 166
95 27 149
95 116 13
96 56 175
96 98 159
97 77 119
97 36 9
97 96 96
98 7 295
98 18 103
100 46 283
101 127 79
102 129 7
103 0 149
103 51 191
104 81 129
105 91 140
107 125 174
110 4 204
110 78 90
111 103 83
111 104 7
111 64 239
115 46 245
116 117 189
116 3 177
117 17 212
117 11 285
118 94 59
118 86 53
119 59 240
119 65 274
123 51 131
124 120 164
124 123 81
126 29 163
127 114 243
127 96 283
128 62 54
128 93 231
-1
390
0 96 139
2 114 209
7 30 279
7 53 227
9 103 11
9 111 256
10 9 189
11 118 264
11 126 178
13 9 177
16 105 124
17 34 223
18 88 59
19 96 134
19 1 181
19 79 92
21 81 18
21 27 36
21 64 159
22 114 195
24 15 93
25 18 57
28 80 213
28 37 171
28 45 29
29 23 86
33 48 169
34 109 157
35 7 33
35 64 36
36 50 9
39 125 213
40 120 277
40 91 81
41 105 137
41 113 105
41 73 77
42 56 12
42 118 27
44 118 141
45 11 232
47 80 242
49 83 181
50 19 28
50 111 4
52 122 56
53 38 53
55 112 33
56 38 61
56 114 270
59 50 45
59 68 70
59 26 165
60 69 86
61 62 166
62 6 291
63 38 144
63 122 58
64 10 20
66 58 25
67 17 15
68 1 89
71 100 283
71 27 292
75 94 164
75 92 203
76 76 77
76 99 252
77 32 23
79 15 165
79 38 112
80 10 112
80 50 235
84 15 115
85 7 78
85 25 134
86 18 93
86 36 154
92 8 211
94 93 246
94 33 74
95 65 37
96 13 21
97 6 140
97 103 97
98 118 105
100 51 150
101 78 178
101 5 275
102 90 44
103 25 181
103 2 273
104 127 23
106 27 86
106 104 284
109 108 179
109 129 53
111 59 138
111 54 224
113 37 162
113 101 63
113 98 48
113 24 64
113 59 40
114 55 260
114 33 118
114 104 59
115 48 200
116 85 140
116 43 245
116 49 108
117 35 174
117 94 202
120 7 203
122 1 216
122 118 234
123 122 271
124 95 227
124 63 3
124 15 132
126 37 29
126 100 73
127 26 195
127 94 185
128 53 239
128 1 148
128 26 201
128 127 238
129 7 217
129 73 290
-1
390
0 17 54
1 49 249
3 83 236
7 122 96
7 31 17
8 93 54
8 82 172
8 108 5
9 64 259
9 64 139
9 33 120
10 2 297
10 56 122
11 104 295
13 60 64
14 91 226
15 54 184
19 29 109
19 99 190
20 44 4
20 42 57
21 67 88
22 5 208
22 110 12
22 128 47
23 80 160
24 51 193
25 61 99
25 35 293
25 108 194
26 33 81
26 104 129
28 57 86
28 12 183
29 28 23
30 63 210
31 114 167
32 59 281
32 67 51
33 103 78
34 43 207
35 109 116
37 61 118
37 129 279
38 80 264
38 32 231
38 124 31
39 39 237
40 106 141
40 95 244
41 58 143
42 76 133
42 42 27
43 113 70
43 31 67
43 121 293
45 110 33
47 123 75
47 72 182
50 60 20
51 103 150
52 62 270
53 103 202
54 98 265
57 21 255
57 84 148
58 122 69
58 24 221
59 57 10
60 42 31
60 82 76
60 70 67
61 75 98
65 103 132
65 108 119
65 72 181
66 126 236
67 45 211
69 52 232
70 60 10
72 76 62
74 51 273
74 109 156
74 10 107
75 108 39
75 23 113
76 101 279
76 16 262
76 16 197
78 88 103
80 125 172
81 88 79
81 96 155
82 92 116
82 121 32
83 102 71
83 104 199
83 17 198
88 104 114
89 87 135
92 111 274
96 44 117
96 76 241
97 62 159
97 27 131
97 74 55
97 59 14
98 14 220
99 6 56
100 123 65
101 68 184
101 47 118
104 37 19
104 42 202
105 109 272
107 33 88
107 113 123
107 22 96
107 53 45
109 113 39
109 20 20
109 53 65
109 10 227
110 38 237
110 111 297
113 89 79
114 116 54
114 2 4
116 129 141
117 78 140
117 47 124
118 27 182
121 13 256
121 40 104
121 20 223
122 111 273
125 31 246
126 113 248
128 99 64
129 6 266
-1
390
1 98 288
2 111 263
2 49 256
2 18 169
5 62 96
6 7 184
7 24 214
8 84 85
9 95 88
9 30 209
12 81 169
14 95 91
14 99 19
15 31 115
15 92 238
16 22 254
16 86 142
17 99 53
17 85 290
19 1 232
19 125 206
20 82 80
23 52 265
23 89 293
26 119 99
26 91 148
27 121 256
29 70 210
29 103 288
29 117 10
30 39 298
31 98 66
32 104 297
33 87 73
34 119 275
34 103 70
34 1 245
34 102 279
35 129 203
35 101 39
35 104 57
36 113 256
36 44 272
39 49 176
42 123 136
42 57 135
42 120 220
43 93 168
44 111 40
44 78 259
45 10 5
46 53 103
47 28 156
48 35 262
48 121 165
49 100 122
49 3 269
50 1 136
54 107 59
54 58 183
54 115 226
55 93 208
56 99 190
57 9 139
57 3 158
58 105 157
58 112 139
59 49 289
61 12 178
61 111 213
61 114 24
61 84 291
63 66 255
64 83 170
64 4 22
66 10 98
66 30 281
66 113 183
67 26 162
68 87 81
68 92 74
68 59 143
69 56 78
73 29 210
74 126 57
75 34 44
76 76 62
76 0 106
76 3 282
80 19 228
80 101 70
81 21 144
84 113 1
84 42 55
84 113 48
86 49 77
86 59 206
88 19 207
89 17 202
89 72 16
90 56 6
91 5 226
91 80 95
92 59 162
93 90 122
95 31 269
96 70 17
99 97 78
100 104 133
100 88 256
103 113 217
103 55 168
103 74 164
103 95 266
105 98 110
107 6 117
108 21 248
111 101 76
111 45 69
112 104 258
113 44 43
115 78 14
116 6 31
117 99 231
120 63 188
121 109 53
121 28 201
121 52 176
121 46 25
122 81 172
123 13 63
123 122 294
123 100 53
124 34 153
124 111 194
127 89 291
127 125 162
128 4 100
128 19 25
129 111 183
-1
390
1 43 234
1 57 68
2 55 253
3 79 75
3 74 100
3 66 262
5 18 183
8 5 8
8 33 168
9 93 146
10 50 272
10 41 46
11 11 273
12 75 104
13 95 236
13 3 271
14 100 101
17 98 254
17 127 224
19 99 158
20 117 112
22 0 72
25 64 206
26 7 198
28 15 227
29 49 201
30 58 186
30 53 69
31 128 93
31 58 33
31 127 262
31 63 187
32 62 159
33 88 151
33 105 114
34 46 87
36 82 111
37 34 236
38 68 33
41 57 187
42 107 112
42 100 290
43 56 104
45 89 293
45 37 10
46 85 106
47 78 44
47 51 7
49 28 67
49 129 43
50 77 167
50 105 122
50 29 102
52 127 244
53 37 289
54 67 107
54 30 193
54 91 290
55 3 85
57 43 288
58 25 136
59 34 191
60 73 145
61 118 39
61 75 204
63 58 82
64 128 62
64 120 117
64 3 178
65 76 254
66 37 257
66 93 123
67 17 25
68 117 16
69 115 228
73 86 166
74 7 74
75 12 280
75 63 270
76 91 256
76 42 277
77 40 158
78 89 73
79 96 96
80 112 68
81 17 252
81 72 47
82 78 294
83 103 19
84 86 160
84 92 190
84 22 279
85 81 132
86 42 194
86 40 127
87 13 11
87 46 154
88 26 234
89 94 207
89 11 270
90 0 209
91 51 72
91 92 49
92 64 138
92 15 126
93 14 54
93 123 253
94 28 255
95 114 127
96 52 150
97 5 119
97 14 200
98 70 108
99 18 182
100 69 171
100 14 34
101 99 199
101 92 7
102 21 280
102 121 234
102 121 54
103 8 8
103 122 190
105 18 256
106 78 89
106 42 78
106 76 227
108 66 96
108 11 81
110 18 117
111 125 20
114 107 209
114 12 60
116 62 193
116 71 61
117 59 141
118 65 162
121 115 2
121 98 80
123 91 221
123 128 202
125 5 20
125 97 126
126 129 137
126 108 26
126 102 234
126 82 103
126 65 171
127 3 79
129 34 4
-1
390
0 47 174
1 108 93
2 126 45
2 35 53
2 66 108
3 95 250
3 76 244
6 85 196
7 127 126
7 15 204
7 14 253
8 66 103
9 50 295
10 33 213
10 78 288
10 77 269
11 43 288
11 118 37
11 1 246
12 125 107
13 14 271
14 22 112
14 124 91
15 47 17
16 97 45
16 30 102
18 73 32
18 78 68
19 120 279
20 49 135
20 44 147
21 2 292
23 21 294
23 98 247
27 51 289
28 79 31
28 34 190
30 20 285
30 29 98
32 4 85
33 55 255
33 67 53
34 18 283
35 114 16
36 0 161
36 56 109
37 52 249
37 44 65
38 55 51
39 102 77
40 112 73
42 29 111
43 86 33
44 109 52
45 37 120
46 17 145
46 36 274
47 128 239
47 115 42
47 56 285
48 32 113
49 105 79
49 50 278
49 2 92
50 89 19
52 83 291
53 20 196
55 56 276
55 61 295
55 52 206
55 66 171
56 16 53
56 28 99
58 18 292
60 99 74
62 98 82
66 69 117
67 2 32
68 120 30
68 27 96
69 7 211
70 94 226
70 122 258
70 22 172
73 16 101
74 77 48
74 80 85
74 40 11
75 82 129
75 104 78
77 85 211
78 128 2
79 68 123
79 64 60
79 55 216
81 22 295
81 67 119
82 63 224
83 59 70
83 99 241
84 48 226
85 30 11
86 18 19
86 56 186
87 103 53
88 26 18
88 28 274
88 94 85
91 44 169
91 88 288
92 110 228
92 100 259
92 124 206
93 67 266
93 114 260
94 35 116
97 65 195
97 73 25
97 127 8
98 72 280
98 62 103
99 45 257
99 103 150
99 118 39
100 64 79
100 75 175
103 15 125
104 0 213
106 88 298
106 89 62
107 127 285
107 125 261
108 65 42
108 25 13
111 85 243
111 73 242
114 63 289
114 8 193
115 6 91
116 19 114
116 32 216
117 22 76
118 0 211
119 52 166
119 20 223
122 62 14
124 11 286
127 72 148
128 5 132
129 125 17
-1
390
1 32 129
1 31 180
3 41 214
4 97 169
5 64 45
6 71 204
7 64 224
8 1 101
9 127 31
9 93 23
10 75 244
11 84 244
11 21 165
11 80 187
11 21 294
15 2 140
16 109 167
17 71 162
17 7 176
18 47 123
18 129 137
19 67 67
19 35 91
19 0 71
20 105 28
20 36 84
20 122 37
22 125 153
22 126 140
22 129 112
23 113 137
24 43 108
25 71 48
25 30 150
25 121 53
26 6 81
26 105 41
26 124 164
26 35 263
26 22 142
27 110 45
28 35 176
29 6 165
29 49 96
30 71 253
31 5 217
31 6 243
31 8 67
32 31 87
32 29 141
34 80 244
35 51 235
37 52 68
38 113 202
38 55 117
40 43 231
41 123 250
41 124 84
43 2 266
44 40 249
44 99 240
45 84 133
46 55 90
49 82 281
49 69 78
52 115 45
52 43 106
52 55 118
53 27 182
56 13 178
57 45 280
58 118 83
62 103 269
62 118 108
63 122 142
63 62 70
65 116 182
66 60 257
67 63 200
69 22 276
70 44 45
70 74 23
74 82 35
76 110 108
77 5 192
77 4 275
77 80 101
78 57 54
78 12 277
79 126 151
79 53 125
80 70 130
83 31 259
84 111 232
85 115 174
86 54 118
86 37 291
87 17 144
87 50 6
87 94 133
90 108 210
91 80 194
92 82 188
92 83 24
93 5 153
93 87 31
94 45 151
94 124 164
95 77 159
95 37 184
95 95 176
95 71 270
95 51 162
96 121 21
97 77 47
98 9 114
99 1 0
99 53 148
99 127 259
100 18 232
100 1 122
101 35 271
101 55 292
101 87 3
102 85 299
104 7 228
104 82 208
106 98 258
107 48 206
108 24 131
108 42 124
109 16 181
110 93 232
112 123 286
112 23 8
112 68 222
112 85 229
112 90 228
113 82 24
113 114 72
114 112 246
114 8 30
114 7 260
115 21 274
116 18 163
117 99 295
118 43 290
119 47 17
119 83 89
121 39 172
122 129 72
123 126 288
123 28 100
123 88 213
125 103 191
126 8 16
127 93 154
127 43 56
128 125 34
129 93 224
-1
390
0 43 130
2 121 35
4 113 193
5 35 111
6 105 269
7 35 189
7 58 187
7 70 197
8 87 97
8 3 107
8 9 269
9 129 245
10 84 263
11 106 136
11 72 246
11 82 100
11 118 252
11 68 10
12 97 62
13 88 62
16 45 282
19 25 149
20 14 96
21 5 287
21 46 110
22 41 253
23 77 6
24 33 260
27 51 183
28 54 194
29 38 177
29 67 85
29 122 298
30 12 243
30 77 131
30 32 196
31 74 152
32 47 196
33 50 119
33 72 255
34 7 293
35 88 204
37 73 295
38 91 228
39 11 47
41 10 33
42 4 172
42 60 227
42 48 169
45 22 36
45 24 117
46 56 283
47 88 280
47 34 260
48 60 67
50 11 288
51 126 213
53 60 286
55 103 118
56 115 51
57 119 198
57 37 231
57 36 239
59 5 282
60 36 282
62 94 212
62 8 215
62 79 43
63 47 200
63 69 91
65 128 207
65 106 138
66 7 244
67 87 91
67 128 25
67 51 183
68 35 136
70 120 130
70 92 172
71 6 242
72 119 80
72 15 105
72 39 245
73 87 265
75 115 171
76 114 36
77 116 8
78 117 58
78 8 169
79 5 191
80 56 288
80 75 292
81 124 49
83 120 88
83 1 203
84 57 137
87 17 239
88 107 214
88 31 138
89 80 22
89 92 287
91 96 34
91 76 206
91 18 90
91 6 195
91 16 195
94 1 209
95 33 12
96 97 177
97 15 206
100 40 217
100 113 7
101 82 283
102 23 84
102 83 151
103 16 4
103 121 150
104 15 8
104 100 188
104 41 265
105 82 137
105 107 168
105 83 158
105 66 274
106 74 143
106 78 277
108 63 150
109 26 58
110 63 23
110 2 155
110 59 148
110 28 244
111 122 228
111 16 157
111 39 218
113 60 44
113 40 260
113 102 90
114 36 75
115 129 20
117 40 59
118 124 267
119 3 23
120 42 223
122 37 177
122 84 113
122 114 232
122 58 16
122 107 210
122 4 58
123 96 236
124 75 106
125 111 53
125 106 39
126 32 190
126 63 142
127 26 195
128 2 46
129 113 165
129 114 282
-1
390
0 10 258
1 15 161
2 110 142
3 74 131
3 81 171
4 70 80
4 49 29
4 102 168
5 24 41
6 74 31
7 16 12
8 13 196
8 14 238
11 119 64
12 99 140
13 8 249
15 88 19
16 14 47
19 44 141
20 112 272
20 124 250
20 115 52
20 38 47
21 118 298
23 33 227
23 17 277
24 86 285
25 111 207
26 52 225
26 39 272
27 45 203
27 85 170
28 42 203
29 36 30
31 114 222
32 86 240
33 129 98
33 119 7
34 60 171
34 4 253
35 83 31
36 12 65
36 123 175
37 54 156
37 54 221
38 105 170
39 44 165
39 48 278
39 14 277
40 92 130
41 42 4
41 19 130
41 114 41
41 113 18
42 75 132
44 111 282
44 52 96
44 21 253
45 122 245
45 119 42
45 7 244
45 96 202
45 77 236
46 29 7
47 57 215
47 123 102
48 77 67
48 59 21
48 37 143
49 61 70
51 126 107
51 11 75
53 36 137
54 15 299
54 68 10
55 19 5
55 87 299
56 113 274
56 110 176
57 29 35
58 42 192
58 111 28
60 88 79
60 62 165
60 78 192
61 36 3
62 82 57
62 61 273
63 81 108
64 34 144
64 69 87
68 10 258
69 30 289
69 54 283
69 91 253
70 66 158
70 35 110
71 11 193
72 123 202
72 72 137
73 40 168
75 56 143
75 11 67
75 54 196
76 125 10
76 96 79
77 88 137
78 128 170
79 50 79
80 26 0
81 61 285
82 46 186
85 0 199
86 123 17
86 81 227
87 14 142
89 14 237
89 93 20
89 30 64
90 80 129
92 1 89
95 125 289
95 21 93
97 5 259
97 26 223
98 61 168
98 111 68
100 89 176
100 79 277
100 51 200
101 110 39
101 118 212
101 63 33
102 91 200
102 108 211
102 13 190
102 21 37
104 61 89
104 62 80
104 8 90
105 1 72
105 26 146
105 99 153
106 84 263
106 4 188
107 68 286
107 122 236
108 80 66
110 99 67
110 84 99
111 121 253
112 98 291
113 12 78
114 74 57
116 55 3
116 65 238
116 106 213
118 45 61
119 50 145
121 127 184
121 19 255
121 5 256
122 2 127
123 0 150
127 108 76
127 39 256
127 126 176
127 11 41
127 66 202
128 6 49
-1
390
0 100 168
1 80 180
3 59 77
4 86 226
4 89 297
5 40 286
5 33 267
6 88 173
6 87 224
6 75 210
8 87 254
9 15 231
10 24 23
10 66 282
11 55 71
11 86 245
12 111 0
13 79 268
13 94 155
14 39 217
14 114 141
14 54 84
14 60 62
16 70 56
16 15 185
17 13 156
18 61 67
19 19 166
19 35 151
19 23 170
20 100 62
20 42 293
21 105 194
22 81 104
22 61 277
23 95 116
24 31 57
24 12 149
25 104 31
26 32 208
26 31 127
26 17 66
27 40 199
27 92 148
27 78 31
28 49 0
28 7 199
29 66 280
30 114 271
32 82 11
33 112 156
34 12 5
35 44 30
36 80 124
39 118 75
42 74 74
43 116 225
43 3 135
43 120 235
44 46 111
44 106 185
45 99 154
45 53 69
46 78 282
47 129 48
48 62 139
50 4 23
51 42 295
52 64 242
52 127 46
52 38 246
53 41 61
53 0 256
54 51 276
54 32 58
54 90 113
54 44 143
55 117 183
55 127 238
56 5 1
58 17 17
58 79 9
60 100 177
60 127 271
62 118 102
62 63 186
63 58 236
64 115 114
65 67 162
65 69 197
66 4 226
66 72 60
67 87 295
67 110 65
69 21 224
70 114 144
70 120 189
72 3 232
72 73 5
73 64 132
74 76 33
74 5 54
74 77 244
74 10 208
75 18 180
76 6 41
77 74 194
77 115 49
78 29 107
79 35 137
79 49 201
79 98 235
81 7 167
83 63 132
84 4 124
84 25 245
86 95 86
88 43 294
88 66 226
89 43 174
89 79 67
90 51 274
90 34 23
91 72 214
91 49 280
91 88 123
93 96 109
98 93 183
98 69 117
98 3 233
99 47 238
100 88 64
101 104 179
102 27 165
102 46 108
103 18 277
104 41 85
105 90 141
106 51 171
106 52 155
109 117 5
110 126 71
111 106 156
111 99 276
112 18 79
113 121 57
113 12 73
114 45 160
115 37 127
116 58 198
117 50 122
118 104 52
118 76 206
118 72 70
118 12 12
118 79 98
118 120 144
120 0 282
122 36 202
122 118 129
123 24 56
124 95 274
125 62 149
125 10 204
125 11 297
127 1 62
128 9 57
128 26 282
129 94 152
129 45 135
-1
390
0 46 153
0 23 135
1 85 119
1 87 39
3 96 187
4 102 224
4 103 71
5 80 262
6 65 30
6 13 131
7 118 124
8 118 137
8 27 141
9 40 11
9 119 98
10 126 195
12 26 211
12 124 153
15 55 214
16 31 104
16 72 215
17 46 293
17 88 229
19 121 176
19 4 4
19 116 111
20 68 140
20 20 118
21 62 56
21 108 60
21 117 217
24 72 89
24 106 187
26 51 124
26 99 187
26 18 163
28 17 46
28 27 245
29 74 168
29 95 155
29 13 101
29 41 183
31 20 120
32 87 55
33 48 178
34 74 270
34 49 62
35 123 7
35 7 30
36 61 21
36 108 108
37 112 36
38 32 244
38 33 220
38 24 46
39 113 225
39 65 208
40 83 234
40 64 149
41 92 32
41 102 39
41 14 214
42 71 166
42 69 31
42 36 177
43 88 81
43 86 213
44 22 20
44 75 226
44 12 135
45 75 40
45 44 145
45 128 87
46 35 256
46 41 283
46 74 178
47 120 148
48 83 96
50 109 106
51 53 16
53 4 210
54 90 58
58 53 110
58 60 125
58 110 69
59 102 20
59 65 113
60 51 258
62 99 244
62 71 150
62 62 142
62 50 25
63 84 182
63 54 114
64 86 215
65 32 157
67 52 258
67 16 144
69 117 61
69 78 265
70 20 212
71 9 35
71 23 19
73 128 169
73 12 295
75 55 186
75 103 224
75 9 228
76 109 81
76 16 28
77 10 82
78 15 134
79 123 180
79 49 169
81 6 26
81 83 299
82 38 75
83 74 125
83 44 160
83 22 60
85 63 115
85 113 199
86 38 293
86 114 136
86 78 99
86 7 82
87 89 56
87 60 165
87 95 101
88 106 77
89 102 227
89 39 293
89 59 274
90 12 252
90 39 67
91 0 160
91 94 223
94 84 234
94 48 143
94 37 47
94 12 96
96 108 82
96 50 255
100 102 196
100 117 55
100 39 247
101 90 1
101 126 276
102 45 93
102 112 19
103 35 50
103 53 154
106 27 120
108 34 207
112 0 295
112 120 137
112 59 95
115 56 129
115 82 163
116 111 147
116 12 230
117 73 152
118 80 83
118 51 147
119 97 287
119 111 193
120 116 215
121 109 217
122 90 116
123 85 243
123 107 102
124 58 60
125 35 110
125 38 234
127 65 129
127 58 62
128 112 167
128 51 217
129 100 186
129 79 285
-1
390
1 87 183
1 124 206
2 100 264
2 68 137
3 31 151
3 53 2
5 86 15
5 55 168
7 74 214
7 91 188
10 106 165
10 37 295
11 63 40
12 12 59
12 96 280
13 92 6
14 19 175
14 26 66
15 54 290
16 12 111
16 46 280
18 67 22
18 39 296
20 78 293
21 37 73
22 114 176
22 35 286
23 41 39
23 19 231
24 118 24
24 56 153
25 68 158
26 89 93
26 83 121
27 5 286
27 19 93
29 72 294
30 125 224
33 60 81
34 62 63
35 68 172
35 18 151
37 4 82
38 74 82
38 40 21
39 86 193
39 124 15
39 16 111
40 29 283
42 65 5
42 72 275
44 48 274
44 44 221
44 76 266
45 84 173
46 70 61
46 91 286
47 101 145
48 8 43
48 113 295
48 6 21
48 47 270
49 83 162
49 108 256
49 63 208
49 80 79
50 71 220
51 46 19
51 10 272
51 11 85
52 87 241
54 124 232
55 9 22
55 15 53
56 48 60
56 20 4
59 51 164
60 91 77
60 104 128
61 57 293
62 119 121
63 102 164
64 112 195
68 55 40
68 71 211
69 83 231
70 16 216
70 112 157
71 94 282
71 110 195
71 45 296
73 123 172
73 120 81
74 89 211
75 99 186
75 16 259
76 97 193
76 101 118
77 69 265
79 14 97
79 39 131
79 51 262
79 56 71
80 21 72
81 126 102
81 106 190
82 9 196
83 5 254
84 102 92
84 120 150
84 110 3
85 64 284
85 3 288
87 4 54
88 68 19
88 109 272
89 4 45
89 128 278
90 117 221
91 13 80
91 49 256
91 12 282
92 37 67
94 63 35
94 15 54
95 36 93
95 20 50
96 72 294
96 65 58
97 81 205
98 124 194
99 104 198
99 50 137
102 96 291
103 15 264
103 36 65
103 76 69
104 90 275
104 66 125
105 33 275
105 51 203
105 34 9
105 10 103
106 73 229
106 40 201
107 21 246
108 35 131
109 102 30
110 42 64
110 62 56
110 118 214
111 10 126
111 102 215
111 115 290
112 119 40
112 68 32
113 63 207
114 110 120
115 108 145
116 126 135
116 6 159
117 81 59
118 69 40
118 107 294
118 20 205
118 25 62
119 118 87
119 70 79
121 27 158
122 86 8
122 44 218
123 78 13
124 77 5
124 94 196
124 19 225
125 2 85
127 50 81
127 17 120
127 1 118
129 77 221
-1
390
0 40 56
1 106 83
1 16 25
2 74 62
2 73 77
3 65 292
3 118 198
3 15 234
6 112 0
7 44 238
8 21 232
8 78 88
8 67 93
8 43 239
9 98 61
10 60 80
12 105 85
15 122 22
15 120 184
15 20 193
16 78 281
16 54 243
18 71 230
18 87 200
19 6 297
19 107 35
19 126 109
20 31 270
20 95 245
20 120 237
20 86 45
20 24 120
22 67 264
22 47 224
23 126 290
23 94 119
23 7 151
24 113 4
24 37 219
25 32 160
25 75 191
25 108 221
27 57 29
27 119 281
27 87 149
27 29 110
28 114 275
29 67 147
29 36 191
30 120 256
32 15 245
32 17 94
34 10 194
34 104 165
34 80 159
34 1 77
34 103 201
35 16 224
35 118 244
35 5 196
36 64 169
37 122 166
38 43 271
38 125 263
39 99 49
39 116 103
40 101 230
40 114 181
42 83 277
43 115 220
43 16 194
43 16 284
44 64 214
44 24 266
44 53 260
44 64 249
45 8 188
45 58 135
46 4 36
46 95 119
47 109 239
47 103 246
47 129 78
48 88 277
49 63 73
51 114 31
51 90 111
52 47 39
53 7 260
53 51 41
53 108 64
55 83 132
56 107 128
57 109 130
57 29 264
58 25 33
60 70 168
61 62 133
61 81 85
63 5 265
64 1 70
64 89 283
65 5 218
65 43 205
67 75 23
67 122 194
67 85 45
67 46 215
67 86 18
69 49 145
70 30 203
71 21 97
72 15 54
72 124 204
73 106 69
75 86 113
77 13 11
77 57 194
77 116 284
77 48 59
78 37 214
78 36 111
78 17 164
79 113 134
79 25 210
80 10 270
81 112 55
81 26 100
82 107 17
83 87 294
83 14 119
84 97 159
85 63 37
85 48 58
85 50 93
85 91 220
85 99 65
85 92 231
87 57 282
87 110 293
87 73 136
87 58 176
90 98 1
90 126 99
90 124 285
91 64 277
92 78 73
93 114 281
96 114 242
98 108 142
99 22 12
99 54 51
100 29 271
100 58 279
101 13 240
101 47 10
102 14 195
103 72 92
105 61 145
105 67 177
105 67 96
106 41 287
107 32 162
108 94 184
110 128 54
112 111 205
113 49 137
113 31 55
116 56 210
116 89 164
119 36 23
119 125 120
120 97 170
120 64 252
120 49 223
121 110 22
122 109 298
122 11 283
123 64 113
123 60 245
124 67 166
124 71 281
124 41 52
125 31 60
125 4 292
126 29 278
126 83 109
127 24 255
128 49 143
129 82 90
-1
390
3 57 220
3 29 80
3 64 223
4 60 132
4 11 236
5 35 265
7 117 65
7 46 168
7 75 269
8 53 299
8 106 85
9 66 227
9 25 117
9 62 11
10 81 94
10 8 77
12 94 39
12 8 272
13 16 161
13 99 128
13 67 9
13 13 276
14 85 33
15 49 251
15 96 268
16 109 137
17 50 195
17 19 279
18 104 256
19 107 88
19 94 171
19 71 14
20 84 253
20 9 257
21 122 78
22 18 44
22 5 165
22 22 52
23 26 166
24 124 237
24 113 195
24 42 12
25 26 46
27 48 40
27 81 236
27 53 202
27 36 248
28 115 121
30 53 232
30 93 10
32 57 240
32 64 165
33 78 166
34 82 66
35 14 7
36 76 76
37 98 52
38 127 274
39 102 208
40 119 227
41 7 81
42 65 142
43 30 139
43 79 253
43 45 249
43 89 139
45 81 254
47 49 95
48 56 222
50 77 206
50 30 3
50 89 66
51 45 270
51 94 267
51 1 85
52 71 226
52 36 46
53 94 24
54 119 250
54 34 181
55 104 244
57 87 175
57 27 127
57 26 254
57 12 72
58 71 283
59 74 14
60 88 101
60 53 6
60 31 91
61 118 178
62 102 79
62 59 213
62 86 296
62 6 247
63 83 47
65 55 212
66 30 231
66 63 142
66 27 76
66 55 145
68 42 239
70 13 146
70 127 185
71 57 64
71 77 43
72 86 46
72 126 62
72 61 229
73 34 220
75 67 92
75 66 132
75 60 93
76 125 168
76 82 21
76 99 63
76 109 58
77 105 169
77 91 120
77 115 85
77 81 69
77 47 283
77 14 199
77 73 30
78 10 268
78 120 65
79 51 221
79 41 270
79 69 118
80 58 109
81 110 9
82 19 276
83 112 163
84 56 119
86 73 153
87 32 141
88 43 264
89 73 246
90 92 67
91 72 146
91 87 173
92 28 292
93 49 294
93 68 141
93 53 46
94 36 93
95 54 31
96 119 172
96 115 127
98 122 274
98 30 155
101 66 276
101 93 55
103 57 129
103 3 200
105 119 144
105 57 182
105 39 282
106 52 164
109 121 253
110 8 259
111 65 228
111 93 86
111 89 178
111 89 201
112 58 237
113 102 71
113 20 35
115 71 211
115 78 207
116 115 229
117 112 1
118 121 146
119 77 57
119 96 237
119 92 174
119 58 11
121 20 171
121 13 68
122 20 69
122 112 42
123 8 178
124 44 136
125 105 230
126 8 285
126 25 121
126 46 143
127 26 65
127 66 194
129 1 64
-1
-2
