480
-1
480
-1
480
10 92 255
37 73 30
56 78 182
70 25 29
98 78 189
123 77 17
125 67 159
140 49 30
150 126 192
157 43 179
-1
480
5 130 111
17 103 189
29 73 75
37 63 17
50 93 143
56 111 20
63 70 164
66 124 176
78 159 268
116 135 160
-1
480
6 107 134
21 88 88
22 144 193
29 65 242
46 126 206
48 112 292
50 159 23
52 4 295
57 25 7
67 16 24
69 135 224
70 75 185
80 4 185
84 84 142
91 158 199
110 75 75
124 1 116
125 49 17
146 159 240
147 115 93
-1
480
3 43 250
7 38 122
13 136 144
42 31 41
50 52 295
55 2 47
61 128 93
66 64 283
68 123 13
85 147 267
87 21 203
89 90 73
98 25 84
116 2 247
119 110 119
120 135 16
121 135 174
122 81 230
129 21 62
145 24 55
-1
480
1 64 98
8 150 179
15 93 127
15 74 19
15 30 282
26 79 228
30 15 62
35 118 230
37 158 36
43 26 111
45 67 72
46 98 63
52 134 151
56 31 251
59 83 60
60 21 188
60 65 38
63 70 47
79 129 59
86 101 229
89 152 80
98 74 118
101 42 210
104 6 196
105 111 218
106 29 292
108 78 42
118 122 62
124 24 211
154 62 255
-1
480
4 133 259
5 126 197
8 87 203
11 89 236
18 22 30
18 87 252
20 153 127
43 10 106
44 154 213
49 32 246
61 42 247
63 64 238
63 149 39
67 31 96
81 108 254
85 134 172
90 20 11
93 84 122
112 122 221
117 28 163
118 114 228
124 102 207
126 82 270
128 61 148
131 71 189
135 7 256
144 12 109
147 148 72
148 27 139
151 106 26
-1
480
1 124 28
2 108 13
5 62 55
6 69 193
7 85 161
13 130 204
15 130 209
23 4 285
32 50 247
41 110 157
42 101 212
63 88 9
65 102 246
66 61 258
67 117 22
67 121 20
72 131 298
79 51 96
84 108 27
99 150 48
101 108 246
102 122 77
102 108 27
103 85 141
108 96 155
108 152 234
109 25 194
113 159 111
115 33 165
125 2 37
128 136 286
133 103 232
136 70 144
138 12 282
148 13 174
149 41 257
149 104 173
152 41 131
155 65 177
159 131 297
-1
480
1 63 139
3 133 200
6 25 34
10 147 24
11 114 213
19 0 71
22 90 254
31 74 128
34 83 11
37 0 224
37 142 115
39 67 60
41 7 221
46 109 48
47 52 211
50 60 113
52 70 265
58 37 199
60 62 230
67 53 233
70 120 111
76 71 65
78 23 216
78 9 25
82 153 16
87 89 108
92 155 139
102 86 4
102 82 128
103 48 243
107 65 209
109 26 65
111 105 92
112 79 165
115 77 102
119 76 154
122 30 144
127 153 64
132 79 104
148 159 53
-1
480
1 54 218
2 12 279
7 116 225
9 127 158
14 128 147
14 86 23
16 121 18
17 41 120
28 102 295
29 32 273
36 59 169
37 68 195
37 145 68
38 114 103
42 125 54
45 147 10
46 143 1
47 159 100
49 9 114
71 14 68
71 96 96
71 11 104
72 70 166
73 93 258
76 59 0
77 48 78
79 14 102
89 140 147
100 112 7
101 93 216
103 53 35
106 38 233
108 24 240
110 155 65
113 142 271
115 50 200
118 42 122
119 9 139
124 71 117
129 93 216
134 156 288
139 111 297
141 121 231
142 67 241
147 21 77
152 114 124
155 139 291
158 157 56
158 99 19
159 159 168
-1
480
1 122 208
4 68 3
4 154 162
5 15 39
5 44 121
8 40 211
12 137 75
21 21 252
22 35 126
25 154 197
26 108 59
27 2 53
28 2 67
28 98 288
35 39 211
35 63 233
38 29 234
40 10 103
41 138 76
43 44 275
50 77 20
51 33 63
52 61 49
53 6 68
55 140 175
57 58 61
66 9 231
73 129 31
73 94 274
84 121 132
85 88 237
86 77 82
92 84 248
95 11 254
101 48 164
104 98 178
104 55 18
110 60 81
112 16 211
124 99 1
125 59 278
126 152 145
127 109 214
128 67 274
131 136 195
143 47 117
144 97 80
154 111 193
156 81 210
158 118 22
-1
480
0 69 76
0 101 80
4 33 254
4 155 283
9 155 71
13 58 178
21 26 242
21 21 5
26 88 282
28 45 142
30 37 246
32 135 132
37 137 229
38 143 286
38 153 274
40 3 1
45 88 222
50 71 185
51 127 18
52 64 85
54 98 295
62 123 296
65 135 139
74 135 61
77 115 245
79 54 115
82 114 131
82 77 211
85 47 233
86 96 22
90 3 150
90 101 189
91 23 274
92 43 54
92 150 171
94 159 173
106 135 19
109 137 289
111 117 29
120 46 55
122 15 287
126 135 24
127 145 124
128 125 229
128 149 155
129 20 145
130 87 152
131 155 62
134 109 76
141 79 149
141 138 285
141 143 164
142 34 56
142 94 72
148 122 83
149 87 294
149 25 245
150 71 220
158 26 263
159 31 58
-1
480
1 75 81
1 137 204
4 64 280
7 57 105
7 63 201
10 45 118
10 137 230
10 77 278
11 21 103
11 38 105
23 27 25
24 18 238
27 65 179
27 136 95
36 130 148
37 38 177
38 155 27
39 62 180
39 65 119
40 13 126
42 140 230
51 65 242
52 90 161
55 9 245
55 127 97
57 48 281
59 54 78
60 59 240
61 98 271
61 118 296
64 66 202
69 111 172
69 93 106
78 77 168
78 142 86
82 94 7
85 57 191
85 26 41
85 142 203
85 117 274
88 54 71
92 71 253
96 100 44
97 123 245
104 50 17
104 59 79
111 55 95
111 52 189
115 50 134
116 153 227
118 3 84
118 122 122
120 149 163
129 125 71
138 131 296
139 55 285
146 34 274
146 118 26
153 32 98
159 91 147
-1
480
2 62 263
5 126 152
5 66 56
10 82 94
12 85 146
13 31 80
14 34 136
23 38 110
26 148 209
27 1 119
27 8 101
29 34 214
32 72 268
35 26 67
35 131 117
37 100 51
37 107 226
38 97 171
38 94 256
40 36 95
41 60 203
42 137 96
45 144 289
48 23 263
49 149 182
56 4 186
58 19 73
59 35 42
65 72 192
66 147 58
72 46 103
73 52 208
77 7 49
83 24 61
84 68 291
88 112 252
89 148 100
91 69 7
92 91 208
93 97 9
97 120 38
98 118 111
101 15 20
103 84 264
103 67 49
104 123 234
105 19 123
109 20 100
113 50 83
113 33 143
114 52 290
115 123 189
121 123 285
123 90 124
124 155 264
125 63 95
125 65 34
128 52 155
129 115 47
134 158 148
136 113 210
145 41 77
146 105 205
146 155 90
153 51 120
154 121 186
156 18 68
157 82 243
157 107 16
159 42 99
-1
480
1 5 131
3 46 175
7 64 99
7 126 270
10 143 7
13 4 91
14 24 25
14 105 57
17 83 227
20 77 105
21 57 26
21 112 129
21 67 231
22 154 161
24 72 108
24 102 217
32 61 17
32 83 17
34 1 256
36 25 113
38 39 5
45 0 172
46 156 51
50 47 96
54 104 82
57 73 37
58 46 154
60 73 36
62 54 158
62 149 264
68 65 119
70 15 61
74 83 64
82 16 85
83 22 228
84 115 184
85 157 264
86 82 200
90 149 261
93 100 60
94 3 68
94 140 277
98 37 134
99 119 174
102 60 236
103 130 158
103 54 2
104 23 195
109 85 196
111 88 174
113 55 33
114 16 232
119 148 144
121 2 231
121 53 269
122 14 169
126 3 52
129 133 43
136 25 275
138 102 181
138 6 72
140 149 116
145 4 137
146 103 85
148 64 145
148 53 180
154 40 213
155 149 234
158 69 163
158 14 142
-1
480
5 38 209
7 69 13
8 132 258
10 83 160
10 97 89
11 39 58
12 36 225
12 66 293
12 16 18
16 108 172
16 127 91
18 129 136
20 141 279
27 108 115
28 21 184
28 126 88
33 156 132
33 80 167
36 145 149
36 90 221
37 133 65
38 46 243
40 75 87
43 130 251
49 90 51
50 2 166
53 136 63
55 157 146
55 15 144
56 54 242
58 153 205
59 94 143
62 86 279
65 118 165
69 61 171
70 119 235
72 13 24
73 142 65
77 9 174
78 32 277
88 38 26
88 158 56
99 90 77
102 87 71
106 132 195
108 113 266
112 99 177
113 157 237
114 147 258
115 27 76
115 109 248
115 59 212
116 9 109
116 37 183
118 90 153
119 29 152
124 26 148
129 107 296
129 152 212
129 31 150
132 106 200
134 46 107
134 94 94
136 43 292
138 103 76
140 11 259
142 98 25
145 17 238
146 47 34
146 107 229
147 121 83
148 128 54
149 85 88
153 56 133
154 129 70
154 155 175
155 112 296
155 120 95
156 117 214
157 64 3
-1
480
3 108 279
3 123 97
6 73 255
10 152 85
13 152 150
13 16 60
14 5 75
17 109 143
17 29 170
19 65 291
19 138 134
23 96 270
24 123 110
27 109 34
27 78 187
28 137 139
30 135 139
30 63 174
31 58 140
32 148 154
35 2 76
35 25 67
39 48 135
47 137 1
48 159 81
48 30 286
50 17 299
50 3 143
56 55 282
58 15 266
59 58 151
64 93 156
67 145 207
67 115 103
72 94 31
73 32 195
73 22 288
75 47 55
76 66 118
81 96 156
81 99 205
82 33 264
82 26 221
84 63 224
85 81 231
87 134 47
88 146 150
94 142 128
95 135 40
98 51 130
101 67 8
101 141 188
101 97 246
104 82 57
106 156 280
108 112 237
110 116 91
110 94 256
112 21 37
114 148 42
114 118 267
116 115 203
121 56 112
121 144 299
122 49 238
123 102 260
123 83 133
126 100 76
127 23 51
131 51 86
136 31 155
136 149 118
136 4 264
138 127 75
139 138 278
141 19 2
147 134 105
151 27 31
152 109 152
156 65 106
-1
480
2 62 282
2 112 192
7 105 256
7 137 294
8 63 293
14 90 56
15 122 67
17 121 234
17 125 199
17 92 277
18 76 20
18 1 155
20 26 9
20 55 89
22 90 60
22 154 6
27 101 223
27 124 290
32 37 29
35 83 221
39 132 231
46 159 133
47 13 251
48 66 213
48 151 162
49 15 269
50 59 53
53 26 229
53 91 48
55 83 267
57 57 46
57 36 145
58 47 249
59 89 91
59 155 28
60 121 54
67 142 289
69 9 248
70 34 74
71 65 31
72 96 288
73 125 21
73 123 136
78 42 176
79 83 252
79 127 138
82 103 206
83 114 163
85 33 87
87 17 59
88 96 57
88 144 228
98 65 117
98 11 259
101 46 55
105 112 230
108 76 290
108 95 255
109 72 117
112 83 256
113 1 275
115 63 8
116 78 118
117 120 109
119 146 271
121 114 75
129 146 194
130 104 276
131 65 237
131 42 46
132 132 234
136 83 24
136 85 155
139 124 119
140 33 262
140 44 200
142 140 14
142 114 259
143 126 61
143 56 12
146 80 237
147 58 89
149 121 167
153 77 176
156 63 166
156 150 160
157 127 249
158 17 41
159 119 238
159 101 50
-1
480
3 54 55
5 18 49
5 159 251
7 20 242
8 124 148
8 80 128
12 68 48
14 86 65
14 138 258
15 8 247
16 73 153
18 53 100
20 130 41
21 104 246
23 118 67
25 158 105
27 127 75
27 11 221
32 90 0
33 141 194
33 46 26
36 108 143
37 28 20
43 14 121
46 93 198
48 157 211
48 108 143
49 112 294
51 6 94
51 43 76
51 9 211
53 65 230
56 67 92
60 93 48
65 131 68
66 99 135
66 123 73
67 40 120
70 27 98
70 20 162
72 144 21
77 136 142
78 138 106
80 143 72
81 80 7
86 65 60
86 106 150
88 151 75
90 82 240
91 49 207
92 16 12
92 113 113
94 82 285
94 1 0
97 19 297
100 33 229
100 73 239
102 81 283
105 83 135
106 57 237
106 132 174
107 148 16
109 23 106
109 143 299
111 137 224
113 64 38
120 20 287
123 12 193
123 37 118
123 119 51
126 103 272
128 158 36
129 52 280
131 37 267
131 122 218
132 94 138
134 130 156
134 76 275
134 35 286
143 159 2
147 6 116
149 7 195
150 142 166
151 84 201
151 35 79
152 60 162
156 115 286
156 118 109
159 71 208
159 44 219
-1
480
5 149 75
7 41 143
11 101 209
11 142 120
13 141 165
15 59 94
17 51 114
19 116 219
20 16 274
22 145 168
24 55 25
24 28 286
25 10 14
28 87 118
28 96 293
29 133 299
31 25 157
32 50 164
33 41 239
33 124 126
33 147 285
35 102 49
37 64 154
40 6 39
42 9 150
43 84 21
48 139 203
51 125 133
52 36 238
53 63 27
54 119 242
54 27 55
56 55 132
56 155 223
59 41 243
60 155 106
60 129 286
61 152 19
63 34 144
65 121 103
65 45 33
65 31 74
68 79 162
73 36 81
76 17 286
80 38 93
81 79 109
81 29 137
81 65 139
82 37 122
82 122 112
84 45 234
84 126 282
86 113 272
86 50 204
93 21 114
94 136 144
94 47 206
95 95 232
95 42 242
99 109 5
100 86 295
100 102 55
106 74 161
107 100 95
108 128 294
110 140 37
110 32 160
111 125 218
112 1 22
113 130 206
115 28 225
118 125 58
119 151 131
119 91 83
120 89 245
121 124 180
123 0 294
125 89 256
127 121 127
127 151 137
128 85 88
132 67 285
133 156 114
135 85 75
136 3 234
137 28 47
138 110 38
139 89 147
146 122 29
148 28 132
148 71 150
148 123 294
149 82 249
149 93 78
152 151 262
153 60 131
155 46 59
157 18 228
159 42 298
-1
480
3 116 180
8 111 179
11 20 258
11 39 24
12 4 262
12 76 142
13 46 179
13 140 143
14 97 236
16 56 265
19 21 147
20 20 38
21 98 76
23 57 86
25 143 237
25 137 41
26 42 208
30 108 37
32 104 55
32 85 163
33 44 74
33 115 271
35 118 176
38 123 224
39 98 224
44 129 248
45 124 107
46 65 4
46 92 5
48 137 242
50 99 112
50 143 98
50 156 149
50 70 3
52 85 94
55 156 131
55 16 272
55 144 20
57 71 72
61 44 179
64 48 291
68 84 222
73 62 215
73 124 18
73 104 45
74 68 181
76 150 169
79 31 103
81 140 226
83 47 172
85 42 139
89 4 133
89 14 189
90 27 250
94 53 253
96 143 274
97 159 32
100 79 238
103 129 64
104 7 276
105 105 77
107 78 84
109 31 167
110 78 178
112 142 129
116 131 282
117 121 46
118 37 249
118 108 265
119 81 17
125 103 188
126 24 111
130 103 254
134 86 121
135 21 274
136 100 163
137 17 282
137 59 235
137 8 39
138 154 189
140 64 213
140 75 123
140 103 61
141 134 43
143 137 123
143 57 243
147 60 32
148 135 10
148 118 121
151 118 216
151 48 264
151 127 246
152 74 12
153 122 209
153 133 83
153 138 189
155 12 143
156 83 174
156 40 116
159 132 214
-1
480
0 130 44
1 45 257
3 35 140
4 22 3
5 51 8
6 35 287
8 30 281
9 41 81
15 42 97
15 61 102
16 41 282
16 92 245
17 138 229
19 146 183
20 31 227
21 9 228
24 95 254
24 43 96
25 46 194
25 3 21
26 146 175
28 101 191
31 71 107
33 53 9
33 47 92
34 12 295
37 116 91
37 42 82
38 50 57
38 103 262
40 73 73
40 29 61
42 35 121
42 92 64
43 90 33
45 123 128
46 12 169
48 156 215
49 60 57
50 49 24
50 49 42
50 156 150
55 56 184
55 123 34
58 117 186
61 8 249
63 59 130
63 21 151
63 106 6
65 129 71
69 114 222
71 27 14
78 114 289
79 92 212
79 109 200
80 13 213
80 3 36
80 135 140
81 74 226
83 52 38
85 93 244
86 95 257
87 86 156
88 139 145
89 91 128
90 70 16
91 127 212
93 33 195
98 150 268
98 4 11
100 106 40
100 140 162
104 136 169
106 81 288
108 94 123
108 38 210
108 126 38
109 23 175
111 84 203
111 141 93
112 126 129
116 46 128
117 133 66
119 108 26
121 19 127
124 25 280
125 58 243
127 57 165
128 89 4
130 16 180
130 38 173
131 14 109
132 159 287
132 5 84
134 93 146
134 120 39
134 157 195
135 36 206
140 105 70
140 62 138
141 118 30
143 87 267
144 145 245
147 96 123
147 77 93
148 71 253
153 0 146
154 50 210
156 64 134
156 15 221
-1
480
0 99 5
0 126 227
0 130 207
2 80 191
5 29 114
5 56 97
8 61 163
9 135 232
9 144 125
11 67 120
12 82 293
12 99 127
15 140 290
18 105 48
19 15 252
20 119 179
21 111 278
22 97 240
23 63 45
23 86 187
32 66 210
33 52 187
35 28 76
38 107 48
39 25 76
40 97 115
41 13 168
43 31 40
43 136 206
45 41 133
45 153 224
47 126 81
48 64 279
49 137 183
49 68 250
50 70 166
51 42 104
52 50 68
53 91 177
54 15 274
55 144 233
56 23 117
56 76 46
60 96 118
62 121 278
65 128 40
65 104 129
66 63 148
66 133 36
68 24 67
69 99 196
75 89 150
76 130 230
76 140 14
79 22 288
79 29 246
79 107 137
86 79 0
86 49 150
88 115 284
92 155 217
92 130 246
93 5 119
94 83 280
95 58 155
95 46 101
98 148 190
101 149 6
103 0 161
104 111 124
104 5 247
105 75 220
105 66 111
105 144 98
107 128 280
107 75 255
109 49 108
109 42 201
112 128 108
113 94 90
115 6 162
117 143 113
117 118 135
119 67 248
119 120 51
119 22 124
123 91 151
124 143 5
125 140 11
130 95 229
130 86 239
132 26 263
135 110 192
135 67 83
136 11 139
136 148 255
139 122 267
141 79 125
142 39 71
144 34 192
147 50 73
151 35 52
153 150 273
153 40 155
155 115 242
156 136 203
156 16 165
157 57 69
159 22 159
159 116 261
-1
480
1 88 211
2 149 95
3 98 110
6 135 63
8 16 35
9 153 80
10 6 120
10 72 273
11 80 41
11 137 71
15 45 159
17 53 124
23 129 138
25 124 93
25 79 191
26 138 34
26 148 285
26 134 242
27 31 21
27 62 193
28 119 227
29 49 172
29 89 207
34 95 169
34 133 61
36 52 167
38 80 221
38 79 267
38 20 125
39 46 60
40 68 249
41 63 138
41 109 249
42 152 41
43 71 102
47 115 295
47 79 98
47 91 44
48 136 193
49 40 187
50 90 26
54 7 54
55 124 95
56 126 22
56 5 13
56 127 35
60 34 84
62 73 33
63 36 264
63 121 195
65 113 192
65 92 61
66 70 249
66 25 229
67 93 165
67 123 8
69 33 284
70 108 34
70 122 4
72 86 205
73 56 278
75 154 53
76 47 118
77 58 71
77 96 201
81 42 202
81 120 156
82 144 205
83 95 44
83 127 37
86 142 105
88 78 205
88 44 110
92 145 176
93 60 101
95 59 268
97 89 162
97 29 145
98 137 17
101 81 149
104 18 210
105 57 96
105 81 96
106 16 127
107 90 221
108 104 170
111 87 151
112 35 72
112 9 191
114 6 134
115 124 125
116 65 127
117 55 128
117 59 22
117 88 295
117 39 166
119 48 234
119 128 252
120 13 131
124 147 23
125 69 79
128 143 64
130 109 167
132 139 5
132 29 108
133 158 238
135 19 92
136 26 21
137 68 81
140 153 252
141 119 234
141 146 82
141 131 106
145 9 216
146 32 275
150 12 36
152 134 258
156 81 41
156 18 92
157 15 235
-1
480
0 142 31
0 89 45
1 134 267
8 98 29
9 156 60
11 143 174
14 94 12
15 143 11
15 57 15
16 149 60
17 113 214
19 10 298
21 135 126
21 155 139
22 56 41
26 92 134
29 103 153
30 98 49
30 154 122
31 45 15
31 124 134
32 147 86
32 25 92
33 106 40
35 0 164
35 14 103
36 69 23
36 21 211
36 15 173
39 87 131
39 76 53
41 45 191
42 24 82
42 107 231
42 139 255
44 33 151
46 107 259
47 60 80
49 88 126
53 110 94
53 145 148
59 27 120
60 33 70
62 6 58
63 149 286
64 22 174
64 74 102
65 143 183
65 112 103
67 91 212
69 134 203
69 36 175
69 32 121
70 128 152
76 142 61
77 54 226
79 155 251
79 29 144
83 145 284
86 134 126
87 81 241
87 6 56
87 54 64
87 92 89
88 115 60
90 115 232
91 54 181
92 150 164
93 35 186
93 110 296
99 99 225
100 82 58
101 58 262
102 1 288
103 73 256
103 47 165
103 144 271
105 122 140
105 122 225
105 35 123
105 133 12
107 158 150
109 121 232
109 99 175
110 106 13
113 89 10
116 146 142
117 63 243
120 70 76
120 155 157
121 67 156
121 65 170
122 18 28
123 23 182
123 129 116
124 146 37
124 100 194
126 68 207
128 35 201
130 12 38
131 43 245
131 122 41
131 101 175
134 114 240
136 102 21
139 89 114
139 132 135
140 157 85
140 2 138
141 62 272
141 4 202
144 15 65
148 77 177
150 153 20
150 74 169
153 32 215
154 111 39
156 111 192
159 22 119
159 108 222
-1
480
0 142 187
3 87 182
5 105 82
6 107 6
6 107 20
6 43 281
8 6 188
8 100 151
8 97 263
11 36 249
11 102 246
12 114 72
12 115 238
13 103 202
14 139 33
14 66 249
15 121 77
16 88 76
18 89 195
22 23 234
24 40 22
24 8 145
25 148 204
26 31 87
26 86 131
27 146 78
28 55 237
28 132 292
29 66 124
31 90 290
32 94 205
33 54 18
33 45 108
33 64 273
34 149 86
35 140 205
40 13 63
40 128 44
43 117 83
45 53 90
45 120 256
46 132 90
48 150 85
49 150 147
51 56 249
52 154 125
53 156 286
53 112 140
54 44 299
57 75 292
57 81 117
57 51 193
58 0 170
58 64 118
60 136 93
61 41 52
63 135 48
64 57 195
67 5 3
69 132 132
70 117 175
71 62 89
75 78 164
75 75 34
75 28 253
76 71 183
77 65 174
77 114 49
80 17 55
84 124 290
84 47 187
84 129 210
85 154 149
85 114 0
85 115 114
86 88 58
86 28 93
87 78 39
88 91 232
89 136 299
90 117 290
91 116 201
91 101 251
92 155 261
92 148 227
94 70 29
95 70 126
97 10 141
100 39 28
100 107 201
107 146 77
108 91 36
109 125 85
110 51 39
113 38 246
114 33 32
116 14 122
116 103 257
122 65 130
122 19 298
124 101 36
125 104 164
127 35 13
128 30 120
131 79 24
132 76 270
133 4 241
135 46 157
135 29 294
136 132 86
136 11 185
136 148 204
139 19 13
140 22 215
143 83 243
144 134 34
144 61 246
145 36 109
146 74 30
149 47 282
150 74 62
152 37 0
152 121 170
152 23 170
153 19 136
155 133 146
157 111 250
157 135 225
158 76 86
159 45 113
-1
480
2 116 271
2 1 122
6 129 180
7 119 18
7 69 236
8 99 44
8 19 157
10 32 227
13 105 167
15 159 12
16 117 95
17 31 86
17 60 20
17 38 225
18 46 86
19 124 114
21 52 189
23 60 242
24 129 241
25 57 133
25 110 178
28 150 118
28 23 28
30 8 135
31 119 195
31 134 138
38 12 67
39 102 183
39 110 144
41 128 122
41 81 241
41 35 108
42 11 214
43 64 42
43 51 80
44 125 202
45 69 236
45 42 257
46 52 88
47 65 68
47 4 246
49 104 102
51 55 162
53 60 169
54 73 240
54 158 84
56 133 153
56 100 298
57 13 175
57 108 285
58 129 220
60 98 14
62 150 191
62 81 16
62 63 192
64 130 288
64 63 207
65 13 35
66 81 189
66 6 279
68 155 223
69 157 166
72 92 270
74 118 81
75 109 293
77 72 42
80 80 50
83 98 202
84 28 104
84 50 6
84 17 75
84 37 39
85 82 270
86 23 30
87 122 147
88 135 86
89 93 211
92 19 201
93 106 119
97 151 37
99 138 93
99 4 288
100 46 26
103 144 243
105 138 63
105 139 99
106 43 50
106 125 138
107 19 135
107 80 246
108 24 70
109 100 17
113 67 39
113 81 28
116 153 151
116 106 37
117 48 197
117 45 179
118 17 223
122 121 279
126 22 185
128 3 87
128 55 153
129 115 223
129 119 279
131 107 122
131 111 108
132 8 166
134 134 125
137 52 37
137 55 178
138 19 108
138 56 37
143 54 132
144 125 234
145 141 218
146 34 125
146 98 247
147 60 143
148 95 62
148 46 224
149 104 3
151 115 12
151 131 113
153 96 209
154 52 117
155 124 157
155 23 175
157 5 247
157 141 99
-1
480
0 35 258
0 8 177
2 134 220
2 52 221
3 85 192
5 94 210
5 21 236
5 105 6
6 99 82
8 95 23
10 33 95
13 159 209
14 96 120
15 49 174
17 78 114
20 25 63
21 105 251
21 157 133
22 119 199
24 68 114
24 154 178
27 152 89
28 90 283
29 102 263
30 7 196
30 139 29
34 105 98
34 117 42
34 6 128
36 2 49
37 21 180
39 68 295
39 63 93
40 138 286
41 13 187
41 29 58
41 18 229
44 107 261
45 70 256
46 116 8
46 107 39
49 16 267
49 90 152
50 18 61
51 155 239
55 112 24
55 145 158
55 111 187
57 140 221
58 133 197
59 157 87
59 80 298
60 32 22
61 113 87
64 77 231
70 61 55
73 127 232
76 143 23
78 60 98
78 117 60
79 14 295
80 14 76
80 7 177
81 127 257
82 82 144
82 146 51
83 44 219
84 98 104
84 83 55
85 36 154
86 15 41
87 10 129
88 6 264
88 25 121
88 91 34
89 149 284
90 38 74
91 137 187
93 121 104
95 43 299
95 128 5
96 107 205
97 137 244
97 44 217
98 91 110
99 67 128
99 97 259
101 101 244
101 33 54
102 144 128
102 108 80
104 32 155
106 32 120
106 126 106
107 81 6
107 27 167
107 86 216
109 154 229
110 86 289
110 100 67
112 28 190
115 16 194
115 67 74
116 90 62
116 84 61
118 23 46
120 113 222
120 82 195
121 23 8
121 51 293
122 142 136
127 57 287
127 113 272
129 134 119
129 32 15
130 38 20
131 92 84
131 36 266
133 73 239
134 54 22
135 83 283
135 132 224
139 128 213
139 11 184
141 67 271
142 114 77
144 26 195
144 48 139
144 143 69
146 51 84
147 93 235
147 62 178
147 44 126
148 80 250
148 33 298
148 65 298
149 50 240
156 20 50
158 126 129
159 81 200
-1
480
0 71 166
0 20 72
1 149 21
2 29 243
3 11 82
4 154 202
7 80 250
8 78 220
11 18 200
11 71 54
12 86 185
15 153 42
17 2 236
18 64 172
19 132 245
20 40 122
22 141 105
24 146 20
25 11 108
26 146 204
29 18 150
33 30 182
34 111 8
36 143 63
37 78 31
38 126 288
38 77 2
38 23 67
39 154 111
39 143 124
40 46 287
41 51 286
42 86 212
42 132 294
43 3 51
44 55 194
44 66 53
44 91 59
45 93 243
47 26 280
51 16 131
52 34 81
52 98 263
54 101 258
56 94 182
57 46 73
58 17 74
61 97 117
62 119 161
63 28 171
64 32 291
65 102 40
65 8 131
69 14 256
72 65 96
72 138 67
74 155 34
75 123 208
76 25 84
76 12 170
77 9 208
77 114 122
78 19 103
79 129 225
80 131 272
83 62 182
83 133 173
84 14 123
84 76 191
84 95 246
86 21 61
87 148 18
88 15 15
88 148 93
88 37 107
88 132 151
89 19 211
89 36 2
90 14 223
91 14 266
94 122 175
94 3 285
96 155 140
99 107 98
99 0 245
100 143 275
100 124 154
102 32 275
102 0 261
103 144 117
104 15 293
105 25 177
105 99 255
108 40 229
108 98 227
110 22 97
111 5 171
111 123 99
112 82 245
112 88 212
116 15 295
116 16 178
118 118 4
118 60 218
120 73 100
124 87 38
125 124 249
128 53 117
128 90 272
128 105 112
128 153 240
128 121 231
129 81 135
130 9 46
131 128 243
131 46 259
134 85 95
134 141 254
135 79 218
140 10 199
140 50 242
141 88 248
144 140 225
145 48 230
146 57 215
146 145 161
147 61 132
148 30 46
149 113 289
150 89 203
151 116 82
151 17 292
154 36 8
154 81 276
157 85 55
157 68 245
157 153 173
159 50 222
159 90 244
159 26 85
-1
480
1 126 210
1 97 277
3 23 193
4 77 168
5 67 159
5 31 204
6 30 259
9 63 44
9 156 37
9 123 60
9 111 67
10 6 138
15 14 157
18 68 281
18 41 175
22 123 295
23 99 193
25 62 169
27 159 44
28 105 12
28 97 108
29 95 193
30 50 82
30 39 298
30 158 255
31 68 185
32 34 261
34 57 109
34 108 103
34 80 184
34 76 146
35 53 113
35 31 267
36 63 140
36 18 271
38 144 70
40 87 56
41 15 184
42 94 231
43 30 76
44 120 197
45 42 192
46 79 90
47 11 288
50 89 156
51 31 182
52 64 161
54 49 186
56 158 31
56 135 283
60 80 210
60 12 230
60 72 218
61 38 62
62 27 228
62 98 174
62 102 57
63 97 109
63 88 34
63 9 102
64 11 285
64 127 3
65 147 85
65 60 203
65 151 284
66 69 61
68 90 95
68 18 106
70 41 117
70 24 239
71 77 163
73 123 242
75 31 17
75 68 273
76 104 239
80 84 80
82 101 287
83 148 254
84 113 166
84 0 285
84 134 2
87 83 270
88 135 240
89 106 102
89 125 139
89 152 37
89 69 14
91 42 67
91 62 80
92 93 285
92 157 129
92 45 161
93 18 191
94 148 178
94 79 197
95 1 48
96 64 163
99 81 99
100 134 48
102 32 2
105 132 286
106 86 174
108 18 107
110 116 24
113 44 32
113 148 84
114 49 182
114 16 63
114 44 201
115 110 267
119 23 20
120 108 287
123 128 243
126 53 224
126 134 113
126 144 87
127 77 48
127 104 51
128 28 146
129 80 180
130 131 55
132 131 119
134 98 266
135 62 204
136 129 2
136 29 201
136 6 277
139 102 292
140 31 162
140 117 246
140 116 198
141 66 36
142 61 94
143 131 161
143 55 260
144 81 293
144 91 283
145 115 23
145 60 116
146 144 151
146 42 241
148 32 171
148 93 222
149 10 38
151 58 268
153 54 166
154 106 191
155 68 120
158 95 267
159 57 244
-1
480
0 55 16
0 32 80
1 145 66
3 133 26
4 153 15
6 153 195
7 151 258
8 103 200
8 110 48
9 45 117
10 130 50
10 65 164
10 59 91
11 141 284
11 133 124
11 135 17
12 20 166
17 148 200
19 116 284
19 6 215
21 83 177
22 33 261
22 114 125
23 19 192
23 99 57
23 41 55
26 141 150
28 110 44
28 64 62
28 153 291
29 112 215
29 22 152
30 100 154
31 87 20
31 32 217
31 139 188
31 120 134
32 37 57
33 53 293
33 3 280
33 56 79
34 54 52
34 118 146
38 45 29
39 149 7
41 86 157
44 74 199
45 30 110
46 77 184
48 114 271
48 149 35
49 25 192
51 71 197
53 43 142
53 127 187
53 76 0
54 110 220
56 125 270
56 86 192
58 2 86
60 61 86
63 10 270
64 125 134
65 28 274
67 85 37
68 9 209
69 104 175
71 34 133
72 131 151
73 118 230
74 159 108
74 6 218
75 6 150
76 16 65
77 83 248
77 5 158
79 81 298
81 10 60
81 68 19
82 128 103
84 100 178
84 89 146
84 11 3
85 46 284
85 94 168
86 63 100
86 28 249
87 12 222
88 54 135
89 79 256
91 83 79
93 63 104
94 7 32
94 62 102
95 102 247
95 109 233
95 61 11
95 46 49
96 29 218
96 94 68
98 81 17
98 6 263
100 3 60
101 44 5
103 70 2
103 155 212
104 79 47
107 52 70
107 145 145
109 0 143
109 60 20
110 141 70
112 147 264
114 77 5
114 79 237
114 139 37
115 144 81
116 1 134
117 81 82
120 0 24
121 19 101
125 62 240
127 140 142
127 41 56
128 57 290
130 118 44
130 16 193
132 3 234
133 118 127
134 28 137
137 97 93
139 128 36
141 87 59
141 140 237
142 100 202
142 78 178
142 30 141
143 140 123
146 6 132
146 137 200
147 20 167
148 113 26
148 126 143
148 29 49
150 150 185
152 95 54
152 73 165
156 42 263
157 95 22
159 65 205
-1
480
0 151 104
1 110 115
2 84 260
2 27 170
2 85 271
6 97 39
8 122 122
9 94 34
10 113 54
10 66 40
10 29 246
12 106 127
13 155 230
14 136 153
15 130 213
17 152 109
18 102 160
19 7 56
21 86 155
22 49 14
23 152 2
23 105 222
23 127 109
24 23 233
25 125 61
25 7 19
28 147 183
32 113 139
32 33 264
34 112 222
35 51 81
36 154 298
36 53 14
37 104 133
38 111 71
38 128 2
39 113 274
40 60 281
41 37 29
42 47 273
43 48 52
45 147 28
47 72 141
48 126 274
49 123 152
49 72 166
49 62 297
51 66 274
52 50 63
53 13 259
53 34 38
57 153 293
58 155 115
59 89 242
59 115 249
63 102 289
64 151 176
65 91 182
66 63 246
67 128 80
69 75 76
70 121 83
73 65 296
74 39 4
74 144 45
75 159 296
75 113 262
75 83 12
75 67 172
77 5 253
78 128 287
79 50 150
80 109 8
81 15 45
82 16 107
84 140 242
85 118 113
85 32 78
86 73 158
88 11 205
89 50 19
91 146 111
93 144 182
95 24 271
95 138 74
96 43 220
97 81 256
97 155 269
97 99 212
98 117 135
98 145 258
100 24 206
101 117 196
102 28 263
102 106 23
104 93 119
104 101 15
104 95 295
105 112 198
107 151 71
107 123 252
108 131 61
109 149 224
110 58 245
110 73 227
111 100 181
111 16 68
111 9 287
112 94 115
113 3 100
114 152 195
115 2 112
116 118 248
118 100 184
118 14 36
118 3 293
119 45 168
121 11 242
122 126 274
123 119 265
124 99 255
124 67 122
125 56 30
127 92 269
128 141 82
129 5 237
129 4 269
130 33 78
131 76 126
132 97 180
134 46 77
135 16 223
136 140 3
137 141 92
139 106 138
139 3 179
139 133 282
139 117 71
140 84 286
140 31 120
141 156 181
142 153 110
142 88 220
143 6 216
143 11 29
144 68 228
144 67 254
144 53 68
146 48 275
146 95 125
147 99 139
148 123 0
151 131 149
152 43 274
154 108 8
154 141 280
156 79 30
157 69 263
158 61 280
159 111 233
-1
480
0 65 243
4 118 91
4 24 184
4 107 52
6 106 252
6 48 193
6 94 55
7 76 223
7 147 210
8 133 230
10 15 242
12 51 52
14 89 252
16 118 109
17 22 137
20 77 152
20 24 157
22 84 78
23 49 21
24 121 121
26 5 113
26 141 102
27 136 39
27 117 87
28 149 116
28 10 99
29 9 220
30 12 208
30 153 85
31 118 115
31 81 198
31 154 25
32 41 287
32 115 81
33 125 76
33 129 269
33 53 267
34 40 4
34 96 264
35 29 141
37 36 272
38 20 51
39 139 203
39 23 191
40 13 168
40 7 140
40 120 169
43 76 269
43 103 137
44 74 28
45 103 262
46 138 20
46 134 101
47 135 157
47 15 41
50 127 58
51 27 141
51 36 252
52 48 148
52 85 212
52 46 65
52 87 74
54 76 168
54 132 196
55 24 213
56 142 222
56 5 3
57 93 46
57 99 168
61 19 206
61 155 142
62 24 76
63 111 61
64 117 65
64 56 261
65 150 261
67 34 270
71 12 287
71 39 270
72 39 136
73 130 63
74 48 105
76 97 261
78 29 57
78 110 129
78 147 257
78 53 274
79 95 35
79 71 260
80 43 39
82 138 119
82 35 186
83 108 293
83 105 205
84 110 8
87 95 278
88 144 213
90 152 0
90 28 286
90 140 144
91 43 178
92 5 4
93 40 19
94 96 241
94 79 52
97 25 231
100 103 18
101 69 242
101 114 98
102 7 260
104 77 190
104 153 216
108 0 121
108 5 63
109 82 208
110 2 166
110 97 140
113 140 31
113 45 44
113 83 116
113 14 217
114 109 185
116 15 140
117 128 251
117 73 266
118 89 114
120 145 70
124 140 292
127 0 88
127 47 118
128 78 44
130 122 99
132 84 246
133 26 27
134 140 163
137 89 148
140 97 87
140 87 53
141 155 275
141 15 93
142 143 121
142 53 93
144 120 176
144 34 15
146 154 191
148 97 165
149 29 242
150 149 3
150 67 216
151 121 152
151 88 56
151 153 127
152 123 244
154 23 116
154 66 159
154 111 140
155 121 40
156 150 226
157 59 53
158 19 226
-1
480
0 141 146
0 55 224
1 120 11
2 131 283
2 24 122
2 24 64
3 129 232
4 151 231
4 50 115
5 48 6
7 52 0
9 63 192
9 142 159
9 80 99
11 27 47
12 142 91
17 65 278
17 138 14
19 140 127
20 37 40
20 63 283
21 41 3
21 24 236
22 103 191
23 4 75
25 147 91
25 73 91
25 100 136
26 97 299
26 77 279
27 107 222
28 86 290
28 134 92
29 63 77
29 100 92
29 57 212
29 67 31
30 19 202
31 131 87
32 65 34
33 140 186
33 108 146
35 106 147
35 75 140
38 44 278
39 58 79
39 93 286
40 3 208
41 2 142
42 125 11
43 93 123
45 6 133
45 100 211
45 122 290
46 49 183
47 50 31
47 88 60
49 51 65
50 138 273
53 29 295
57 152 163
57 82 284
57 3 210
58 138 10
59 27 16
59 30 282
60 32 37
60 101 106
61 0 221
61 37 67
62 125 157
63 48 10
63 59 274
63 3 54
65 126 47
65 36 92
66 123 163
66 126 89
67 151 106
69 1 36
70 22 79
70 36 85
70 64 139
72 59 17
73 101 2
73 88 77
74 116 25
75 22 129
76 88 138
77 8 292
78 130 193
80 5 245
82 60 228
82 77 44
83 136 290
84 100 106
85 49 78
85 13 34
86 12 175
87 151 81
90 6 78
95 19 46
95 134 278
95 107 56
96 106 191
100 65 146
103 48 82
104 96 172
104 119 205
104 144 290
106 47 205
107 120 16
109 89 1
112 56 147
112 94 298
113 33 90
114 15 130
118 108 282
118 26 77
120 133 4
121 39 72
121 100 254
122 58 261
122 71 77
122 94 128
123 152 257
123 103 137
125 1 242
125 1 228
125 8 244
125 87 60
125 22 142
126 134 232
126 88 17
129 133 191
131 69 133
133 82 67
133 74 189
135 44 238
136 154 247
136 115 278
137 5 161
137 40 249
138 116 287
139 112 188
140 127 29
141 2 270
141 156 144
142 106 147
143 80 284
143 98 193
144 134 66
144 128 181
145 42 184
146 116 222
146 85 183
147 105 74
148 141 77
149 58 180
149 23 130
150 51 203
150 82 232
150 23 293
151 16 41
151 21 145
152 49 275
153 53 39
154 141 257
154 19 52
159 41 144
-1
480
0 105 0
0 118 211
1 73 146
1 139 88
1 135 260
1 12 201
3 84 120
4 83 236
5 22 1
6 48 70
6 4 126
8 107 65
9 101 299
9 53 210
9 109 44
13 114 289
13 48 23
13 145 193
14 14 223
14 18 118
15 61 180
15 139 164
16 60 85
16 75 150
22 12 28
23 156 81
23 71 121
23 119 197
24 27 144
24 117 165
25 35 285
25 36 201
26 12 183
28 79 134
28 111 288
28 25 26
29 80 278
29 73 270
30 67 209
31 94 146
32 136 218
33 88 189
33 98 141
35 158 124
35 71 67
35 69 242
38 79 252
38 60 213
39 48 90
41 17 38
44 92 212
46 121 81
47 68 148
48 40 51
48 99 34
48 59 95
49 104 39
50 129 99
51 64 49
52 37 220
52 24 202
54 48 49
54 118 148
54 58 100
54 96 64
55 144 11
55 123 202
57 112 93
57 67 188
58 15 262
59 34 207
61 16 82
62 118 215
63 84 147
63 76 50
64 65 184
64 77 58
64 106 266
66 141 295
67 25 239
68 15 60
68 42 223
68 81 34
71 12 21
72 109 11
72 130 108
74 91 184
75 14 198
83 125 12
83 110 65
85 74 58
85 102 245
87 107 257
87 81 9
89 98 140
91 151 240
91 125 60
92 12 252
93 105 48
95 142 280
95 121 198
95 65 129
95 43 22
96 136 73
96 14 8
97 6 17
98 7 21
98 24 238
98 75 45
100 89 209
100 70 42
101 23 10
101 4 184
101 114 21
103 105 176
103 122 259
104 95 252
104 18 250
105 98 32
106 20 51
107 146 130
108 22 215
109 31 233
109 107 22
109 40 64
111 134 195
113 145 111
115 120 98
115 10 218
115 6 282
116 47 153
117 144 48
119 58 248
119 6 142
121 147 134
123 20 101
124 137 11
124 44 4
124 89 238
124 138 157
125 41 133
127 110 235
128 7 277
131 35 156
133 62 176
133 123 83
134 70 19
134 18 266
134 130 225
135 83 94
139 154 234
139 122 210
140 110 72
140 126 240
140 30 91
144 114 191
144 59 15
145 91 155
147 150 113
148 4 286
150 30 247
153 79 40
154 138 4
155 84 164
156 20 225
157 61 205
158 46 239
159 54 202
159 109 92
159 44 245
-1
480
0 37 25
1 92 10
1 9 135
2 142 174
3 111 247
3 130 233
3 102 77
3 106 33
4 65 20
6 7 119
6 108 111
6 83 263
8 20 17
8 15 20
8 116 119
10 73 18
11 55 247
12 69 180
12 46 113
14 80 224
15 132 12
15 100 16
17 77 127
20 66 176
20 65 110
20 156 21
21 90 110
21 119 145
23 112 21
24 103 2
25 156 152
25 118 267
27 107 220
29 91 165
29 20 265
30 65 144
31 148 17
33 145 280
34 81 110
34 31 112
35 54 113
35 144 164
36 51 269
36 55 234
37 153 253
37 153 163
37 153 262
38 146 155
40 141 63
41 104 45
41 115 269
41 101 136
42 96 107
42 48 281
43 52 146
43 73 23
45 44 206
46 97 247
46 3 165
47 145 12
48 15 195
48 127 49
48 101 90
49 142 142
50 152 63
51 83 212
53 67 68
54 51 249
54 119 60
55 25 205
56 154 291
56 78 208
57 65 169
57 126 232
57 136 88
58 29 135
58 31 292
58 16 297
59 126 72
59 130 25
60 93 220
60 29 246
61 144 60
62 122 5
62 144 131
63 135 54
63 126 133
64 117 14
65 50 86
65 94 267
67 12 290
69 63 175
70 152 281
70 80 125
71 125 37
72 7 232
72 154 89
73 158 122
73 132 258
74 83 107
74 23 271
74 156 22
74 122 94
74 8 36
75 26 117
75 109 182
75 92 145
76 35 277
76 3 80
78 13 82
79 88 238
80 37 49
84 106 26
85 12 34
86 87 41
87 44 16
88 67 201
89 32 114
92 113 289
93 42 216
94 131 153
96 148 173
96 73 164
96 68 100
99 57 17
100 97 238
104 97 166
104 87 209
106 105 167
110 3 90
110 41 61
111 34 260
111 54 230
112 67 171
112 140 45
112 76 235
112 45 18
113 79 96
114 7 265
116 136 168
116 64 296
116 35 140
127 147 121
128 3 40
129 69 70
129 35 258
130 64 46
131 28 260
131 125 247
133 26 138
134 43 200
135 44 164
135 136 130
137 106 275
137 53 86
137 2 216
137 157 116
138 92 259
139 110 239
139 1 173
140 94 169
140 35 135
141 152 84
142 69 288
142 60 188
143 39 231
144 84 75
144 116 263
145 46 210
150 17 159
150 110 110
152 150 59
152 75 227
152 139 28
154 48 240
154 147 89
155 19 17
156 157 23
158 1 105
159 48 109
-1
480
1 101 58
2 36 110
2 8 191
2 122 267
3 32 129
3 75 258
6 21 70
6 11 62
8 1 9
9 89 194
9 9 160
13 152 56
13 141 207
14 137 153
16 92 139
16 1 291
17 68 143
18 61 155
18 93 45
19 9 282
19 1 223
19 104 103
20 64 40
20 54 138
21 129 37
22 110 138
22 31 46
22 121 281
22 5 120
23 141 4
23 124 54
23 17 167
24 69 158
24 153 284
24 156 202
25 133 23
25 154 10
27 111 141
28 101 243
28 25 2
29 110 18
29 49 109
29 120 130
31 46 263
31 66 289
31 71 277
33 51 181
33 60 255
34 149 248
35 157 188
35 33 212
36 106 270
37 85 280
38 88 41
38 144 24
39 140 46
40 0 132
43 101 55
45 23 186
48 99 266
48 99 158
50 72 30
51 63 177
51 153 34
51 34 184
52 70 138
52 153 275
53 24 52
53 140 79
54 152 280
54 30 134
55 101 198
57 1 65
58 51 81
59 112 124
59 33 294
60 133 227
60 85 13
65 111 134
66 70 202
67 77 41
68 39 99
69 48 73
71 35 229
73 65 8
75 49 109
75 112 163
76 2 0
78 94 55
79 99 293
79 96 256
79 6 55
79 127 211
80 133 212
80 78 54
80 103 45
81 20 82
82 137 140
83 63 51
83 117 218
84 26 51
85 85 293
86 107 81
86 79 271
87 40 184
88 51 2
88 21 261
88 122 7
88 37 110
88 24 283
89 73 100
89 132 150
90 125 51
90 20 252
90 37 225
91 83 279
91 103 127
92 32 124
93 49 207
93 149 100
95 99 204
96 122 74
97 15 225
97 24 213
98 147 255
98 79 186
99 93 195
99 48 204
100 11 294
101 59 110
101 85 98
104 136 103
106 107 203
109 17 45
109 132 287
110 155 124
110 5 234
111 100 216
111 129 53
112 97 230
113 141 241
115 150 190
115 143 125
115 126 287
116 96 100
118 3 52
120 76 174
124 14 147
124 49 46
127 141 141
129 25 78
129 151 238
131 70 283
131 120 171
133 147 25
136 128 202
136 98 21
136 3 144
136 74 40
136 6 182
136 144 251
137 118 203
140 23 222
140 34 22
142 127 77
142 33 93
143 21 292
143 84 59
144 133 111
144 136 249
144 32 73
146 102 62
149 117 184
151 81 249
152 133 226
153 144 20
156 15 280
156 131 192
157 147 51
158 47 17
-1
480
0 71 155
1 38 98
2 70 156
2 97 226
3 28 102
5 11 202
6 139 101
8 130 249
9 116 284
11 128 163
12 142 129
12 101 294
14 116 41
15 42 20
15 138 65
15 42 58
17 146 147
17 158 202
18 22 111
19 125 267
20 116 243
20 124 208
20 140 240
20 76 164
20 104 167
22 144 18
22 143 286
22 50 65
23 5 284
23 78 258
23 42 29
23 35 124
23 34 261
26 108 146
26 69 117
27 2 271
28 25 8
28 57 290
28 149 289
30 148 76
30 129 121
31 147 286
31 34 130
32 118 209
32 45 217
32 119 155
32 65 159
32 4 234
35 61 111
35 148 20
36 56 100
37 63 60
38 104 299
39 59 39
40 93 63
41 80 108
41 125 135
41 50 52
42 43 8
42 97 7
43 2 269
43 10 120
43 110 186
43 89 56
44 116 212
44 47 74
45 21 69
46 95 5
46 88 210
47 158 27
47 135 15
47 133 42
50 33 270
51 100 83
51 81 139
52 42 202
54 156 188
55 156 220
55 8 17
57 145 67
57 103 207
59 52 216
59 4 287
60 41 3
61 158 123
61 100 230
63 94 185
64 21 138
66 145 235
67 43 204
67 72 110
68 22 241
69 109 121
71 1 167
72 141 182
72 31 53
75 127 233
76 75 156
77 36 188
79 107 149
82 106 144
83 129 82
83 9 221
84 64 63
85 69 33
86 31 149
87 13 267
87 146 248
88 75 23
88 111 197
89 90 233
89 69 160
90 65 119
91 110 287
92 2 254
92 117 164
93 17 294
94 21 34
96 71 132
96 108 251
98 77 32
98 60 223
100 146 159
101 3 235
102 48 199
102 77 255
103 36 211
103 144 37
105 14 77
111 158 227
113 86 113
114 45 218
114 153 148
114 93 145
114 116 234
115 142 145
116 4 157
117 108 52
118 11 96
120 105 167
121 34 293
121 140 136
122 59 58
122 75 273
123 69 48
123 74 126
123 31 168
125 153 200
125 22 211
126 100 211
126 53 297
126 49 24
127 28 151
128 13 115
129 116 162
132 123 106
132 0 84
132 60 227
133 10 90
133 98 21
134 78 194
135 46 115
135 67 271
136 65 226
136 120 237
138 108 74
138 82 106
138 145 12
138 121 75
141 115 273
141 96 103
142 112 244
144 119 118
144 79 209
145 133 250
147 109 266
150 41 42
150 90 290
151 72 35
152 34 2
152 120 230
153 40 280
153 13 298
153 80 168
154 143 277
155 14 265
155 145 252
158 49 179
159 115 228
159 27 125
-1
480
0 21 261
1 143 226
1 67 147
4 123 107
5 91 200
6 39 53
6 133 259
6 92 251
7 12 90
10 16 204
10 2 158
11 1 246
14 107 110
15 10 26
16 11 202
17 132 2
19 72 38
20 93 244
21 10 36
22 46 94
23 54 105
24 111 299
24 59 69
24 12 267
25 84 115
26 146 66
27 119 0
27 145 227
27 112 80
29 102 2
29 31 214
30 87 87
31 47 151
31 143 258
32 71 172
33 62 146
33 29 23
34 50 31
34 135 129
34 39 82
34 136 191
38 146 205
39 18 229
39 138 274
41 12 72
42 116 131
43 44 146
44 141 287
44 150 147
46 60 154
46 89 189
48 140 213
48 96 88
50 8 214
53 76 74
54 158 228
56 107 204
56 122 36
56 71 239
56 51 214
57 122 141
59 114 280
59 47 145
62 143 73
62 135 265
63 1 145
63 156 218
63 109 185
64 102 18
66 102 247
66 78 120
66 81 31
67 12 261
67 53 181
68 10 149
70 42 54
70 121 1
70 147 122
71 114 87
71 78 24
73 112 280
73 2 191
75 82 125
75 159 264
76 40 26
77 125 196
81 106 98
82 41 43
84 47 286
84 45 154
84 157 17
85 64 87
86 108 229
86 104 180
89 89 105
90 141 5
90 45 1
91 131 212
91 108 220
91 99 135
93 81 180
94 28 12
94 27 212
94 90 276
95 91 279
95 102 28
96 117 89
96 124 148
98 149 122
101 54 274
103 91 168
105 19 244
106 69 55
106 85 61
107 33 204
107 100 226
110 154 88
111 86 130
112 10 299
112 129 277
113 144 27
114 142 166
114 9 266
115 126 111
115 131 122
115 129 280
115 148 292
117 71 95
117 105 155
119 20 193
120 6 193
120 130 137
120 154 238
120 114 49
121 75 84
121 154 212
121 86 173
123 12 60
124 97 88
126 61 188
127 106 33
127 57 59
127 82 23
128 102 109
128 89 35
130 79 239
131 30 110
131 126 41
133 100 230
133 146 208
136 124 170
136 88 223
136 116 289
137 159 207
137 72 73
137 117 150
138 26 156
138 73 210
139 109 50
139 48 54
140 11 154
140 96 267
140 1 100
140 130 129
141 17 182
141 113 102
141 47 238
141 157 289
142 66 70
143 150 72
145 70 74
145 123 251
145 10 231
146 147 240
146 158 144
147 24 127
149 85 40
150 97 230
150 70 16
152 151 228
152 27 112
154 121 43
155 58 298
155 149 95
156 3 118
156 68 194
156 1 223
157 104 204
158 149 133
159 132 184
-1
-2
