510
-1
510
-1
510
35 46 71
38 36 69
43 146 79
52 35 298
54 49 268
80 38 136
94 48 105
104 24 191
105 150 103
155 20 128
-1
510
9 78 0
21 89 128
25 131 96
26 89 293
37 140 60
50 67 4
65 118 156
67 97 144
118 161 36
133 160 111
-1
510
6 13 127
10 111 113
22 45 36
39 3 268
59 42 127
68 27 5
69 13 46
69 50 188
85 19 199
96 151 74
107 123 284
121 92 135
123 61 126
125 122 30
136 6 248
137 111 167
142 22 88
152 21 242
162 155 40
166 164 260
-1
510
4 0 137
9 29 3
12 111 111
14 37 203
19 42 213
29 82 296
50 99 86
66 3 2
75 91 57
75 69 76
103 70 190
119 18 249
132 11 46
136 106 245
137 104 149
161 75 122
162 90 156
164 74 112
167 123 173
169 131 73
-1
510
2 92 110
14 28 97
15 100 271
16 13 43
38 133 102
38 20 223
43 117 1
47 60 5
47 75 292
55 80 48
63 67 63
64 97 196
66 88 85
67 12 191
69 32 163
70 88 283
73 35 26
74 111 119
82 20 169
83 75 233
88 62 103
90 160 55
96 110 93
104 149 127
105 122 24
129 58 87
131 158 30
141 24 89
141 91 205
165 157 35
-1
510
0 117 76
11 136 74
13 79 117
25 27 27
31 106 190
47 24 128
51 124 60
78 115 283
93 73 167
97 115 215
98 165 150
102 24 119
104 146 271
108 11 153
113 140 144
115 101 171
120 119 122
123 48 119
125 78 275
125 90 116
126 140 168
127 29 150
130 21 188
145 149 105
147 62 289
152 3 195
152 19 196
158 111 22
160 34 186
164 84 237
-1
510
12 130 14
16 159 17
17 141 83
20 54 6
22 145 242
31 136 133
31 3 126
37 130 157
40 143 171
41 35 15
43 98 21
43 126 146
44 158 54
50 109 26
51 117 47
71 49 100
78 134 14
83 9 190
87 19 125
92 31 223
92 45 291
94 169 126
95 119 122
100 104 89
101 107 52
112 13 109
115 62 298
118 84 44
120 30 87
125 131 156
126 31 41
129 87 116
137 90 212
139 55 268
141 82 145
144 120 237
158 42 170
161 4 183
167 108 264
169 37 76
-1
510
0 53 72
1 71 175
3 72 223
12 6 236
15 99 237
15 84 254
17 134 88
20 40 106
24 7 197
27 140 258
31 14 124
32 166 219
36 114 170
37 82 147
43 109 277
44 109 171
71 97 73
75 104 56
75 17 42
87 52 153
94 9 260
96 81 92
96 105 220
97 56 94
102 33 10
112 57 263
112 69 140
115 3 21
119 33 244
119 100 146
120 16 247
122 136 186
125 41 112
130 168 26
132 114 259
138 49 177
163 75 122
163 66 284
168 70 246
169 65 288
-1
510
5 20 79
7 136 81
11 35 181
13 110 194
17 81 59
20 139 279
23 132 78
24 22 87
24 128 194
25 35 104
25 116 172
30 118 89
30 101 152
36 103 162
37 112 32
37 95 242
38 116 226
43 59 295
46 56 137
55 112 147
57 153 287
57 33 109
59 103 10
61 112 20
66 125 175
79 115 230
87 0 198
89 101 130
98 165 254
102 125 227
105 65 69
113 96 272
115 150 45
115 153 111
115 142 219
119 69 262
128 53 130
132 139 295
136 123 169
141 19 136
144 73 170
145 143 210
145 166 232
147 68 192
150 102 270
153 75 209
155 148 203
159 52 20
167 71 124
167 3 271
-1
510
2 86 248
2 157 24
8 59 185
8 150 6
9 10 279
12 58 169
20 149 156
20 104 68
22 90 147
28 5 69
28 156 247
31 87 262
32 72 55
37 65 30
39 144 252
52 123 188
57 10 136
61 17 23
64 45 109
67 91 97
75 90 109
75 10 189
79 85 25
80 151 75
83 16 79
92 117 163
100 140 272
101 104 268
101 150 21
107 11 25
109 97 196
112 36 78
112 116 26
116 143 59
119 55 244
126 73 189
132 151 150
141 20 240
143 169 196
145 22 70
149 108 229
154 121 7
155 148 18
156 7 4
159 161 25
160 29 216
163 110 134
164 74 85
166 121 16
167 60 159
-1
510
3 17 291
3 42 122
5 59 51
8 86 207
12 63 158
20 110 154
26 96 222
28 63 39
33 84 165
34 91 137
38 152 191
40 153 56
46 133 221
48 161 218
56 35 77
57 135 207
57 4 202
69 10 61
71 4 185
77 133 150
79 9 64
79 18 117
80 153 86
81 102 54
85 83 227
88 86 82
89 16 105
89 151 193
92 32 32
93 137 2
98 19 101
104 0 142
107 151 298
107 12 100
112 163 56
113 164 298
116 112 284
121 70 145
123 62 169
131 29 45
132 59 265
133 24 297
134 104 40
135 62 111
135 14 96
139 28 185
140 12 169
143 154 119
145 104 74
145 4 200
146 13 95
148 89 15
157 93 101
160 22 97
162 98 253
164 161 222
166 128 229
167 115 123
167 31 150
168 7 117
-1
510
6 84 88
11 26 293
12 56 28
15 116 100
16 53 41
19 93 176
20 127 113
20 43 0
20 54 119
21 163 46
22 115 122
29 28 42
33 164 276
34 8 54
35 68 247
53 40 53
56 149 157
58 20 128
59 48 63
61 10 196
63 123 222
63 126 35
64 18 290
68 97 155
76 161 129
77 11 192
84 81 153
90 56 75
91 77 192
93 51 287
99 43 85
100 145 100
108 82 225
113 62 9
118 33 17
119 4 102
119 132 30
125 46 11
130 118 257
132 36 5
133 38 281
136 155 99
137 58 37
138 159 205
140 114 167
143 5 15
144 108 9
145 62 40
146 60 155
146 18 246
148 31 137
154 142 146
155 100 84
155 130 216
159 10 233
162 1 202
163 46 150
166 93 197
167 121 41
168 14 166
-1
510
4 105 40
7 116 265
9 106 74
10 47 147
12 143 1
12 103 263
13 57 126
14 112 8
16 119 192
18 18 59
22 103 41
22 16 89
24 12 210
27 30 216
28 77 73
29 38 233
29 93 144
29 80 294
32 102 81
34 112 3
37 39 188
37 147 167
39 76 2
45 165 124
53 18 63
55 59 6
56 135 21
60 141 192
64 137 199
65 28 6
66 127 221
68 124 217
71 69 36
73 150 102
74 62 283
75 9 71
79 134 53
84 10 131
84 117 62
86 91 81
90 30 199
92 116 233
93 19 228
93 30 281
93 22 273
95 79 163
99 73 25
101 145 197
101 110 236
102 4 84
109 60 36
112 99 59
113 155 51
113 35 287
121 165 94
127 122 19
128 54 168
133 58 95
134 148 247
136 36 18
139 8 59
141 8 158
142 13 36
149 78 272
155 69 288
156 15 278
156 138 208
166 26 192
166 136 224
169 22 204
-1
510
3 167 88
4 163 175
5 118 269
6 90 227
10 32 166
15 84 147
16 17 2
17 82 0
21 102 254
22 130 52
23 39 11
27 124 208
29 105 271
33 40 163
34 49 278
36 23 87
36 39 250
42 95 27
43 14 124
43 91 226
44 134 45
47 69 233
50 96 12
51 28 199
54 13 161
56 31 173
57 22 266
62 79 122
62 18 79
63 161 244
64 96 160
64 121 287
68 169 155
68 9 177
72 120 165
75 18 267
75 64 104
80 131 87
83 20 295
86 32 254
86 108 126
89 46 215
92 89 126
93 54 192
93 153 28
96 133 58
104 157 207
112 12 89
114 159 193
115 150 104
116 33 16
117 50 188
118 109 280
119 136 72
125 20 122
130 93 173
134 149 208
135 38 186
141 140 4
142 11 264
144 98 193
146 68 131
146 133 31
149 52 268
152 43 68
156 58 29
156 118 286
157 111 299
161 82 134
169 92 48
-1
510
1 123 215
5 62 166
8 90 279
10 107 156
16 102 286
16 145 65
17 136 24
18 57 98
19 155 263
26 21 195
29 11 156
33 163 37
34 18 249
35 1 223
36 167 204
37 69 174
37 89 56
38 79 135
38 140 289
38 23 245
38 64 216
39 62 40
41 147 15
43 54 93
46 5 215
46 165 255
51 95 63
52 156 53
58 4 199
58 36 286
61 25 1
64 74 275
65 99 181
66 115 216
70 101 11
72 47 86
72 97 40
87 43 266
89 27 145
90 57 121
93 116 289
95 22 165
95 106 159
97 136 253
98 147 30
99 47 31
110 130 139
113 123 79
116 96 62
117 139 37
118 10 281
118 94 146
123 169 62
124 53 289
126 62 170
127 139 17
129 97 118
129 35 118
129 70 202
129 142 194
131 81 121
136 72 216
138 158 193
139 160 200
140 120 242
142 163 184
144 99 293
145 80 269
149 153 111
149 31 110
152 157 131
154 65 241
160 49 120
161 63 40
161 43 92
162 128 174
162 159 90
165 65 216
165 107 251
166 163 201
-1
510
0 48 299
2 164 290
3 46 103
3 61 48
4 121 94
6 24 159
8 51 10
15 130 16
16 30 136
17 119 136
18 39 172
21 90 5
21 19 233
21 66 263
23 74 158
28 71 58
32 164 251
32 0 75
32 50 221
33 114 198
35 26 298
35 60 51
40 165 225
41 85 257
41 122 275
41 91 82
42 105 143
42 93 131
43 108 268
44 86 178
45 19 260
46 141 144
47 132 137
47 161 257
50 139 85
50 59 228
51 158 74
54 102 27
54 86 107
54 23 119
54 86 70
56 10 152
62 21 18
64 79 89
65 11 129
66 147 28
70 93 75
70 112 3
73 47 82
79 147 27
80 70 101
83 56 244
86 78 215
87 63 56
88 59 230
98 52 54
99 155 136
99 21 1
99 111 239
113 130 165
113 98 200
113 17 10
115 116 110
117 0 256
117 53 41
129 112 18
135 57 174
142 152 263
145 115 1
146 52 147
146 26 24
152 101 234
155 93 29
156 112 163
156 158 210
159 68 273
164 165 246
164 18 135
167 9 203
168 10 184
-1
510
0 158 171
0 6 235
1 169 53
1 51 159
1 55 9
2 13 203
2 130 158
8 78 29
12 1 270
13 123 175
13 114 106
13 141 172
14 75 159
16 90 269
16 69 137
22 25 80
22 99 61
24 2 275
25 97 100
25 53 161
27 135 68
27 7 256
31 104 11
35 64 245
37 117 135
37 135 184
42 146 133
42 85 255
54 135 171
58 86 30
64 35 42
65 81 283
71 144 18
73 24 49
75 135 254
77 136 46
83 128 137
83 38 210
84 108 21
86 40 2
86 159 17
86 88 65
90 1 150
90 60 285
91 168 102
91 117 84
92 19 84
92 138 62
95 47 179
104 6 197
104 120 135
105 58 79
109 10 272
110 109 173
114 60 197
114 53 68
115 74 190
115 56 169
115 148 162
115 107 103
115 139 149
116 109 20
116 126 194
123 95 144
125 8 160
125 72 126
126 57 237
130 65 160
130 77 119
132 46 131
134 83 161
135 73 236
136 44 259
143 2 104
148 146 167
149 89 228
149 22 224
150 159 90
150 139 274
151 25 36
154 87 21
154 117 86
155 33 63
160 14 92
161 85 38
163 2 190
164 22 5
164 105 66
166 110 225
168 96 0
-1
510
2 43 179
4 108 62
8 124 82
9 128 220
9 49 132
10 52 158
13 76 176
16 24 238
17 127 161
17 160 210
20 35 115
21 143 106
27 95 151
32 144 2
34 18 47
34 162 244
38 146 226
45 77 193
47 58 290
51 150 290
52 19 125
55 57 280
55 44 2
57 96 179
58 0 185
58 155 247
59 86 72
62 100 53
63 79 143
65 71 295
67 66 16
72 48 157
75 2 117
75 160 66
80 51 72
87 67 226
89 129 262
89 142 221
91 82 289
93 68 22
94 87 97
95 54 157
95 39 179
97 151 213
98 141 164
98 0 281
98 20 102
98 101 61
99 137 241
100 56 170
101 75 165
103 169 142
106 152 179
107 54 40
110 42 118
110 101 36
114 68 256
115 66 273
120 140 32
121 124 150
126 152 144
128 120 98
129 169 67
129 159 47
129 133 171
133 57 173
134 81 219
135 81 186
135 15 255
135 148 154
136 101 138
138 139 163
138 167 108
139 111 147
139 26 107
141 9 10
142 82 14
143 100 219
145 121 67
146 46 35
148 27 278
150 49 103
152 62 255
152 133 168
154 67 92
158 79 9
159 166 140
160 27 87
162 66 33
164 56 79
-1
510
0 55 273
3 70 63
7 114 40
7 93 118
7 6 171
8 21 287
9 145 0
10 71 197
11 49 105
12 81 12
13 159 36
14 7 181
15 78 222
15 81 287
16 169 6
16 103 166
17 92 168
17 22 266
29 139 292
31 34 126
32 7 179
33 91 64
35 18 79
35 26 198
38 49 131
39 110 211
40 134 23
42 50 153
47 9 33
48 112 270
52 24 90
52 36 251
55 130 281
55 75 246
59 23 134
60 143 268
60 54 61
60 122 161
61 82 152
65 120 111
65 48 219
66 29 197
66 80 257
67 95 135
68 4 204
68 74 100
68 32 267
72 56 157
75 107 228
79 66 133
79 78 295
83 72 45
83 60 81
85 103 114
88 83 100
91 7 244
93 130 97
95 104 286
96 121 170
97 97 85
101 168 48
103 18 280
105 43 119
107 56 291
108 59 26
112 121 141
113 10 46
116 165 201
119 111 202
122 38 88
128 102 112
132 153 228
132 34 202
132 78 74
133 41 244
135 130 124
138 127 175
138 149 164
139 13 44
140 9 279
140 153 263
141 16 244
147 10 31
147 84 139
148 58 154
148 37 116
148 139 122
150 153 167
154 2 212
155 28 44
156 161 123
158 24 109
159 120 162
160 147 186
161 1 216
162 32 165
162 37 216
167 67 193
167 150 264
169 98 130
-1
510
0 27 22
1 19 94
1 36 103
3 88 221
4 77 12
5 108 259
8 7 190
9 108 224
12 91 177
14 84 192
14 29 173
15 39 223
18 155 195
21 168 9
25 136 175
25 140 211
33 126 95
33 134 268
33 124 90
34 68 217
36 56 180
37 115 237
41 130 185
41 97 220
41 62 228
42 36 149
42 66 98
45 132 217
46 44 93
47 43 17
51 41 4
52 57 63
54 113 131
55 20 280
58 165 109
59 133 132
62 156 242
62 168 192
63 121 45
63 23 131
64 116 15
65 55 207
68 124 212
68 135 175
70 34 289
73 6 264
75 84 176
76 78 196
76 24 8
76 21 2
81 16 221
82 127 215
83 84 41
85 162 128
87 159 103
89 32 192
91 150 171
91 15 116
97 10 296
100 81 46
100 154 175
102 129 22
106 39 35
109 146 264
111 81 10
113 78 207
113 29 175
114 98 203
114 49 82
118 113 271
118 89 280
119 72 27
120 23 149
121 80 71
122 3 251
129 6 81
131 153 3
131 43 7
132 145 54
132 138 197
135 75 52
143 161 171
145 4 218
149 34 96
150 137 170
154 121 218
154 132 254
155 144 228
159 132 243
160 86 191
161 99 286
162 108 71
165 8 26
165 6 27
166 120 116
167 125 167
168 139 280
169 84 217
169 167 202
169 56 241
-1
510
1 120 168
3 84 273
4 160 149
4 99 280
5 41 258
6 57 111
7 146 106
8 74 166
8 118 115
9 112 97
10 28 263
12 157 46
14 137 240
16 131 36
16 156 38
17 137 95
18 112 110
19 160 124
19 11 202
20 94 259
20 36 50
22 61 132
22 164 159
26 2 50
27 109 6
27 22 25
30 34 258
36 83 37
36 8 186
37 40 237
38 90 298
38 93 66
40 133 218
43 126 71
46 154 49
47 43 286
52 156 81
52 142 185
53 117 153
53 39 86
53 23 110
53 148 19
55 10 145
58 62 294
58 12 185
59 64 247
60 27 65
60 121 87
62 103 31
63 73 289
65 80 283
66 19 126
67 29 251
72 90 244
73 97 259
76 167 174
76 44 109
83 68 124
83 96 142
83 72 204
85 5 12
86 136 17
86 31 25
88 28 25
91 143 0
94 167 2
95 26 79
96 113 265
97 117 38
99 136 280
104 32 234
107 148 39
109 143 6
110 88 240
110 104 253
110 52 161
111 4 53
111 119 159
112 145 183
113 75 10
114 142 296
116 8 113
116 106 226
118 134 25
122 73 144
125 154 29
126 82 291
127 101 198
130 46 260
136 61 101
136 66 175
139 115 40
139 130 240
140 144 261
140 77 136
141 51 203
144 158 8
149 149 73
149 129 299
151 96 261
152 122 31
155 93 100
158 0 35
159 124 85
160 72 24
162 134 81
163 152 193
164 47 161
165 165 57
169 155 122
-1
510
0 49 36
1 132 42
6 61 210
7 129 240
10 93 229
11 108 73
14 15 11
16 74 33
18 167 107
26 128 252
27 134 157
27 10 186
33 31 246
33 63 185
36 10 21
36 78 227
37 167 39
42 68 99
43 41 262
45 153 223
45 88 184
48 148 145
51 147 21
53 5 54
54 164 125
56 102 184
59 145 111
60 5 41
62 153 178
63 99 223
65 91 222
68 123 191
69 2 151
69 111 114
73 95 103
78 161 242
80 87 199
81 58 76
82 31 167
83 161 101
84 6 124
84 61 212
85 96 19
87 25 237
88 48 42
91 89 64
92 93 20
93 63 36
94 68 213
95 64 60
96 154 40
98 140 88
103 58 169
104 158 108
106 100 7
107 44 183
107 125 33
108 75 285
109 52 33
109 87 87
109 85 142
112 164 250
116 76 84
116 154 271
118 65 152
118 158 138
119 64 9
121 41 33
125 115 235
125 161 83
126 110 64
128 24 174
128 99 102
129 72 232
131 35 79
131 146 172
134 37 142
134 50 94
135 130 290
135 86 265
136 153 288
137 92 78
137 72 103
139 147 115
139 142 259
140 99 12
140 116 190
140 112 220
142 163 279
142 140 187
143 137 253
144 52 48
144 5 133
145 154 197
145 59 5
145 13 79
147 137 199
147 35 143
148 11 233
148 10 1
148 45 18
150 75 136
150 62 204
151 20 161
153 37 98
154 4 116
156 82 258
160 40 5
162 77 15
165 84 49
-1
510
0 29 190
7 84 127
7 124 176
8 167 54
8 92 110
11 52 106
11 152 262
12 166 16
16 65 111
17 132 167
18 80 62
21 108 25
23 81 140
26 2 176
27 82 120
28 136 39
29 84 109
30 86 246
31 139 222
34 67 223
36 34 241
36 148 222
37 1 102
37 86 49
41 149 20
43 116 275
43 65 100
45 25 185
46 43 123
49 91 217
53 78 100
53 48 97
54 23 175
60 23 64
67 41 22
73 93 286
74 69 189
74 78 131
77 44 264
77 7 214
77 128 35
77 38 195
78 121 192
78 23 226
80 155 260
82 143 166
83 23 233
84 9 280
84 56 89
84 157 150
85 132 37
88 77 269
90 151 39
90 70 36
91 118 110
91 75 130
91 48 86
92 47 163
92 80 194
94 164 279
96 91 295
96 141 291
96 80 298
101 93 174
103 138 30
104 111 99
105 54 207
105 154 58
106 27 41
108 77 227
109 128 148
110 152 134
111 52 219
111 139 275
114 37 58
115 110 220
115 57 129
116 69 191
118 1 292
119 99 197
120 121 87
121 43 173
123 0 291
125 11 180
126 36 298
129 24 241
130 150 210
131 49 39
131 145 71
133 27 203
134 105 148
135 130 130
136 71 240
137 10 244
138 127 286
138 40 69
139 64 20
139 145 274
144 141 27
145 144 131
147 130 230
149 84 178
150 148 23
151 106 249
152 17 189
153 155 159
157 128 7
157 145 241
158 138 226
158 140 152
158 27 14
159 150 72
162 46 28
162 53 58
163 66 89
166 11 160
166 76 236
167 37 94
168 36 262
169 132 193
-1
510
1 93 180
6 126 280
6 91 88
9 39 224
9 97 120
11 62 83
15 6 288
15 58 0
17 125 120
17 56 34
18 158 215
19 62 238
21 13 21
24 123 220
25 87 130
28 74 87
31 18 47
37 65 89
40 84 3
40 31 77
43 168 77
44 44 181
44 163 22
46 22 294
46 40 49
46 144 144
46 118 74
50 77 38
50 133 187
51 135 247
51 168 143
51 62 103
52 53 112
52 72 64
54 114 16
56 130 121
56 110 213
59 56 142
61 23 44
62 64 235
63 64 278
63 43 77
66 104 288
66 91 110
68 154 124
68 28 90
69 79 84
69 101 62
70 97 72
70 115 23
70 166 20
70 133 184
72 46 239
73 149 18
74 109 75
75 159 53
76 159 32
78 7 133
79 134 21
81 144 30
83 44 5
84 130 202
84 75 233
86 107 282
87 104 157
87 158 266
94 61 1
96 61 143
97 84 259
97 118 1
99 136 281
103 97 159
103 36 18
104 19 120
105 77 255
107 2 62
111 71 233
114 61 239
115 103 210
115 28 176
115 83 125
116 60 156
118 38 163
119 26 103
123 43 142
123 37 165
128 72 112
128 148 65
128 93 153
129 77 117
133 110 230
134 156 137
138 36 15
139 77 281
141 90 148
142 143 187
142 128 139
143 89 137
144 36 31
144 68 218
144 10 152
145 28 129
149 166 299
150 72 262
151 163 225
153 21 87
156 9 188
157 59 39
157 77 195
158 28 26
159 64 24
160 63 54
161 106 11
162 145 46
164 140 146
165 104 260
166 89 248
167 63 54
168 119 19
169 143 25
-1
510
0 108 65
1 96 170
2 102 187
3 164 160
6 73 14
7 53 41
7 2 51
8 128 288
9 91 20
10 166 128
10 145 17
12 142 143
12 112 64
12 142 167
14 140 92
17 48 137
20 40 250
25 25 252
25 78 247
27 81 99
29 21 195
30 20 160
30 128 68
31 122 171
31 86 103
31 82 60
32 21 74
32 60 137
33 28 241
34 3 72
37 58 298
37 103 214
37 152 63
38 47 62
38 33 184
39 12 270
39 6 75
40 160 167
40 142 281
41 21 27
43 45 113
44 105 39
45 34 129
48 148 15
51 79 279
51 133 224
55 88 115
56 145 227
60 108 137
60 47 287
60 125 200
61 140 220
61 87 266
65 142 153
65 39 163
65 88 168
67 94 31
69 68 16
70 24 158
72 19 181
73 51 224
75 19 2
76 44 65
77 55 260
77 102 197
79 100 249
80 16 49
81 24 271
86 9 36
87 110 51
87 11 241
89 12 237
93 81 287
96 3 44
96 10 199
97 143 152
101 139 260
101 69 81
101 67 143
105 11 169
105 60 68
109 101 56
109 74 16
109 20 163
112 118 10
114 23 240
120 22 257
121 16 192
123 85 195
125 10 226
125 164 230
126 27 29
127 78 199
127 152 215
128 3 283
128 123 219
131 158 119
132 157 32
137 119 37
139 78 287
139 2 62
141 66 95
141 59 280
141 72 225
142 43 33
143 18 39
143 32 181
145 27 198
146 35 0
147 166 104
147 15 9
149 38 192
151 160 86
154 1 193
156 126 234
156 167 226
156 12 105
156 23 182
157 15 245
157 125 31
158 50 35
159 50 30
160 72 252
161 160 235
165 78 237
165 2 67
166 26 180
167 161 129
168 133 57
168 73 163
-1
510
0 4 79
0 2 95
1 26 35
1 86 187
2 8 203
4 74 245
4 162 40
5 74 153
5 79 217
6 68 138
6 103 45
10 155 13
12 135 3
13 71 39
14 79 9
15 82 168
15 81 273
16 29 67
19 110 63
20 30 0
20 109 74
22 122 282
24 118 234
25 128 26
25 50 1
27 130 286
27 90 71
28 82 181
29 27 110
30 142 98
31 89 238
32 4 74
32 6 2
33 147 164
33 122 59
34 63 263
34 154 264
37 0 175
38 135 167
39 118 294
39 109 184
40 38 132
41 111 20
43 40 200
46 85 110
47 86 122
48 93 180
49 94 45
50 122 285
55 6 174
56 136 123
57 73 135
60 1 96
61 0 37
63 97 186
64 162 198
68 135 295
68 90 75
69 118 40
71 44 24
74 95 12
75 40 299
76 35 43
76 6 81
76 46 181
80 138 218
82 68 115
82 125 214
84 75 55
89 88 257
90 4 265
90 69 252
90 153 24
94 115 43
96 82 66
97 89 168
100 143 212
101 102 225
101 161 106
102 149 273
104 29 60
108 1 206
109 96 239
111 30 59
112 33 225
113 57 155
115 61 131
117 9 132
119 163 190
119 81 194
119 93 84
120 34 66
121 88 15
123 135 64
124 125 150
124 26 232
125 12 79
127 64 149
127 161 256
130 96 108
135 123 276
136 48 228
138 89 256
141 75 164
143 148 94
144 79 229
145 71 287
145 61 79
146 140 275
147 8 121
148 89 194
149 159 51
152 149 244
153 74 267
153 36 203
153 118 123
154 5 197
157 165 72
158 147 275
159 128 80
159 114 187
162 16 242
163 140 24
163 33 245
164 59 4
164 75 258
165 58 176
166 34 140
169 161 298
169 52 214
-1
510
1 83 263
2 89 3
2 35 108
3 158 113
4 113 152
5 39 180
6 150 27
6 1 174
7 137 273
7 4 86
8 124 220
9 110 210
10 120 259
10 115 159
10 169 166
12 88 291
13 161 150
17 0 18
20 164 242
20 159 243
22 123 78
22 75 285
22 84 56
23 81 104
30 81 111
31 53 256
31 50 1
33 45 161
36 126 149
37 45 25
37 145 5
38 145 197
41 42 275
41 31 1
44 137 267
44 131 234
44 96 289
45 9 253
45 144 73
46 165 102
46 75 126
46 9 282
47 13 275
48 27 148
51 68 63
51 149 262
52 145 181
52 166 206
55 5 26
55 46 137
56 91 69
56 141 298
57 132 219
57 35 0
58 162 232
60 39 51
63 51 18
63 156 28
64 86 157
68 151 148
69 36 247
69 151 135
70 33 10
72 89 188
72 154 178
73 57 81
74 125 59
77 10 256
80 168 195
81 137 45
82 72 239
87 40 107
87 0 266
90 26 285
92 10 294
92 45 245
94 42 173
95 130 65
95 61 238
95 147 265
96 87 258
98 124 46
98 11 146
99 165 33
99 27 101
102 55 197
104 136 263
106 157 40
106 53 92
109 76 7
113 48 210
114 145 209
114 165 282
115 150 82
116 62 168
117 59 167
118 89 10
119 40 91
119 76 270
120 79 280
121 64 21
121 1 200
122 58 127
123 128 219
123 143 7
124 151 240
125 146 93
125 142 221
128 84 217
129 132 184
131 164 73
132 86 152
133 161 74
133 18 48
135 131 249
136 138 286
137 66 121
139 16 242
142 117 110
149 112 181
149 112 62
150 110 225
150 59 247
151 159 279
151 102 35
152 124 168
153 75 238
153 139 158
153 155 109
154 95 232
154 151 47
157 0 198
157 81 210
158 111 1
158 60 161
163 112 249
163 79 1
165 127 65
166 130 120
166 15 99
-1
510
0 13 288
0 157 212
1 8 53
3 109 233
3 29 94
4 102 147
4 159 42
4 93 246
6 42 63
6 148 123
7 7 9
9 110 204
10 126 184
12 112 80
12 82 112
13 126 274
14 64 103
16 43 150
18 129 168
19 113 65
19 43 72
19 42 221
20 111 81
23 17 91
24 31 247
24 66 139
27 29 221
28 100 28
30 78 92
31 78 96
34 1 30
35 64 287
37 64 13
38 110 42
39 56 227
39 116 160
41 75 150
41 12 69
41 72 128
42 68 294
42 101 167
42 44 29
42 95 194
42 118 249
44 98 221
44 145 254
45 64 223
45 16 74
46 143 190
46 0 204
46 105 51
50 68 243
50 155 281
51 135 194
56 10 27
57 160 280
59 2 3
60 127 265
60 99 250
60 143 33
61 106 109
61 142 186
62 95 170
63 121 91
63 147 122
63 50 100
65 46 219
66 2 120
67 81 180
67 33 38
68 157 207
73 34 2
74 149 297
75 45 86
76 158 69
77 112 52
79 46 217
79 53 175
80 2 272
82 78 78
84 89 210
86 87 191
87 55 78
88 56 153
88 142 240
89 7 22
89 81 142
91 2 136
92 104 147
93 149 46
95 2 223
96 19 160
97 54 289
98 153 52
103 149 85
103 167 18
104 145 179
104 110 289
106 150 212
106 132 203
107 165 67
108 76 271
111 115 169
111 74 211
112 87 258
116 76 182
117 139 186
122 42 83
122 107 127
122 119 236
123 15 256
123 27 146
125 156 264
129 8 139
130 135 37
132 84 285
133 156 192
137 11 165
137 120 198
138 153 29
140 54 159
144 137 155
146 15 152
147 119 181
148 44 171
148 87 78
149 14 54
153 152 4
154 124 148
154 24 118
159 56 18
160 87 88
161 131 237
164 87 293
165 91 190
166 123 243
166 96 80
167 108 69
167 43 157
167 128 98
-1
510
1 9 216
4 88 256
5 160 97
6 166 246
6 30 22
7 68 239
8 160 299
9 47 297
10 48 53
12 8 48
12 119 286
13 114 127
14 93 51
14 142 184
15 126 91
15 159 240
16 16 191
17 11 13
18 99 121
18 141 190
21 1 263
21 119 128
21 150 164
22 136 4
25 49 116
25 85 29
26 66 237
28 9 190
29 108 111
29 158 185
30 17 73
31 141 5
31 25 84
32 133 31
33 167 108
33 162 94
33 34 51
34 126 130
36 116 259
37 18 202
42 163 215
44 144 118
45 156 4
46 118 144
46 51 275
48 144 251
48 143 99
51 53 37
53 166 53
54 86 94
57 111 169
57 140 18
58 140 182
58 92 203
60 68 41
60 152 67
61 96 9
62 4 69
62 44 49
63 2 257
63 109 209
64 31 268
65 112 288
65 74 31
66 8 44
66 45 209
67 23 104
69 110 33
69 117 106
70 27 76
70 81 37
71 76 145
72 156 232
74 144 199
76 25 41
78 108 185
79 82 296
79 99 77
80 39 212
81 128 162
82 76 290
83 59 233
86 76 291
87 81 142
88 164 205
88 132 190
88 2 141
89 58 11
91 125 284
91 152 240
93 137 212
94 111 140
95 10 96
96 128 210
97 137 2
99 133 195
100 49 237
103 116 151
104 3 205
106 73 104
107 102 129
108 21 18
110 17 166
110 15 186
113 146 238
113 26 274
115 113 296
116 14 107
118 87 56
119 115 215
120 95 148
121 137 205
121 74 147
122 21 110
123 123 204
123 55 254
124 83 97
124 124 260
126 37 110
127 12 116
129 51 44
130 166 283
130 99 196
131 166 149
135 7 90
136 59 205
137 100 69
137 20 20
137 41 186
137 117 157
140 101 18
140 38 243
140 82 266
141 133 101
143 128 150
144 46 26
147 64 155
148 26 116
149 146 99
150 71 167
151 103 280
153 53 65
153 59 12
154 97 117
154 90 292
156 18 189
159 44 274
161 137 7
168 146 59
169 112 130
-1
510
0 160 235
1 127 164
1 4 189
3 139 136
5 43 138
5 161 71
9 48 247
12 88 178
14 15 273
14 126 269
14 152 166
15 86 139
15 45 186
16 53 214
17 16 185
18 87 94
18 53 271
19 77 213
19 121 210
19 36 250
20 58 290
21 68 79
22 0 8
23 68 279
24 80 96
25 14 1
26 118 69
27 153 172
27 153 266
28 68 285
29 156 198
30 115 66
32 47 215
34 139 65
36 139 57
36 151 50
37 168 37
37 139 204
38 166 178
38 47 75
38 160 195
39 90 0
39 137 20
40 165 32
46 88 29
49 147 13
50 34 110
52 106 156
53 122 8
53 39 119
54 144 222
55 2 17
55 147 293
57 93 91
58 78 238
60 81 230
61 136 160
62 106 136
65 160 187
67 39 276
67 163 104
70 115 244
70 69 248
73 153 27
74 93 165
74 91 195
74 130 134
76 0 240
80 165 231
80 150 29
81 32 88
81 108 14
81 69 63
84 27 24
84 90 260
85 5 205
86 7 76
87 121 110
87 76 18
88 144 221
89 22 76
89 28 52
91 94 67
93 52 295
98 105 208
98 47 87
98 130 262
99 13 163
100 6 23
104 68 112
105 110 257
105 132 232
107 19 298
110 122 154
111 38 164
112 108 50
113 25 197
114 115 75
116 34 226
117 76 132
119 128 242
119 149 172
120 123 118
122 108 129
122 81 156
122 33 207
125 39 26
126 62 227
128 81 212
129 14 150
130 129 244
131 159 294
133 64 271
134 15 98
134 133 212
135 165 78
140 20 78
142 21 294
142 123 35
143 127 135
145 53 185
146 94 11
146 91 139
148 8 64
149 68 86
149 83 42
149 69 244
150 108 124
151 79 163
154 168 267
155 79 190
155 138 259
155 73 268
155 95 246
155 33 276
156 106 49
156 70 26
156 84 127
158 98 295
158 95 15
162 117 109
162 2 282
162 18 29
162 93 35
163 148 58
163 137 172
166 156 97
166 148 295
167 49 46
168 11 226
-1
510
1 105 59
2 1 59
2 74 219
5 83 247
6 123 166
10 150 250
11 124 69
12 125 92
12 147 256
13 123 112
14 103 127
14 70 42
16 39 49
20 158 273
20 161 127
21 3 44
22 103 228
22 90 8
23 81 167
24 26 26
26 112 280
26 8 241
28 101 292
29 26 137
29 59 129
30 95 247
30 81 158
30 162 117
31 18 19
32 106 188
34 48 295
35 45 213
37 88 128
38 20 275
38 111 210
39 109 296
39 60 134
43 79 94
43 142 53
43 160 93
44 160 51
44 61 287
45 91 197
46 49 186
46 108 172
47 167 262
47 121 139
48 42 189
52 2 41
52 156 161
53 73 79
54 80 242
55 61 153
56 154 31
56 75 246
57 34 233
57 92 92
58 86 279
58 34 148
59 124 194
59 167 194
59 15 299
60 40 268
61 71 237
61 118 10
63 3 260
64 116 40
64 160 22
67 118 123
67 35 84
68 138 211
70 36 210
70 72 164
70 69 79
71 153 236
72 94 163
73 142 82
74 118 236
75 118 280
75 153 285
81 27 102
82 124 186
82 157 12
83 103 138
83 54 271
85 167 266
85 144 55
86 70 294
87 77 11
88 38 86
89 89 117
92 72 227
93 34 71
94 27 92
95 161 132
97 31 190
97 92 230
98 148 228
99 118 283
100 80 237
101 147 279
103 137 299
104 165 87
104 92 53
104 160 64
105 145 150
106 30 297
106 1 281
107 107 98
108 136 288
109 138 199
109 131 259
109 80 78
110 5 29
112 57 78
112 96 88
112 101 280
117 101 37
118 154 228
118 31 3
119 80 254
120 96 245
120 127 100
121 121 38
121 93 223
121 133 181
122 109 107
122 37 133
125 90 151
126 52 8
126 16 35
127 88 260
130 90 245
131 58 233
132 79 12
132 36 38
133 14 14
136 54 223
137 79 176
138 49 148
139 121 248
140 33 230
141 152 190
142 138 240
142 12 94
142 9 194
144 40 9
145 9 193
151 113 7
151 161 242
152 83 191
154 143 280
160 146 263
161 65 118
161 53 3
162 153 256
162 50 44
163 24 83
163 126 169
169 149 219
-1
510
1 168 96
1 57 189
3 68 230
5 17 124
6 16 166
6 167 134
7 123 24
11 99 277
14 35 283
17 22 213
18 42 144
19 152 191
19 41 60
21 82 214
22 49 61
23 25 269
24 120 287
26 42 193
27 139 205
28 60 58
28 97 283
29 72 258
29 74 265
29 27 138
30 169 101
30 78 299
31 100 21
31 137 202
32 156 222
32 22 91
33 94 108
34 104 29
34 25 3
36 51 12
37 32 4
38 127 26
39 1 257
41 161 174
43 21 62
44 152 113
45 21 21
47 15 282
48 88 21
49 69 170
49 81 39
49 97 201
49 128 178
50 164 140
50 3 104
51 159 70
52 20 142
53 164 294
54 40 17
55 66 180
56 93 193
57 101 121
59 7 28
59 107 293
60 159 143
61 79 51
64 169 136
64 13 52
67 19 192
67 53 106
68 38 173
70 113 295
71 152 296
72 35 19
74 2 84
75 162 93
76 59 186
78 0 143
79 111 187
80 62 112
80 46 273
80 9 50
81 90 110
83 86 173
84 97 291
84 135 253
87 135 205
89 141 88
90 114 199
91 148 21
93 94 54
93 104 20
95 53 140
96 169 80
97 55 186
98 106 87
98 159 140
99 156 167
100 113 194
102 68 112
105 9 253
105 166 10
107 158 47
107 154 32
109 61 64
109 156 213
110 142 60
111 54 57
111 55 23
112 137 227
112 93 12
112 146 211
113 10 115
116 123 14
116 58 162
116 105 14
119 40 74
120 116 212
121 140 152
125 117 265
125 139 6
127 66 289
128 69 165
130 42 191
131 105 170
131 131 111
132 156 233
133 118 247
133 24 121
134 6 193
134 61 130
135 63 220
136 134 67
136 103 12
137 94 148
138 100 16
139 92 260
140 80 200
141 167 292
142 102 68
143 149 112
143 65 256
144 153 229
145 19 288
145 88 298
147 99 243
148 23 23
150 85 196
150 21 82
150 159 179
150 120 121
152 147 41
154 160 294
154 74 280
155 29 110
156 113 106
156 130 107
158 139 259
159 5 65
161 27 223
163 121 257
165 166 96
165 80 96
166 112 183
167 7 258
168 155 180
-1
510
0 117 0
1 90 272
1 168 287
4 27 223
5 0 108
6 117 137
6 55 226
8 39 202
8 146 84
9 97 119
9 129 69
9 112 151
10 93 127
10 20 192
11 59 78
14 6 142
15 110 184
17 2 170
17 169 79
17 83 273
17 17 190
19 123 230
20 71 287
21 15 281
22 104 220
23 18 173
23 122 82
23 95 293
24 58 143
24 76 162
24 116 46
30 21 187
30 131 46
30 160 148
33 52 206
34 43 11
35 54 282
35 33 255
36 20 124
37 72 80
38 122 237
38 84 281
39 24 229
41 87 29
43 27 78
44 80 295
44 128 270
44 157 79
45 131 26
45 156 96
45 106 131
49 139 116
50 133 232
52 49 254
54 87 188
56 72 143
57 92 51
58 132 117
59 145 160
59 148 89
59 126 287
59 44 42
61 54 136
63 99 120
63 39 221
64 13 62
67 21 151
68 32 136
68 115 209
72 11 299
74 148 263
74 60 50
75 116 108
76 110 4
76 41 33
76 109 19
78 157 224
78 49 178
79 139 210
79 30 8
80 89 162
81 104 20
82 142 121
82 23 14
83 6 205
83 120 138
87 46 28
87 25 229
88 59 297
90 50 125
91 50 98
92 110 90
93 121 3
93 155 239
93 103 41
94 94 217
96 145 111
97 9 206
99 76 31
99 74 185
100 25 286
100 39 182
102 22 250
102 149 265
102 125 77
103 3 289
103 0 5
104 156 14
106 141 132
106 113 191
107 111 166
108 39 93
109 113 74
109 94 202
109 100 54
109 128 250
110 147 9
112 52 49
112 38 111
115 57 180
116 153 196
117 161 293
117 136 275
121 143 280
121 131 227
122 57 143
122 168 128
122 82 26
123 113 105
126 69 195
126 158 197
127 146 20
127 28 28
128 68 82
128 30 165
128 23 195
129 39 19
130 32 258
131 92 186
132 10 58
134 58 256
135 53 194
136 123 277
138 12 261
139 0 21
143 111 161
145 130 10
145 166 197
145 25 141
146 47 6
148 95 86
152 139 279
154 164 44
154 37 273
155 117 289
156 93 92
156 81 262
160 110 84
160 64 153
160 115 71
163 75 12
163 81 264
164 161 207
164 42 92
164 48 284
165 165 126
165 155 129
165 35 177
166 36 231
169 102 102
-1
510
1 80 193
1 5 238
2 78 103
3 96 247
4 164 219
5 49 294
5 71 136
5 55 211
6 141 3
8 145 216
9 71 74
10 143 55
12 112 90
13 59 135
14 74 93
14 69 225
17 3 25
18 164 79
18 127 159
21 164 266
22 8 45
22 45 127
24 123 138
24 29 212
25 114 159
28 80 94
31 52 19
31 38 38
32 109 152
35 123 211
36 18 91
39 150 202
42 8 225
43 148 71
44 127 82
44 142 57
45 23 151
45 13 178
46 54 25
46 82 61
47 103 202
48 50 243
48 164 146
49 161 210
49 74 181
50 159 166
51 153 287
53 72 26
54 40 288
54 122 140
54 20 51
58 89 248
58 134 5
58 9 110
59 81 132
61 116 253
65 73 102
65 121 56
65 50 250
65 87 19
68 147 117
68 1 246
68 71 299
70 97 105
70 140 168
71 5 148
74 22 61
75 9 226
75 6 179
76 26 248
76 162 66
77 140 51
79 71 244
80 91 147
80 62 217
80 49 222
81 88 194
81 148 126
82 36 281
83 116 235
85 156 152
86 58 173
87 134 79
87 19 289
87 136 219
89 166 201
89 114 286
90 66 161
92 22 222
94 85 98
94 128 45
95 168 235
97 37 227
98 103 206
99 56 92
101 18 243
101 13 129
103 162 29
103 66 32
103 37 262
103 50 130
103 46 199
105 131 182
106 47 113
108 131 283
109 104 153
109 1 163
109 52 171
113 125 280
113 64 185
116 84 85
117 147 17
117 124 3
117 162 268
117 42 150
117 93 147
117 95 83
120 121 103
124 42 120
124 129 89
125 92 269
125 78 20
125 89 72
127 159 270
128 44 295
129 28 251
129 120 77
131 145 68
133 102 47
133 135 91
136 62 9
138 163 5
138 85 178
138 1 30
140 100 235
144 140 105
145 152 212
145 135 122
145 110 249
146 141 278
146 147 11
147 36 205
148 112 106
149 127 241
149 166 81
149 22 285
149 145 57
151 27 126
151 61 299
152 127 127
153 34 236
155 144 180
157 36 280
160 121 117
160 88 230
162 42 70
162 21 78
162 117 94
163 28 30
164 149 109
165 149 71
165 130 268
166 9 184
167 43 193
167 139 164
168 86 104
168 130 188
168 150 39
168 103 278
169 70 272
-1
510
0 151 282
1 114 154
2 104 230
3 58 272
5 109 48
7 21 201
10 47 264
10 155 129
10 126 115
13 13 203
16 161 192
16 11 246
16 129 135
18 107 226
21 109 289
22 65 182
23 112 151
24 144 180
26 35 63
26 34 179
28 7 159
29 165 234
29 43 195
29 20 22
30 38 247
30 110 72
31 54 53
32 60 137
32 21 4
33 158 216
33 12 51
34 104 243
37 42 177
37 5 247
37 11 125
38 55 36
38 118 227
39 3 71
40 167 152
41 107 272
43 3 32
44 88 16
45 90 163
48 153 119
49 155 227
49 51 162
50 150 18
51 62 263
52 148 243
55 11 1
56 141 234
57 91 184
57 32 185
58 2 11
59 39 176
59 37 222
61 74 1
62 65 277
62 51 159
64 146 284
66 106 8
68 140 32
70 8 128
72 46 53
72 41 260
73 101 61
73 151 59
73 84 293
74 65 135
75 50 81
77 67 268
78 118 8
78 148 170
80 95 269
80 126 99
80 70 233
83 99 14
85 77 108
85 145 120
86 105 48
88 115 244
88 86 172
91 56 106
92 0 26
93 154 109
94 133 88
95 35 45
96 73 136
97 3 120
98 130 124
98 89 232
98 52 81
98 26 34
99 62 96
100 98 78
101 85 17
103 16 149
104 93 152
105 129 177
106 169 61
107 111 218
108 64 183
109 150 107
110 27 43
112 105 141
114 75 235
115 22 264
117 118 190
120 101 84
121 100 219
121 126 154
122 158 152
122 78 86
123 37 193
123 136 199
123 129 288
123 117 39
123 20 196
125 102 142
125 71 156
126 0 163
127 54 46
128 149 230
129 44 265
130 110 268
130 88 43
130 19 213
131 69 152
132 15 264
132 69 29
134 83 142
135 159 155
135 76 50
135 84 202
137 109 29
137 34 56
137 122 94
139 46 91
140 23 284
140 33 238
144 158 136
145 25 244
145 3 280
145 31 196
147 135 240
147 108 143
147 18 180
151 44 102
153 76 123
154 4 100
154 155 200
154 164 49
155 120 65
155 95 96
156 143 183
156 78 97
156 156 11
157 57 60
158 140 196
158 121 190
158 167 188
159 43 178
159 90 91
159 75 282
160 34 33
160 80 159
161 23 260
162 160 223
163 70 61
163 92 40
163 167 211
163 56 33
164 75 96
164 137 258
166 51 32
166 91 110
168 165 189
168 99 160
169 0 135
169 21 69
-1
510
0 11 77
1 82 45
1 81 174
2 92 124
2 77 115
2 83 182
2 103 295
2 10 115
3 19 80
5 9 97
5 52 72
6 79 27
7 71 4
7 98 94
7 47 117
8 42 137
8 75 80
10 111 158
10 2 297
10 159 127
10 65 281
11 161 286
12 91 199
12 62 207
14 114 155
16 140 142
17 158 190
18 137 293
18 104 231
19 9 17
19 54 178
21 148 260
22 0 4
24 94 125
24 94 56
24 50 157
25 64 4
26 63 217
27 111 283
29 130 222
30 45 218
30 32 31
31 5 264
32 83 95
32 130 266
32 169 153
33 128 110
33 49 65
34 113 90
35 98 229
35 110 7
38 122 22
39 11 71
39 151 144
44 108 207
44 135 100
45 138 88
46 17 53
47 151 109
48 91 59
49 5 151
50 54 286
50 111 220
51 134 278
51 106 164
51 102 280
52 87 31
54 38 89
55 70 20
56 145 110
56 23 271
56 10 49
57 28 143
58 83 108
58 22 93
60 36 195
61 31 156
61 61 136
62 60 8
63 90 247
64 90 141
66 93 47
69 4 65
71 161 187
73 42 297
74 76 266
74 99 29
75 161 0
78 137 5
79 44 223
80 72 163
81 142 73
81 137 166
81 88 269
82 151 22
85 160 240
85 126 32
85 58 245
87 46 196
88 74 104
91 14 267
91 140 294
92 141 28
92 141 195
92 34 106
94 159 206
94 122 274
95 95 212
95 68 236
95 83 202
96 140 169
99 106 105
102 37 73
102 120 223
103 16 173
105 50 266
105 92 8
107 146 214
109 85 85
111 40 220
111 162 101
112 127 165
114 124 29
115 58 58
118 108 83
119 169 161
119 127 191
119 32 90
119 72 0
120 54 141
122 27 44
123 128 14
123 166 96
124 99 162
124 122 166
124 68 103
125 139 277
126 1 279
126 104 156
127 140 151
127 69 125
127 148 181
129 156 282
130 59 7
132 24 293
132 165 118
133 115 217
134 123 87
135 15 245
137 18 92
137 83 138
138 68 238
139 30 261
139 59 289
141 36 130
142 4 251
142 119 252
142 5 11
143 0 53
144 135 281
146 60 297
147 89 208
147 55 208
147 98 79
147 143 84
148 64 33
150 55 186
152 6 84
152 76 37
153 6 102
155 141 53
157 134 278
158 98 40
162 42 164
164 14 110
167 14 64
167 115 284
168 23 71
168 84 13
169 167 150
-1
510
0 153 93
0 25 86
3 158 241
7 84 40
8 45 255
8 104 229
9 90 251
9 105 273
10 134 239
11 67 88
12 141 187
12 51 185
13 41 98
13 140 243
14 8 245
15 137 16
15 161 277
16 10 103
16 18 201
17 78 237
17 12 128
18 15 45
18 30 143
18 130 15
19 27 66
21 20 193
22 125 97
22 161 72
23 142 292
24 22 214
25 66 296
25 145 261
25 6 257
25 3 54
26 154 50
26 149 117
27 134 51
27 157 94
28 95 275
29 89 259
30 111 93
34 113 235
36 125 245
38 91 139
39 21 166
40 117 161
40 23 42
40 167 200
41 125 67
41 76 2
44 95 196
45 134 130
45 151 28
48 46 162
50 134 249
51 34 70
52 3 5
52 48 112
52 17 140
54 147 93
54 51 135
55 94 120
56 75 176
56 11 54
56 165 299
57 131 296
58 116 150
59 71 143
60 6 128
62 17 105
62 54 45
64 21 179
68 93 279
68 83 275
69 108 86
69 166 9
69 58 67
70 112 290
70 108 268
72 58 129
72 168 123
73 75 60
75 44 240
76 60 248
76 168 187
77 143 132
77 29 162
78 58 69
81 47 105
81 106 245
83 42 142
86 122 203
88 89 176
88 153 141
89 115 94
89 122 220
90 144 215
91 25 97
92 123 114
92 77 130
92 119 75
97 92 276
97 165 98
98 136 41
98 101 71
99 36 20
100 95 1
100 77 292
101 34 156
103 88 6
104 38 202
104 100 20
105 71 57
105 86 259
105 100 90
106 91 32
106 97 205
106 151 108
107 57 0
107 59 108
107 83 80
107 100 49
108 43 253
109 92 266
109 11 96
111 107 224
111 121 269
113 60 12
114 4 120
115 80 278
118 96 102
118 38 232
119 139 129
119 86 211
121 136 262
122 155 69
124 35 54
126 158 269
126 160 26
126 143 74
127 100 19
127 168 181
128 87 284
128 109 286
129 15 130
130 36 73
131 64 116
131 28 259
132 114 73
132 11 243
133 95 27
134 19 119
135 59 171
136 120 149
137 46 77
138 112 43
140 84 21
142 159 286
142 76 203
142 98 103
142 160 159
143 36 221
143 48 164
143 48 250
145 66 13
145 18 90
146 0 20
146 153 153
148 62 134
150 70 56
150 30 103
151 153 250
151 127 161
151 18 55
152 104 233
153 20 136
154 163 79
157 29 201
157 18 64
157 25 111
158 147 226
159 62 267
162 122 109
163 45 174
166 153 185
166 71 252
166 39 166
168 7 117
168 27 28
169 9 235
-1
510
0 74 286
1 50 244
2 43 61
3 96 121
5 40 265
5 101 294
7 47 151
7 152 76
7 61 114
7 52 151
8 167 285
8 14 44
9 48 180
9 64 129
10 128 217
11 164 295
13 95 179
13 100 173
15 22 137
17 58 208
17 69 242
17 90 198
18 98 90
22 144 199
22 28 210
22 104 63
22 76 110
25 14 127
28 0 282
28 49 62
28 30 68
31 113 125
31 120 69
33 94 204
35 131 51
35 103 28
36 9 95
37 136 178
37 57 19
37 141 206
37 61 216
38 89 162
41 44 277
41 11 81
41 89 48
41 111 147
41 16 174
42 52 251
43 100 175
43 25 237
45 48 92
45 129 8
45 99 194
46 34 147
49 59 60
49 82 72
50 129 279
50 136 105
51 76 281
52 60 67
53 85 65
53 33 203
54 30 139
57 12 164
58 134 292
59 109 291
60 147 77
61 79 63
61 164 141
61 132 161
62 60 210
63 16 55
68 13 235
69 127 228
71 84 100
72 86 284
73 13 111
73 154 22
73 148 257
74 58 133
78 58 34
82 94 78
82 131 299
83 26 224
84 47 179
85 106 98
87 128 213
89 7 134
89 106 168
90 107 201
90 32 90
91 59 167
92 32 266
94 81 47
94 121 259
97 143 220
97 123 282
98 52 141
98 116 108
98 131 201
98 52 165
98 75 64
100 128 154
101 102 9
101 141 151
102 40 207
103 124 4
104 165 55
104 79 18
104 113 274
105 57 183
105 109 159
107 105 147
107 104 16
111 92 149
111 93 120
111 140 267
111 126 154
111 32 264
111 7 180
112 40 166
112 107 126
113 79 50
113 50 143
114 12 82
115 118 205
116 80 44
118 50 271
118 106 17
118 127 87
119 17 177
122 84 7
122 28 32
122 137 46
122 129 129
123 15 57
124 21 125
125 44 24
125 33 271
126 119 81
126 85 283
127 126 201
128 152 124
129 142 46
130 144 151
130 142 55
130 1 9
131 67 17
131 20 264
133 1 107
137 50 87
137 94 236
138 159 8
138 125 46
139 101 27
140 16 181
140 39 3
143 26 275
144 118 106
145 137 223
146 136 90
147 103 267
148 74 154
148 148 263
149 101 72
149 66 173
153 2 34
153 109 186
154 113 10
154 126 130
155 140 66
156 98 133
157 127 125
157 16 59
158 11 194
158 0 215
159 101 18
159 148 269
160 162 201
161 88 93
162 141 20
163 143 73
163 107 142
164 54 282
164 38 293
164 68 163
165 8 151
166 77 229
167 41 249
169 37 173
-1
-2
