60
-1
60
-1
60
1 15 173
1 16 225
2 7 98
2 11 34
5 5 106
10 9 198
14 6 208
15 18 26
16 1 34
17 2 120
-1
60
1 11 276
1 0 79
3 3 98
6 0 184
7 12 120
7 10 11
8 11 269
11 13 84
18 5 41
19 4 288
-1
60
0 6 257
1 16 224
4 9 193
7 12 224
7 0 23
8 12 50
8 14 188
8 13 223
9 2 68
12 1 195
12 5 242
15 16 149
15 19 32
16 19 39
16 2 181
16 12 237
18 6 112
18 7 176
18 5 184
19 1 94
-1
60
0 6 205
0 9 19
3 13 217
5 5 44
9 1 4
11 19 35
11 5 212
12 6 16
13 8 11
13 0 289
13 3 58
13 6 154
13 10 147
14 14 190
15 15 88
15 0 183
16 19 182
17 4 272
18 10 30
19 6 68
-1
60
0 16 122
0 18 68
1 13 173
2 4 226
2 2 159
3 5 243
3 3 57
3 8 161
4 0 194
5 15 152
5 11 179
7 1 96
7 18 174
7 18 1
8 1 217
9 15 28
9 15 254
10 5 152
10 7 70
10 7 9
12 14 282
13 1 45
15 2 250
16 12 176
18 4 49
19 19 51
19 9 246
19 16 138
19 0 46
19 19 267
-1
60
1 18 32
1 4 73
1 7 10
1 13 29
1 11 64
2 19 80
2 11 30
2 12 181
2 14 146
2 5 125
3 4 165
4 11 209
5 13 263
6 9 44
6 5 282
6 14 91
7 11 141
8 16 35
8 15 217
9 6 116
10 5 151
16 4 181
16 1 11
16 12 69
17 18 0
17 10 8
18 9 46
18 16 141
18 12 211
19 0 258
-1
60
0 14 34
0 16 5
1 7 239
1 13 55
1 15 219
1 13 95
1 6 40
1 14 148
3 8 43
4 3 16
4 13 152
4 12 216
5 12 9
5 15 234
6 8 106
6 19 89
6 4 96
6 0 97
6 13 37
7 14 52
7 4 86
7 3 26
8 1 278
8 9 6
9 6 298
9 18 2
9 3 160
10 3 179
10 15 139
11 17 264
12 0 8
15 9 103
15 16 93
15 1 221
16 15 100
16 18 245
16 13 38
18 13 91
19 13 40
19 0 135
-1
60
0 5 13
1 7 172
2 1 102
2 10 212
2 17 213
2 0 67
2 8 239
2 11 47
3 8 43
3 19 85
4 5 198
5 17 146
5 16 28
6 15 108
6 12 19
7 18 115
7 9 19
7 7 235
7 13 8
8 16 292
9 9 37
10 19 285
10 4 42
11 10 152
11 2 154
11 18 273
12 0 241
12 10 96
14 14 6
14 9 217
15 16 21
16 5 192
16 2 82
16 6 190
17 19 122
17 4 298
18 16 59
19 12 293
19 4 289
19 11 194
-1
60
0 12 171
0 6 280
0 0 159
1 1 174
1 16 102
2 2 110
3 11 121
3 12 270
3 12 93
3 7 146
5 10 88
6 7 39
6 7 108
7 5 83
7 16 137
7 3 26
7 0 39
7 0 124
8 1 91
8 5 134
8 0 196
10 0 236
10 7 169
10 18 79
11 13 262
11 5 244
11 17 131
12 18 49
12 8 173
14 14 76
14 17 119
15 12 294
15 17 206
15 15 140
16 19 168
16 5 172
16 1 103
17 2 25
17 0 18
17 1 77
17 11 7
17 3 68
17 10 262
17 5 100
18 18 47
18 10 157
18 3 34
18 1 13
19 12 182
19 14 91
-1
60
0 8 55
0 5 88
0 8 88
0 16 25
1 4 260
1 11 149
2 6 209
2 18 68
3 5 143
3 7 113
4 12 140
4 3 10
4 17 220
4 17 30
4 17 236
5 8 186
5 1 193
5 5 137
6 9 207
7 15 52
8 12 284
8 8 145
8 3 66
9 11 118
9 8 261
10 18 61
11 1 150
11 7 223
12 16 281
12 17 75
12 15 215
13 16 14
14 8 291
14 13 166
15 0 259
15 2 85
15 8 24
16 14 162
16 6 290
16 10 123
16 0 154
17 4 167
17 0 76
17 11 73
18 19 135
18 9 189
19 18 87
19 8 239
19 10 29
19 19 248
-1
60
0 4 23
0 15 284
0 11 253
0 9 261
1 8 39
1 16 97
1 17 32
1 11 55
1 8 190
1 13 73
2 5 158
2 5 297
3 12 259
3 15 219
4 9 164
4 18 18
5 0 63
6 19 258
6 6 12
7 16 87
7 10 20
8 7 275
9 19 188
9 5 221
9 11 177
10 4 266
10 2 264
10 11 287
10 5 60
11 0 6
11 4 162
11 16 7
12 5 250
12 11 281
12 16 83
13 12 264
13 19 7
14 1 54
15 7 88
15 13 234
15 2 261
15 6 47
15 14 1
15 16 34
15 5 8
15 13 206
15 8 163
16 14 38
16 1 245
16 18 265
16 9 104
17 7 0
17 2 94
18 12 129
18 4 83
18 12 248
18 5 107
18 18 5
19 11 159
19 12 197
-1
60
0 4 106
0 13 111
1 4 4
1 13 31
1 9 216
1 4 116
2 0 9
3 16 34
3 1 226
4 12 180
4 12 251
5 14 84
5 16 200
5 7 62
5 14 130
6 1 90
6 16 255
6 7 292
6 6 252
6 3 99
6 11 285
6 5 35
7 3 280
7 9 158
8 3 13
8 16 160
8 4 33
9 4 33
10 6 237
10 6 54
10 13 177
10 8 3
11 11 232
11 8 149
12 19 54
12 13 155
12 19 22
12 10 8
12 7 96
12 8 38
12 12 249
13 1 1
13 12 42
13 4 207
14 17 87
15 12 131
15 2 205
15 15 35
16 15 59
16 15 295
16 5 171
17 5 150
17 7 100
17 3 236
18 3 173
18 2 18
18 7 151
18 19 82
19 3 256
19 6 281
-1
60
0 6 61
0 14 30
0 3 120
0 0 98
1 11 166
1 12 209
1 4 72
2 3 261
2 14 130
2 6 169
2 10 108
2 9 160
2 3 195
3 13 90
3 16 234
3 4 185
3 13 272
3 13 178
3 14 160
3 14 291
4 6 55
4 14 22
4 4 196
4 7 258
5 13 217
5 2 74
6 3 97
7 11 247
7 10 80
7 7 239
8 16 214
8 2 249
8 19 73
8 14 229
8 13 106
9 12 186
9 5 127
9 5 181
9 15 176
9 9 294
10 18 260
10 1 279
10 6 184
11 19 97
11 19 263
12 5 251
13 17 53
13 7 268
13 8 267
13 9 168
14 15 2
14 1 208
15 12 91
15 11 217
15 6 138
16 15 228
17 8 245
17 15 153
17 4 216
17 16 96
18 18 218
18 7 273
18 10 241
18 1 101
19 13 133
19 2 203
19 13 39
19 9 288
19 9 167
19 15 225
-1
60
0 6 89
0 8 227
0 13 73
0 14 240
1 12 172
1 0 172
1 0 235
2 19 2
2 12 159
2 13 119
2 2 277
2 8 201
2 6 5
3 11 46
3 3 117
4 9 132
4 19 77
5 3 199
5 3 12
5 14 182
6 13 161
6 18 227
7 16 20
7 4 6
7 10 248
7 10 166
8 8 212
8 6 214
8 10 251
8 15 90
8 9 148
8 12 173
9 9 73
9 12 110
9 17 290
10 2 92
10 6 118
10 5 18
10 5 277
10 19 6
11 5 296
12 13 287
12 9 259
12 18 267
12 2 146
13 13 47
13 14 13
13 4 30
13 7 81
13 15 95
14 16 44
14 3 162
15 4 152
15 1 207
15 4 34
15 7 185
15 9 36
15 16 73
16 6 58
16 15 37
16 7 96
16 0 103
17 7 90
17 0 79
17 8 137
18 6 58
18 10 89
19 6 285
19 17 19
19 8 140
-1
60
0 15 108
0 10 234
1 5 56
1 9 54
1 4 219
2 12 223
2 11 142
2 9 156
3 8 152
3 15 161
3 19 70
3 14 230
3 15 160
3 4 62
3 14 71
4 1 277
4 9 105
5 17 71
5 13 249
5 14 141
5 1 167
5 9 248
6 1 15
6 2 105
6 8 218
7 19 48
7 1 239
8 17 18
8 0 17
8 5 234
8 18 146
8 17 27
9 17 135
9 15 159
9 2 265
9 13 15
9 16 275
10 6 285
10 4 194
10 18 187
11 2 53
11 0 297
11 11 197
11 11 192
11 7 186
11 10 213
13 11 137
13 11 178
13 7 163
14 4 254
14 6 271
14 8 246
14 11 99
14 14 20
15 13 10
15 10 261
15 9 178
15 7 150
16 0 165
16 11 22
16 14 277
16 1 260
16 11 276
17 10 12
17 10 11
17 0 42
18 16 71
18 17 266
18 1 255
18 15 129
18 0 76
18 1 237
18 14 223
18 14 253
18 4 154
18 7 271
19 9 1
19 0 123
19 16 58
19 12 5
-1
60
0 14 168
0 9 104
0 17 238
1 4 105
1 19 17
1 11 152
1 4 203
2 12 168
3 8 20
3 16 185
3 17 231
3 6 98
3 14 183
4 11 114
4 4 92
5 7 280
5 13 270
6 2 71
6 10 133
6 9 161
7 1 242
7 13 85
7 6 121
8 10 49
8 9 191
9 15 188
9 18 256
9 13 220
9 2 195
9 17 100
9 6 188
9 15 40
9 2 7
9 12 254
9 4 122
9 11 200
10 16 278
10 1 133
10 9 155
10 2 206
10 7 101
10 5 80
10 0 139
11 15 91
11 17 255
11 13 298
12 17 39
12 12 290
13 8 104
13 5 5
13 9 173
13 6 101
13 8 148
13 3 193
14 9 145
14 19 229
14 19 250
14 5 212
14 7 210
14 19 108
14 5 272
14 13 202
15 16 141
15 10 121
15 16 162
15 16 106
15 16 47
17 18 280
17 15 160
17 0 120
18 14 179
18 2 258
18 14 133
18 12 177
18 16 150
19 8 142
19 11 172
19 12 268
19 2 289
19 11 148
-1
60
0 18 259
0 2 15
0 16 294
0 19 228
1 15 71
1 5 114
1 0 183
1 19 266
1 14 73
2 2 13
2 11 206
2 9 1
2 7 179
2 10 128
2 6 26
2 11 123
2 8 91
3 19 202
3 6 159
3 18 284
4 0 55
4 19 3
4 9 112
4 9 78
4 11 107
4 17 55
5 5 90
5 15 195
5 13 227
5 2 251
5 18 186
5 13 126
5 12 148
5 17 79
6 10 143
6 16 182
6 14 184
6 0 12
7 4 20
7 9 67
7 14 32
7 0 119
7 14 22
7 16 34
8 1 179
8 10 18
8 17 220
8 7 244
9 11 169
9 5 77
10 0 55
10 1 289
10 7 47
10 14 68
10 7 182
10 9 216
11 11 126
11 12 196
11 10 55
12 16 251
12 0 239
12 19 101
13 13 40
13 6 157
13 17 261
13 3 161
13 12 269
13 13 266
14 6 174
14 14 5
15 0 229
15 2 275
15 8 281
15 2 28
15 1 107
15 16 30
15 3 50
15 6 148
16 15 76
16 3 265
17 2 61
17 2 27
17 6 190
17 2 14
18 15 3
18 13 285
18 0 195
19 16 142
19 0 200
19 9 63
-1
60
0 10 89
0 16 139
0 8 139
0 14 205
0 0 174
0 2 13
0 15 14
1 3 209
1 15 55
1 10 269
1 6 277
1 18 144
1 2 251
1 1 23
1 0 130
2 8 218
2 17 48
2 10 239
2 14 292
2 10 251
2 19 206
3 13 55
3 11 110
3 6 262
3 12 285
3 19 32
4 0 225
4 2 201
4 1 242
4 8 211
5 6 6
5 19 46
5 10 85
5 8 192
5 10 5
6 0 125
6 7 274
6 3 181
6 10 6
6 6 57
7 12 25
7 7 121
7 4 260
7 9 249
8 18 150
8 15 88
9 5 105
9 18 249
10 14 286
11 16 148
11 6 63
11 5 57
11 1 110
11 3 237
12 0 38
12 14 78
13 2 235
13 18 70
14 12 22
14 13 11
14 10 17
15 13 86
15 7 79
15 3 226
15 16 190
15 12 268
15 7 183
15 10 59
16 10 184
16 8 252
16 11 13
16 13 74
16 15 49
16 16 109
16 19 291
16 2 85
16 1 267
17 11 211
17 14 95
17 15 65
17 2 54
17 16 283
18 14 107
18 3 155
19 10 113
19 9 116
19 13 124
19 18 282
19 10 129
19 19 157
-1
60
0 7 34
0 6 27
0 7 161
0 3 240
0 8 107
0 15 186
1 14 217
1 12 233
1 14 100
2 5 60
2 18 159
3 3 66
3 12 184
3 12 229
3 6 181
3 19 190
3 3 41
3 14 168
3 18 229
4 16 265
4 0 56
4 8 212
4 1 118
4 19 178
4 15 245
4 16 80
4 19 151
5 13 199
5 4 81
5 11 289
5 14 124
5 14 109
5 4 25
5 11 17
5 7 0
6 18 264
6 12 237
6 7 31
6 2 158
6 12 107
6 11 59
6 0 148
6 14 107
7 3 71
7 10 134
7 19 220
7 12 141
7 19 286
8 12 24
8 9 156
8 0 67
8 15 163
8 15 297
8 12 59
8 6 173
9 9 88
9 10 231
9 18 127
10 6 41
10 2 22
10 15 162
11 4 250
11 16 244
11 11 12
11 8 193
11 3 297
12 13 246
12 11 215
12 1 73
12 18 144
12 17 217
13 19 270
14 18 195
14 10 66
14 16 152
15 15 26
15 17 70
15 10 221
15 3 72
15 12 131
15 17 100
15 0 264
16 18 160
16 10 213
16 10 294
16 19 96
16 19 250
16 18 85
17 11 73
17 3 106
17 4 181
18 3 86
18 0 60
18 15 125
19 17 174
19 6 50
19 11 257
19 6 7
19 5 58
19 2 146
-1
60
0 6 217
0 9 295
0 15 193
0 12 153
0 19 72
0 13 122
1 5 47
1 3 277
1 16 15
1 4 219
2 1 141
2 18 238
2 0 80
3 5 233
4 3 95
5 6 127
5 1 252
5 1 111
5 11 90
5 10 233
6 8 225
6 18 114
6 2 99
7 1 82
7 4 15
7 10 173
7 10 69
8 10 25
8 7 133
8 18 143
8 2 227
8 18 193
9 1 210
9 9 73
9 13 266
9 15 149
10 7 75
10 0 283
10 14 291
10 19 135
11 5 193
11 19 287
11 7 52
11 4 220
11 19 205
11 10 288
12 18 185
12 11 192
12 8 89
12 5 43
12 7 279
12 11 21
12 19 28
13 14 127
13 4 230
13 12 190
13 11 273
13 5 81
13 10 15
13 5 274
13 7 100
13 13 104
13 8 221
13 4 292
14 15 89
14 2 244
14 17 278
14 11 45
14 14 42
14 3 11
14 10 280
14 16 14
15 13 223
15 8 17
15 16 197
15 14 198
15 3 164
15 6 188
15 4 244
15 1 290
16 9 159
16 19 222
16 19 256
16 6 33
16 17 209
17 17 44
17 9 24
17 19 230
17 7 131
17 17 258
17 12 204
17 2 211
18 6 243
18 6 150
18 12 150
18 13 37
18 7 246
19 15 81
19 1 295
19 17 80
-1
60
0 2 237
0 1 39
0 14 248
0 9 111
0 8 63
0 17 275
0 14 134
0 2 30
0 13 292
0 10 19
0 13 29
1 2 269
1 0 144
1 3 68
2 6 224
3 0 218
3 16 168
3 11 265
3 0 252
3 17 102
3 16 13
3 8 253
4 11 217
4 8 35
4 12 242
4 4 285
4 2 230
4 1 278
4 16 24
4 2 233
4 18 207
4 9 140
4 7 199
5 2 44
5 1 167
5 17 186
5 1 166
5 10 127
5 7 37
5 12 0
5 11 210
6 5 188
6 18 132
6 15 100
6 14 227
6 1 254
7 10 12
7 19 69
7 5 37
7 16 102
8 1 200
8 11 21
9 8 274
9 7 275
9 10 163
9 16 189
9 18 190
9 18 155
10 6 273
10 2 192
10 15 65
10 16 224
10 15 13
10 12 93
11 14 48
11 14 149
11 4 262
11 15 85
11 8 38
11 15 49
11 9 186
11 11 76
11 8 271
12 17 36
12 14 5
12 7 204
12 1 248
12 10 70
12 19 186
13 13 94
13 6 46
13 1 18
13 12 228
14 12 235
14 1 209
14 10 251
14 19 75
14 3 56
14 8 195
14 0 203
15 14 91
15 5 118
15 3 225
15 16 298
15 18 80
16 11 142
16 4 10
17 18 15
17 3 65
17 1 257
17 4 168
18 0 223
18 15 206
18 2 157
18 14 37
18 2 284
18 2 225
19 5 271
19 13 157
19 8 131
-1
60
0 19 3
0 11 17
0 6 13
0 19 67
1 10 26
1 18 16
1 18 139
1 9 148
2 11 100
2 9 121
2 18 265
3 18 168
3 4 65
3 1 45
4 4 116
4 6 25
4 13 49
5 14 15
5 3 25
5 10 61
5 2 35
5 5 53
5 19 235
5 17 292
5 4 91
5 13 44
6 4 256
6 11 81
6 9 171
6 19 248
6 9 182
6 18 17
7 10 60
7 5 263
7 11 117
7 0 146
7 0 111
8 15 101
8 0 285
8 17 41
8 16 126
8 11 64
8 2 169
9 5 252
9 11 298
9 14 273
9 10 200
9 4 182
9 14 168
9 5 19
9 7 152
9 10 290
9 5 232
9 4 228
10 13 60
10 3 70
10 6 250
10 9 162
10 4 255
10 15 285
11 14 210
11 7 235
11 11 37
11 11 267
11 3 91
11 5 154
11 12 139
11 17 279
11 2 133
11 7 288
11 13 151
11 3 243
11 9 19
11 13 79
13 16 69
13 5 210
13 3 204
13 9 29
13 2 232
13 0 83
13 9 117
13 7 137
14 2 29
15 16 91
15 18 129
15 17 200
15 13 174
15 17 91
16 11 138
16 19 36
16 7 246
16 3 250
16 17 118
17 17 270
17 5 41
17 1 68
17 7 161
17 12 185
18 3 124
18 4 220
18 1 92
18 19 120
19 14 129
19 17 287
19 0 41
19 10 123
19 10 175
19 18 17
19 10 97
19 9 160
-1
60
0 4 275
0 19 76
0 13 96
0 10 44
0 17 133
1 18 165
1 18 265
1 18 13
1 16 178
2 17 190
2 9 234
2 18 68
2 10 214
2 8 177
2 1 100
2 3 122
2 5 175
3 3 230
3 1 1
3 14 178
3 8 44
3 10 189
3 16 146
3 16 87
4 10 209
4 16 19
4 17 147
4 6 101
4 19 268
4 17 77
5 14 179
5 7 57
5 16 182
5 13 139
5 5 6
6 15 113
6 14 229
6 10 61
6 9 266
6 15 156
6 13 40
6 18 13
7 4 110
7 14 80
7 2 73
7 15 168
7 16 281
8 13 32
8 17 224
8 11 5
9 6 158
9 13 238
9 2 191
9 14 28
9 1 253
10 14 84
10 1 203
10 5 124
10 12 200
10 5 183
10 17 14
11 16 117
11 11 43
11 3 97
11 11 112
12 3 108
12 13 28
12 7 130
12 16 295
12 5 20
13 0 297
13 19 62
13 11 226
13 0 114
13 0 291
14 5 140
14 1 52
14 9 119
14 9 249
14 12 288
15 8 54
15 11 87
15 16 82
15 3 141
15 16 207
15 0 272
15 14 176
15 16 276
16 6 209
16 9 30
16 9 254
16 4 167
16 14 86
16 17 283
16 13 269
16 18 61
17 5 212
17 2 274
17 8 60
17 9 150
17 16 231
17 4 287
17 7 42
17 17 207
17 18 37
18 3 204
18 9 187
18 7 286
18 1 143
18 10 219
18 18 9
18 3 111
18 4 15
19 5 272
19 18 74
19 4 100
19 10 114
19 4 273
19 17 133
19 8 290
-1
60
0 12 57
0 17 132
0 18 100
0 14 201
2 11 6
2 12 165
2 13 222
2 14 17
2 8 31
2 6 86
2 14 293
2 4 224
3 11 23
3 1 99
3 17 145
3 7 258
3 10 228
3 18 118
3 8 53
4 0 299
4 3 190
4 14 29
4 0 82
4 4 2
4 6 18
5 9 122
5 2 10
5 8 93
5 2 282
5 10 282
6 4 261
6 8 119
6 19 290
6 7 133
6 4 84
6 3 253
7 14 159
7 12 169
7 2 290
7 17 61
8 6 80
8 14 261
8 15 91
8 14 280
8 19 174
8 18 268
8 15 211
8 1 219
8 18 267
8 1 164
9 7 277
9 2 84
9 7 163
9 3 265
10 4 215
10 4 173
10 2 281
10 18 170
10 5 277
10 2 92
11 0 292
11 9 181
11 19 104
11 9 65
11 5 268
11 19 101
11 10 237
11 6 274
12 11 79
12 8 292
12 15 183
12 18 237
13 10 99
13 4 161
13 9 277
13 17 199
13 0 254
13 9 253
13 14 157
14 8 89
14 17 253
14 11 287
14 5 242
14 18 198
15 9 143
15 5 20
15 19 129
15 1 237
15 11 10
16 5 126
16 13 6
16 11 19
16 7 104
16 7 58
16 10 124
16 12 227
16 5 36
16 3 117
17 15 11
17 14 144
17 9 2
17 7 181
17 2 210
17 13 41
17 1 63
17 15 59
18 15 84
18 19 49
18 5 284
18 14 297
18 7 176
18 1 155
18 17 6
18 15 105
19 12 221
19 12 57
19 13 212
19 0 289
19 9 183
19 7 56
-1
60
0 17 40
0 11 224
0 9 8
0 6 255
0 15 245
0 3 287
1 16 115
1 19 221
1 14 69
1 7 20
2 14 74
2 4 297
3 4 139
3 11 114
3 6 237
3 8 95
3 18 92
3 18 196
3 1 243
3 2 67
3 11 139
3 8 108
4 17 53
4 18 267
4 7 99
4 5 140
4 18 152
4 16 263
4 10 54
4 8 19
4 3 175
5 2 144
5 15 79
5 0 167
5 1 142
5 5 21
6 13 253
6 4 89
6 6 41
6 12 179
6 14 253
6 14 122
6 17 277
7 2 57
7 3 151
7 8 249
7 6 97
7 19 118
8 6 257
8 17 86
8 7 229
8 16 272
8 19 261
8 9 159
8 4 298
8 4 18
8 16 268
9 2 115
9 15 127
10 17 58
10 0 182
10 19 90
10 6 21
10 14 45
10 11 276
11 14 70
11 18 272
11 7 237
11 19 261
11 15 87
11 17 288
11 15 25
12 0 185
12 7 252
12 8 282
12 9 23
12 2 220
13 1 167
13 3 213
13 16 121
13 13 113
13 14 246
14 9 152
14 5 132
14 8 277
14 13 103
14 14 268
14 18 1
14 5 205
15 19 123
15 8 76
15 18 6
15 9 229
15 5 30
15 14 277
15 2 19
15 16 111
15 16 249
15 8 63
16 8 154
16 18 245
16 9 208
16 2 73
16 16 159
16 4 19
16 5 161
17 11 225
17 7 112
17 2 90
17 7 67
17 8 236
17 13 4
18 7 72
18 9 219
18 18 168
18 2 36
18 8 20
18 4 19
18 14 251
18 18 6
18 19 10
19 6 292
19 4 201
19 19 169
19 11 251
19 16 124
19 15 26
19 4 207
19 15 294
19 19 2
-1
60
0 14 255
0 17 54
0 12 161
0 0 78
0 11 181
0 14 268
0 9 241
0 17 76
0 5 15
0 15 66
0 0 243
1 8 242
1 0 145
1 12 240
1 2 186
1 5 278
1 17 222
1 2 51
1 0 56
1 6 126
2 5 194
2 6 114
2 19 261
2 6 270
2 0 205
2 6 194
2 18 224
2 18 52
2 8 28
2 7 59
3 2 130
3 15 244
3 14 50
3 4 181
3 9 58
3 5 110
3 2 51
3 2 63
4 0 284
4 13 42
4 16 55
5 11 153
5 15 98
5 12 201
5 12 253
5 2 158
5 8 57
5 3 247
6 6 186
6 4 283
6 7 54
6 1 46
6 15 172
6 7 59
6 18 196
7 15 258
7 9 287
7 12 108
7 14 93
8 5 99
8 19 133
8 14 6
8 16 153
8 15 139
8 17 194
8 11 183
8 19 117
8 7 291
9 10 72
9 6 1
9 7 173
10 12 267
10 7 94
10 5 277
10 6 28
11 8 44
11 1 84
11 12 5
11 7 250
11 2 63
12 16 121
12 17 156
12 9 105
12 18 240
12 5 161
12 16 188
12 2 283
12 9 297
12 12 270
13 12 102
13 15 82
13 9 294
13 14 203
13 7 146
13 0 169
13 14 288
14 3 110
14 15 173
14 19 121
15 5 86
15 12 239
15 16 208
15 17 237
15 0 198
15 8 111
15 1 114
16 11 76
16 10 204
16 12 241
16 12 269
16 1 206
16 9 172
17 12 171
17 14 184
17 16 191
17 15 24
17 9 284
17 15 16
17 16 113
18 11 81
18 0 221
18 18 92
18 7 36
18 12 213
19 14 139
19 12 190
19 3 243
19 9 246
19 19 7
19 8 46
-1
60
0 3 126
0 1 3
0 4 227
0 9 286
0 0 100
1 17 159
1 13 145
2 10 173
2 17 240
2 11 69
2 7 232
2 8 227
2 18 93
2 6 292
2 18 255
2 5 230
3 13 179
3 14 112
3 13 211
3 5 52
3 4 247
3 9 214
4 10 18
4 10 9
5 18 120
5 5 149
5 6 79
5 5 65
5 16 225
5 8 177
5 11 186
5 3 99
6 1 267
6 13 141
6 8 123
6 1 280
6 4 69
6 1 120
6 0 210
6 15 284
7 8 273
7 0 221
7 14 191
7 7 62
7 0 209
7 2 161
7 13 223
7 16 111
8 7 121
8 2 43
8 7 278
8 13 206
8 10 95
8 2 19
8 14 180
8 18 23
9 0 197
9 10 281
9 15 166
9 16 262
9 18 278
9 18 293
10 7 99
10 17 148
10 9 177
10 1 192
10 14 143
10 6 106
11 10 253
11 13 265
11 0 192
11 0 118
11 19 290
11 8 249
11 17 257
11 6 20
11 7 17
11 2 218
11 5 25
12 12 81
12 0 117
12 17 19
12 15 292
12 15 127
12 1 4
12 10 92
12 7 14
12 12 283
12 19 91
12 7 261
12 13 87
13 12 20
13 17 298
13 6 159
13 11 168
13 7 145
13 11 147
13 2 251
14 1 284
14 5 111
14 16 135
14 9 122
14 7 118
15 7 31
15 10 55
15 15 192
15 6 31
15 19 284
15 5 27
16 13 77
16 13 245
16 18 249
16 13 134
16 4 134
16 6 201
16 12 70
16 11 64
16 18 264
17 7 79
17 18 256
18 0 8
18 2 172
18 18 145
18 16 83
18 13 83
18 18 155
18 16 192
18 0 91
19 7 245
19 14 193
19 16 192
19 11 257
19 0 6
19 12 291
19 12 82
19 15 188
19 10 72
19 5 274
19 5 217
19 17 91
-1
60
1 2 36
1 2 231
1 3 104
1 7 127
1 9 149
2 11 69
2 3 278
2 19 297
2 6 49
2 19 36
2 18 281
2 12 11
2 1 77
2 18 232
3 6 187
3 14 80
3 14 106
3 10 201
3 5 205
3 4 246
3 15 70
3 5 196
3 9 16
3 9 29
3 12 74
4 8 107
4 7 180
4 14 276
4 2 22
4 3 98
5 0 205
5 19 281
5 19 72
5 1 96
6 0 24
6 18 112
6 17 51
6 3 230
7 4 203
7 2 10
7 1 52
7 5 90
7 18 53
8 1 181
8 10 170
8 17 130
8 18 285
8 13 44
8 4 260
9 10 81
9 4 3
9 17 263
9 15 137
9 14 267
9 3 81
9 16 107
9 11 58
9 13 74
9 12 160
10 17 214
10 5 266
10 15 68
10 11 138
10 6 220
10 19 127
10 6 73
10 17 208
11 17 199
11 0 134
11 8 140
11 10 115
11 7 116
11 15 196
11 15 116
11 19 73
11 14 161
11 18 180
11 2 35
11 3 239
11 3 217
12 0 43
12 0 177
12 11 196
12 8 41
12 10 121
12 11 124
12 9 164
12 13 264
13 11 246
13 9 12
13 15 102
13 5 238
13 0 229
13 0 115
13 16 176
13 7 267
14 16 296
14 18 41
14 3 116
14 1 259
14 10 87
14 18 6
15 13 299
15 19 46
15 1 277
15 3 182
15 3 18
15 16 182
15 2 4
15 16 15
15 10 37
16 5 73
16 17 101
16 13 80
16 18 199
16 14 288
16 12 217
17 8 206
17 11 208
17 11 196
18 13 120
18 8 82
18 13 132
18 15 0
18 14 242
18 16 92
18 10 147
18 1 266
18 1 51
18 8 270
19 9 141
19 5 147
19 6 202
19 11 169
19 7 7
19 12 48
19 7 86
19 6 54
19 16 155
19 1 171
-1
60
0 13 174
0 8 116
0 13 291
0 14 21
0 13 109
0 14 24
0 12 27
0 0 246
0 6 191
0 13 289
0 6 1
0 13 160
0 16 191
1 10 18
1 19 249
1 17 127
1 1 158
1 5 259
1 15 290
1 10 105
1 18 20
1 19 129
2 1 207
2 12 247
2 13 38
2 5 233
3 7 17
3 0 264
3 0 264
3 4 46
3 2 287
4 14 191
4 19 25
4 9 39
5 2 104
5 6 195
5 11 147
5 8 40
5 1 49
5 6 7
5 18 159
5 4 199
5 16 161
6 4 288
6 6 65
6 15 182
6 10 233
6 10 206
6 4 107
6 13 295
7 16 232
7 4 197
7 18 97
7 4 91
7 9 39
8 14 32
8 14 195
8 6 160
8 6 46
8 5 237
8 9 128
8 5 37
8 4 215
8 13 262
8 5 23
9 2 264
9 6 153
9 16 128
9 7 155
9 1 289
9 13 245
9 6 200
9 5 9
9 2 230
9 2 278
9 5 215
9 13 129
9 1 28
10 7 270
10 1 42
10 6 211
10 18 59
11 18 8
11 16 249
11 17 156
11 6 271
11 3 67
11 8 224
11 10 269
11 7 9
11 19 49
11 2 144
11 2 153
12 1 131
12 16 100
12 14 173
12 11 118
12 10 257
12 17 245
13 10 145
13 14 137
13 1 295
13 8 152
13 8 285
13 13 9
13 4 136
13 4 265
14 5 185
14 5 32
14 14 3
14 3 222
14 5 148
14 4 250
14 3 198
14 19 199
14 15 293
15 10 246
15 4 47
15 15 75
15 14 264
16 0 180
16 12 64
16 5 169
16 11 156
16 3 247
16 14 80
16 8 203
16 15 126
16 12 140
16 0 227
17 15 236
17 6 134
17 4 169
17 12 143
17 17 60
17 11 2
17 13 222
18 3 97
18 12 90
18 17 0
18 8 60
18 7 23
18 3 279
18 15 276
18 9 237
19 15 25
19 1 141
19 5 122
19 12 265
19 11 154
-1
60
0 18 149
0 6 262
0 19 118
0 2 26
0 6 203
0 14 55
0 8 135
0 3 239
0 16 190
0 15 42
1 14 69
1 17 16
1 14 202
1 11 6
1 9 63
1 9 69
1 19 259
1 0 15
2 17 195
2 19 158
2 11 128
2 11 253
2 19 171
2 10 10
3 16 89
3 11 6
3 15 1
3 7 128
3 11 263
3 1 41
3 18 111
3 5 76
3 12 155
4 11 146
4 6 144
4 13 92
4 0 128
4 8 154
4 9 296
4 11 211
5 7 183
5 15 200
5 10 153
6 4 226
6 10 110
6 15 284
6 5 85
6 3 183
6 7 288
6 4 108
6 5 36
6 5 55
6 15 154
7 8 104
7 19 10
7 13 3
7 8 287
7 1 288
7 7 218
7 14 247
7 1 244
8 2 214
8 12 112
8 18 270
8 14 20
8 8 197
8 17 56
8 3 68
9 14 270
9 2 287
9 3 86
9 0 206
9 12 256
9 5 42
9 8 115
9 2 16
10 11 41
10 8 173
10 3 136
10 1 137
10 18 179
10 15 198
10 9 148
10 16 289
10 6 136
11 0 231
11 3 217
11 17 115
11 17 108
11 3 64
11 2 9
11 14 176
12 10 181
12 4 219
12 5 185
12 8 57
12 7 85
12 16 147
12 13 112
12 2 267
12 1 102
12 17 260
13 6 124
13 19 274
13 18 117
13 19 124
13 17 272
13 15 244
13 8 189
13 12 205
13 10 293
14 9 279
14 2 187
14 18 46
14 5 155
15 3 32
15 15 55
15 5 74
15 10 239
15 14 36
15 18 261
15 18 246
16 14 188
16 3 176
16 3 146
16 14 233
16 14 202
16 6 138
17 7 103
17 15 274
17 1 279
17 6 257
17 7 255
17 5 119
17 15 124
17 19 261
17 1 159
17 4 267
18 12 106
18 2 163
18 15 277
18 15 250
18 15 0
18 18 254
18 12 261
19 14 278
19 7 151
19 17 54
19 4 2
19 15 288
-1
60
0 6 193
0 7 122
0 4 282
0 9 145
0 2 96
0 13 291
0 7 83
0 10 5
0 19 19
0 5 185
1 5 9
1 4 288
1 10 229
1 4 183
1 1 255
1 16 138
1 10 85
2 5 151
2 5 170
2 1 163
2 18 57
2 2 137
2 8 164
2 3 0
2 14 87
2 14 248
2 2 198
2 12 236
2 2 195
3 6 186
3 14 88
3 15 47
3 11 200
3 9 164
3 6 80
3 12 22
3 15 298
3 7 240
3 3 220
3 9 54
4 1 83
4 2 8
4 8 100
4 3 259
4 11 171
4 10 225
4 11 75
5 16 254
5 16 105
5 18 131
5 9 67
5 12 98
5 2 115
5 0 108
5 15 141
5 8 16
5 19 93
6 13 298
6 7 72
6 0 231
6 1 35
6 11 192
6 18 23
6 9 170
6 6 40
6 16 110
7 19 76
7 10 12
7 10 88
7 3 83
7 0 256
7 10 173
7 16 185
7 12 139
8 12 200
8 6 123
8 16 90
8 6 70
8 13 205
9 12 269
9 18 91
9 17 25
9 17 210
9 6 217
10 9 267
10 9 118
10 13 174
10 9 184
10 10 242
10 10 150
11 13 22
11 2 142
11 19 133
11 19 56
11 13 149
11 7 33
11 14 71
11 10 137
11 17 120
11 2 165
11 7 19
11 7 175
11 19 151
12 13 165
12 13 112
12 5 92
12 16 80
12 11 278
13 8 187
13 8 166
13 0 258
13 6 119
13 18 112
14 12 62
14 7 101
14 18 247
14 18 270
14 19 225
14 7 89
14 18 223
15 5 144
15 3 282
15 16 165
15 11 208
16 14 187
16 9 94
16 6 236
16 15 273
16 10 137
16 18 4
16 5 40
16 14 75
17 11 228
17 5 272
17 3 155
17 14 115
17 12 194
17 19 34
17 12 66
17 2 144
17 13 15
17 18 289
18 1 269
18 18 170
18 17 215
18 5 0
18 7 262
18 10 232
18 1 53
18 0 138
18 13 67
18 5 13
18 6 79
18 12 298
19 10 250
19 11 161
19 19 251
19 15 226
19 10 184
19 15 76
-1
60
0 4 19
0 15 63
0 14 116
0 0 51
0 13 292
0 0 142
0 11 164
1 17 78
1 0 62
1 6 40
1 17 212
1 14 108
1 3 92
1 5 228
2 10 110
2 18 105
2 18 159
2 6 128
2 5 1
2 12 289
2 7 163
2 5 143
2 3 123
3 3 178
3 14 297
3 3 260
3 3 48
3 17 135
3 13 260
3 12 5
3 17 148
4 7 18
4 2 7
4 4 231
4 5 229
4 2 112
4 11 275
4 15 54
4 3 199
4 18 272
4 7 137
4 0 42
4 9 109
5 6 96
5 1 196
5 7 50
5 5 196
5 11 111
5 0 271
5 10 186
5 19 194
6 7 60
6 1 37
6 8 277
6 12 202
6 7 228
7 0 288
7 17 73
7 1 108
7 16 197
7 19 106
7 16 199
7 2 36
7 12 134
7 17 150
7 4 242
8 4 106
8 2 219
8 19 60
8 11 219
8 0 99
9 2 5
9 12 164
9 3 54
9 10 20
9 0 79
9 4 197
9 14 240
10 15 32
10 5 130
10 10 91
10 8 144
10 10 206
10 9 118
10 8 200
10 16 53
10 4 281
10 19 180
10 14 141
10 3 20
10 4 40
10 5 274
10 10 4
10 18 167
10 16 0
11 16 170
11 3 291
11 1 200
11 2 191
11 17 77
11 14 73
11 1 255
11 14 199
11 10 159
12 4 192
12 5 209
12 5 158
12 15 225
12 14 133
13 6 88
13 7 259
13 7 18
13 8 45
13 5 117
13 9 190
13 11 132
14 18 16
14 11 212
14 9 125
14 4 169
14 7 56
14 10 92
15 19 44
15 1 127
15 13 286
15 19 216
15 15 95
15 14 67
15 12 180
15 13 209
15 16 226
15 7 132
16 8 128
16 15 137
16 18 43
16 9 120
17 14 121
17 19 203
17 14 284
17 0 268
17 14 211
17 8 209
17 13 62
17 12 230
17 14 40
17 3 79
17 8 54
17 19 142
18 1 289
18 0 285
18 7 7
18 10 156
18 5 135
18 0 157
18 19 299
18 1 52
19 10 271
19 13 278
19 10 161
19 8 151
-1
60
0 17 290
0 5 62
0 10 246
0 12 287
0 9 228
0 1 2
1 13 70
1 11 86
1 12 83
1 14 166
1 0 90
1 18 144
2 14 197
2 1 129
2 7 182
2 11 107
2 1 214
2 5 298
2 16 147
3 4 119
3 18 5
3 10 11
3 6 180
3 2 188
3 11 238
3 16 210
3 18 150
3 14 208
3 2 193
3 0 263
3 12 257
3 17 78
3 13 55
4 9 284
4 0 93
4 0 20
5 6 88
5 18 256
5 2 257
5 9 190
5 3 183
5 17 199
6 18 117
6 10 261
6 15 237
6 0 75
6 16 0
6 5 299
6 10 87
6 1 55
7 8 226
7 9 208
7 9 265
7 13 249
7 18 186
7 4 183
7 3 113
7 18 101
8 10 76
8 3 290
8 10 99
8 12 114
8 9 121
8 11 103
9 19 61
9 1 159
9 2 34
9 10 80
9 19 197
10 9 266
10 8 272
10 14 130
10 0 180
10 5 66
10 10 257
10 3 237
10 6 195
10 4 150
10 16 137
10 18 124
10 0 271
11 6 203
11 10 52
11 15 223
11 16 232
11 16 24
11 1 105
11 0 152
12 0 74
12 5 286
12 15 146
12 10 54
12 7 11
12 6 294
12 17 70
12 15 84
12 12 102
13 6 19
13 0 134
13 6 10
13 18 294
13 5 62
13 17 172
13 2 22
13 13 266
13 3 61
14 12 211
14 6 261
14 16 21
14 17 233
14 1 44
14 18 8
14 3 83
14 7 235
15 17 271
15 4 185
15 16 10
15 13 117
15 19 87
15 14 272
15 1 126
15 3 168
15 8 219
15 16 160
15 15 57
15 0 44
15 10 257
16 13 46
16 8 120
16 8 11
16 4 182
16 2 10
16 6 119
16 18 50
16 0 207
16 19 52
16 14 159
16 19 225
16 17 132
16 19 114
17 11 118
17 18 114
17 10 150
17 9 30
17 0 227
17 9 16
17 19 151
17 7 27
17 16 75
17 9 79
17 11 133
17 12 75
17 1 240
17 14 67
17 13 141
18 5 161
18 17 200
18 12 60
18 4 265
18 9 253
18 17 18
19 16 54
19 3 94
19 2 217
19 8 16
19 0 275
19 12 118
19 15 144
19 1 5
19 7 21
-1
60
0 13 245
0 8 114
0 18 120
1 4 37
1 18 279
1 11 117
1 5 219
1 15 100
1 2 252
2 1 107
2 7 125
2 12 145
2 15 69
2 13 225
2 16 280
2 14 120
2 16 247
2 1 228
2 1 34
2 2 187
3 15 140
3 3 211
3 4 175
3 14 191
3 16 78
3 12 215
3 9 3
3 10 158
4 13 257
4 14 246
4 12 84
4 0 186
4 7 4
4 1 224
4 6 205
4 5 67
4 18 241
5 5 162
5 4 174
5 15 104
5 0 197
5 17 154
5 15 233
5 14 140
5 1 103
5 19 292
6 19 138
6 2 231
6 3 251
6 8 112
6 5 97
6 0 257
7 14 216
7 7 262
7 7 11
7 5 40
7 5 174
7 4 57
7 9 176
7 14 118
8 3 121
8 18 248
8 14 164
8 1 149
8 4 166
8 11 133
9 15 200
9 11 87
9 2 258
9 15 32
9 11 264
9 8 253
9 1 21
9 1 198
9 6 231
9 16 64
10 7 189
10 11 30
10 0 45
10 5 124
11 2 279
11 16 171
11 17 33
11 10 25
11 1 213
11 8 172
11 12 201
12 0 147
12 6 47
12 4 291
12 3 119
12 10 95
12 9 16
12 0 104
12 9 293
12 2 297
13 8 223
13 7 144
13 18 252
13 10 36
13 11 77
14 7 180
14 12 17
14 10 257
14 0 108
14 1 292
14 3 145
14 2 97
14 4 152
14 5 106
14 14 177
14 0 56
14 4 298
15 2 232
15 2 262
15 16 191
15 18 116
15 12 5
15 8 115
15 15 149
16 2 158
16 15 68
16 14 102
16 2 261
16 13 153
16 17 32
16 19 184
16 19 152
16 11 80
16 3 287
16 16 200
16 1 164
17 0 160
17 6 281
17 0 152
17 4 129
17 7 31
17 15 200
17 14 215
17 7 195
17 16 15
18 1 263
18 8 145
18 11 79
18 15 76
18 13 151
18 2 196
18 14 46
18 6 100
18 8 137
18 6 52
19 1 17
19 9 119
19 2 32
19 15 9
19 2 256
19 19 32
19 2 129
19 14 6
19 16 284
19 2 65
19 0 174
19 8 250
19 3 59
19 16 208
19 13 17
19 17 95
19 17 236
19 5 183
19 18 259
-1
60
0 15 107
0 5 192
0 18 233
0 19 41
0 3 194
0 3 104
0 5 70
1 8 267
1 3 214
1 7 223
1 4 217
1 14 257
1 19 38
1 10 207
1 11 147
1 8 6
1 10 293
1 11 251
1 3 111
1 8 196
2 4 84
2 13 63
2 3 291
2 9 66
2 3 285
2 8 115
2 9 104
3 14 59
3 16 13
3 14 204
3 18 127
3 7 239
3 8 40
3 19 258
3 17 28
3 0 49
3 9 77
3 17 12
4 6 125
4 19 181
4 6 24
4 12 223
4 6 176
4 7 56
4 2 75
4 11 23
4 9 266
4 2 55
4 1 58
4 8 171
4 8 210
5 4 273
5 1 62
5 5 225
5 5 283
5 10 200
6 10 138
6 11 168
6 16 158
6 11 208
6 16 249
6 6 107
6 19 177
6 15 270
6 13 27
6 8 189
7 5 50
7 16 5
7 14 18
7 12 136
7 14 3
7 11 73
8 19 159
8 15 283
8 19 151
8 2 204
8 19 21
8 2 250
8 17 71
8 9 189
8 0 282
8 19 212
8 19 9
9 3 17
9 1 56
9 7 10
9 8 132
9 7 33
9 12 261
10 16 253
10 8 97
10 2 279
10 11 161
10 15 220
10 9 65
10 6 96
10 6 234
10 17 175
10 13 233
11 17 20
11 2 14
11 1 157
11 16 279
11 15 173
11 16 259
11 14 260
11 11 237
11 3 217
11 3 151
12 0 128
12 3 233
12 19 61
12 16 45
12 0 133
13 8 56
13 1 107
13 15 128
13 16 184
13 7 59
13 11 251
13 2 7
13 5 147
13 8 102
14 5 155
14 13 279
14 15 162
14 16 31
14 4 43
14 8 229
14 1 122
14 6 45
14 4 109
14 9 242
14 11 244
14 2 119
15 1 74
15 4 1
15 6 280
15 14 88
15 8 114
15 18 258
15 1 80
15 14 107
15 10 256
15 8 92
16 13 111
16 16 234
16 16 161
16 9 297
16 7 165
16 9 241
16 15 204
16 12 245
16 17 139
16 8 66
16 4 151
16 14 143
17 5 55
17 18 0
17 10 115
17 6 127
17 16 123
18 0 270
18 5 263
18 19 178
18 13 155
18 2 295
18 15 59
18 12 59
18 1 146
18 17 94
18 2 103
19 8 96
19 14 151
19 18 181
19 5 115
19 0 144
19 5 98
19 8 105
19 17 79
-1
60
0 16 94
0 0 81
0 16 291
0 2 282
0 0 150
0 13 286
1 18 122
1 3 265
1 6 242
1 15 73
1 8 222
1 14 34
1 13 276
1 13 289
2 2 13
2 17 74
2 6 184
2 8 272
2 7 235
2 11 3
2 1 58
2 5 155
2 17 53
2 13 22
3 14 168
3 9 294
3 2 122
3 13 162
3 7 81
3 6 162
3 2 40
3 6 204
3 8 299
3 15 59
3 5 248
3 8 212
3 14 73
3 12 94
3 17 124
3 0 212
3 13 137
3 15 246
4 16 234
4 16 242
4 16 208
4 1 269
4 5 92
4 10 260
4 16 228
4 15 109
5 19 168
5 5 84
5 2 13
5 6 202
5 0 39
5 10 242
5 5 209
5 10 294
5 11 226
5 4 2
6 9 100
6 14 167
6 18 299
6 10 198
6 6 78
6 18 221
6 0 96
7 7 72
7 4 193
7 12 210
7 14 205
7 13 27
7 5 147
7 12 78
7 6 32
7 5 183
7 17 201
7 13 36
7 3 168
7 4 177
7 5 173
7 14 159
7 11 101
8 14 9
8 17 99
8 2 238
8 17 210
8 1 174
9 14 238
9 3 259
9 12 71
9 8 61
9 18 60
10 4 131
10 18 263
10 8 196
10 16 81
10 16 89
10 15 181
10 3 96
10 17 239
11 0 289
11 13 89
11 7 27
11 18 167
11 7 3
11 13 206
11 7 258
11 4 172
11 13 102
12 10 280
12 18 216
12 14 152
12 3 63
12 18 70
12 6 154
12 3 43
13 16 280
13 0 241
13 2 298
13 7 72
13 3 116
13 17 144
14 5 64
14 5 2
14 18 163
14 0 53
14 11 190
14 9 224
14 17 30
14 1 117
14 16 155
14 17 125
14 16 43
14 14 22
14 18 267
14 11 53
14 1 4
15 12 147
15 12 191
15 13 40
15 4 47
15 9 137
15 3 202
15 2 23
15 8 64
15 18 47
16 5 235
16 6 171
16 11 116
16 2 65
16 10 49
16 9 133
16 2 19
16 13 271
16 7 86
16 0 246
17 16 76
17 7 59
18 1 173
18 5 109
18 6 73
18 15 229
18 13 285
18 11 36
19 12 71
19 4 281
19 14 271
19 9 105
19 5 277
19 19 292
19 16 134
19 15 261
19 7 32
19 12 196
19 9 275
19 11 280
19 1 139
19 11 289
19 2 192
-1
60
0 19 178
0 6 84
0 12 261
0 19 136
0 6 192
0 8 282
0 19 141
0 12 178
0 3 282
0 6 276
0 7 165
0 12 214
0 1 277
0 3 271
0 13 290
1 5 208
1 5 112
1 15 119
1 4 142
1 12 160
1 14 1
1 14 114
1 15 142
1 16 211
1 11 21
2 7 11
2 0 298
2 11 211
2 12 288
2 10 261
2 0 149
2 13 75
2 8 58
2 18 158
2 2 8
2 11 228
2 6 215
3 1 105
3 5 63
3 17 197
3 9 201
3 3 6
4 1 35
4 13 96
4 19 111
4 5 273
4 14 99
4 16 119
5 8 197
5 3 251
5 6 285
5 3 85
5 5 56
5 15 24
5 0 176
5 10 158
5 17 209
5 1 189
6 1 203
6 5 277
6 5 242
6 0 215
6 10 101
6 8 182
6 1 248
6 4 131
6 3 117
7 13 5
7 8 50
7 19 55
7 13 270
7 16 20
7 9 131
7 14 60
8 10 125
8 1 39
8 12 283
8 17 10
8 7 261
8 8 7
8 5 71
8 15 37
8 17 11
9 7 46
9 17 88
9 16 163
9 6 11
9 4 296
9 10 165
9 14 169
9 6 188
9 4 249
9 13 142
10 11 47
10 0 189
10 9 73
10 7 216
10 4 82
11 4 234
11 3 248
11 13 298
11 16 95
11 13 90
11 8 157
11 19 212
11 6 168
11 4 159
12 10 122
12 19 89
12 6 146
12 18 21
12 1 156
12 6 83
12 10 247
12 11 203
12 1 102
13 12 3
13 19 288
13 14 55
13 9 2
13 16 18
13 10 41
13 6 178
13 3 20
13 12 116
13 13 193
13 19 103
14 19 28
14 10 20
14 3 46
14 1 211
14 8 57
14 16 80
14 11 251
14 9 243
14 8 286
14 6 268
15 6 60
15 19 213
15 12 278
15 3 9
15 0 4
15 6 207
15 18 207
15 16 18
15 19 18
16 11 252
16 5 16
16 19 144
16 11 232
16 3 114
16 2 270
16 6 147
16 12 15
16 4 123
16 3 179
16 4 271
16 5 21
16 12 204
17 0 168
17 14 237
17 10 235
17 8 250
17 12 124
17 17 252
17 14 241
17 10 277
17 17 264
17 16 120
17 17 245
17 9 112
18 0 144
18 5 52
18 9 220
18 16 138
18 16 18
18 14 275
19 13 75
19 17 61
19 11 50
19 0 165
19 17 134
19 4 144
19 15 187
19 10 216
19 6 56
19 9 143
19 18 93
19 13 203
19 10 34
-1
60
0 17 235
0 5 4
0 12 171
0 14 97
1 17 266
1 6 277
1 7 156
1 15 79
1 16 221
1 7 97
1 7 276
1 16 105
2 18 109
2 12 253
2 3 14
3 8 160
3 1 277
3 2 61
3 5 19
3 1 194
3 11 238
3 13 48
3 10 190
3 17 257
4 13 167
4 2 12
4 15 12
4 8 47
5 15 225
5 16 28
5 8 202
5 11 210
5 11 227
5 17 95
5 17 295
5 3 113
5 6 170
6 17 168
6 8 46
6 8 100
6 8 101
6 2 72
6 7 296
7 17 204
7 16 243
7 10 125
7 6 298
7 17 200
7 4 68
7 4 75
7 17 140
7 9 244
7 16 171
8 2 265
8 16 169
8 8 255
8 8 107
8 0 48
8 1 282
8 11 236
8 6 152
8 0 172
8 0 215
8 15 164
8 9 121
8 4 48
8 8 255
8 1 236
9 11 224
9 0 123
9 17 228
9 8 126
9 13 258
9 4 22
9 11 295
9 1 201
9 8 283
9 0 74
9 18 8
9 0 255
9 11 192
10 3 207
10 8 147
10 9 91
10 6 140
10 17 168
10 13 142
10 17 117
10 19 197
10 8 29
10 2 203
10 6 126
10 0 224
11 10 3
11 19 193
11 14 49
11 16 134
11 9 63
11 10 1
12 1 77
12 17 165
12 11 114
12 19 201
12 12 27
12 14 215
12 12 65
12 9 263
12 11 117
12 7 234
12 1 144
12 6 97
13 7 14
13 9 108
13 3 254
13 2 295
13 13 187
13 7 92
13 12 293
13 4 215
13 10 90
13 7 57
14 8 30
14 1 146
14 5 203
14 19 244
14 9 171
14 14 237
14 6 35
14 12 53
14 10 137
14 9 184
14 17 180
14 18 215
15 15 268
15 5 196
15 13 279
15 5 68
15 19 245
15 19 175
15 8 274
15 19 110
15 13 12
15 2 49
15 5 53
16 18 81
16 2 263
16 4 150
16 5 1
16 0 17
16 3 130
16 9 27
16 3 159
17 10 285
17 5 103
17 7 276
17 17 281
17 2 234
17 4 41
17 15 140
17 12 240
17 3 102
17 1 102
17 0 36
17 19 52
17 4 253
18 17 118
18 8 283
18 9 2
18 9 20
18 17 239
18 2 9
18 0 125
18 15 263
18 13 258
18 12 201
18 5 232
18 17 260
18 7 36
18 17 143
18 9 284
19 9 263
19 0 33
19 6 233
19 13 82
19 1 31
19 14 97
19 1 65
19 17 101
19 3 110
19 0 227
-1
-2
