90
-1
90
-1
90
3 15 280
4 22 230
6 21 133
7 11 284
9 25 220
11 25 296
15 28 88
18 1 249
22 7 188
23 24 186
-1
90
2 26 99
10 9 80
12 1 10
14 9 171
18 23 131
19 2 216
19 16 263
19 28 35
23 21 11
25 22 193
-1
90
0 9 259
1 0 56
3 1 43
6 22 298
7 17 152
7 12 261
7 4 237
8 5 209
9 24 73
9 26 14
14 8 199
17 6 179
19 4 297
22 11 39
24 24 268
25 21 81
25 18 266
26 20 4
26 19 32
26 19 197
-1
90
0 10 294
0 26 165
5 27 224
7 28 201
7 11 58
9 21 292
11 19 174
12 16 249
13 16 211
13 23 4
14 26 242
19 25 98
20 28 25
20 26 178
23 7 21
24 23 232
24 28 179
26 21 248
27 17 50
28 7 49
-1
90
1 7 15
2 10 66
2 21 249
2 2 59
3 29 189
4 12 247
4 13 196
4 16 295
5 19 246
8 16 210
9 26 87
9 21 143
9 16 68
10 8 132
11 27 111
18 5 295
20 19 204
21 2 167
22 3 208
23 25 268
23 18 208
24 13 46
24 28 31
24 8 138
25 3 245
26 17 172
27 8 284
28 8 175
29 7 212
29 18 177
-1
90
0 6 36
2 21 189
2 27 194
2 4 117
2 12 161
4 20 45
5 5 227
5 27 88
6 18 135
6 6 136
9 25 291
10 26 294
12 7 257
13 5 269
14 29 276
16 5 159
17 19 100
20 2 92
20 4 106
22 18 18
22 3 16
23 1 227
25 21 252
26 15 264
26 10 29
26 21 269
27 15 250
27 29 133
28 6 296
29 14 122
-1
90
1 13 122
2 28 164
3 23 125
4 11 220
4 27 256
5 24 22
6 24 223
6 17 144
6 25 30
7 2 82
7 7 246
7 29 201
8 29 189
12 7 102
12 18 108
13 12 24
13 29 67
13 11 84
15 1 265
15 1 191
15 25 266
16 7 65
17 24 230
18 17 239
18 1 271
19 26 244
19 2 66
20 5 197
21 0 283
21 25 110
22 24 62
22 25 12
22 7 48
23 13 175
26 12 275
26 23 269
27 22 288
27 19 79
28 2 2
28 5 273
-1
90
0 16 40
0 0 279
1 7 69
1 29 68
2 1 262
2 19 266
3 10 233
4 9 244
5 7 249
6 23 94
6 1 123
11 11 231
11 23 135
11 0 167
11 29 285
12 11 155
13 12 3
13 20 106
15 18 75
15 3 241
16 25 160
16 27 70
17 25 77
17 11 244
18 25 249
18 7 269
19 12 34
19 1 37
20 24 234
20 16 181
22 20 16
22 9 274
23 28 273
24 29 287
25 11 205
26 20 145
26 14 262
26 10 68
27 20 220
27 28 27
-1
90
0 1 253
1 17 144
1 17 201
2 13 152
2 3 216
2 0 260
3 26 269
4 8 123
4 19 47
5 7 299
7 26 120
7 29 208
8 5 29
9 22 59
9 23 154
9 29 62
10 17 60
11 22 247
12 4 287
13 10 1
14 10 19
14 23 242
15 11 62
15 25 17
15 20 212
15 5 135
15 1 273
16 4 218
16 26 280
17 23 135
18 9 219
18 18 26
18 3 114
18 14 68
18 29 47
19 5 255
19 12 252
20 4 252
20 11 100
21 6 208
22 22 50
24 18 145
24 0 225
25 19 125
25 26 72
26 13 114
26 6 252
26 0 198
27 3 166
28 28 230
-1
90
1 4 14
2 28 193
2 8 15
2 23 261
3 18 162
4 12 297
5 2 197
5 2 112
5 10 12
8 21 7
9 26 230
9 3 219
10 3 107
11 12 27
11 24 125
11 5 248
12 17 18
12 26 192
13 3 219
15 8 117
17 11 140
17 11 78
17 27 248
18 27 118
18 8 67
18 22 194
19 26 178
19 20 9
19 10 86
20 25 116
20 23 222
21 24 214
22 18 199
23 19 251
23 22 101
24 0 220
24 6 286
24 0 216
25 16 238
25 12 204
25 16 141
25 24 281
26 3 154
26 19 225
27 3 214
28 7 19
28 28 20
28 19 144
28 15 193
29 14 24
-1
90
2 26 105
2 14 27
2 27 132
2 12 226
2 18 277
3 10 208
3 8 122
3 18 16
4 5 34
4 11 291
5 10 248
5 16 226
6 25 192
7 15 290
8 29 67
8 8 9
9 0 101
9 17 250
9 13 170
10 8 169
10 11 165
10 25 19
10 19 275
11 18 214
13 2 75
13 3 40
13 15 99
14 9 74
14 21 268
14 20 245
15 10 168
15 22 23
16 9 84
16 15 154
17 7 70
18 14 182
18 24 132
18 6 276
18 27 40
18 20 169
19 4 88
19 13 107
19 11 299
20 3 62
20 20 30
20 9 271
20 17 191
23 26 1
23 13 63
23 11 68
25 25 233
25 17 20
25 25 99
26 13 288
26 0 208
26 28 46
26 25 154
27 9 39
28 26 236
29 24 191
-1
90
0 23 36
0 19 185
1 26 22
1 29 204
1 11 99
2 28 64
3 18 6
3 23 182
3 6 295
4 23 133
4 5 292
4 11 216
5 4 182
6 20 161
6 27 62
6 15 135
7 4 173
8 6 217
8 28 95
8 10 213
9 17 205
9 10 166
10 14 278
10 27 37
10 16 74
10 18 96
11 13 238
12 22 258
12 7 42
13 24 87
13 19 1
14 2 69
14 23 210
14 19 54
14 25 62
14 23 224
15 23 166
16 29 267
16 7 214
16 23 208
18 19 39
19 1 231
19 28 30
19 17 37
20 24 167
20 6 162
21 16 28
21 11 12
23 19 192
23 13 102
23 17 285
23 27 32
23 26 83
25 20 289
26 18 215
26 3 33
27 8 127
28 12 277
29 2 254
29 19 183
-1
90
0 12 0
0 4 170
0 24 295
0 28 207
1 8 135
1 4 70
1 23 266
3 6 221
3 0 5
3 13 213
3 3 241
4 21 186
4 11 20
4 21 44
4 5 222
4 5 92
4 0 191
4 11 103
5 21 86
5 9 170
5 6 57
5 9 129
6 7 172
6 23 19
7 15 254
7 10 294
8 27 239
9 20 182
9 29 156
9 3 133
10 22 31
10 2 139
12 6 187
12 16 29
13 14 172
14 25 87
14 11 182
15 17 268
15 29 27
16 18 114
17 0 245
17 19 245
17 8 0
17 0 116
18 15 229
19 9 86
20 23 104
20 6 101
20 22 281
21 4 225
21 26 279
21 19 46
21 27 155
21 4 245
21 13 183
22 24 141
22 10 204
22 3 70
23 22 135
23 23 159
24 1 146
25 11 277
27 18 82
27 10 73
27 12 262
28 15 91
28 9 7
29 26 199
29 15 23
29 19 18
-1
90
0 25 136
1 6 4
3 25 286
3 13 155
4 27 200
4 1 178
5 7 290
6 23 8
6 14 224
7 13 125
7 23 147
7 25 225
7 25 215
7 22 206
8 21 140
8 27 278
9 15 112
9 8 72
10 13 41
10 6 85
10 19 105
10 12 3
11 13 37
11 11 28
13 9 161
13 14 11
13 22 268
13 8 36
14 7 202
14 28 278
15 11 240
15 27 230
16 4 54
16 4 196
17 3 27
18 14 123
19 23 204
19 23 141
20 9 212
20 2 183
21 1 121
21 17 124
21 22 227
21 16 38
22 6 136
22 14 64
22 23 119
23 11 48
23 27 137
23 15 142
23 21 58
24 9 3
25 16 174
25 24 6
25 0 199
25 22 25
26 2 7
26 29 206
26 17 56
27 29 112
27 4 28
28 14 49
28 17 207
28 9 3
28 12 240
28 10 296
28 24 128
28 6 21
29 3 23
29 18 217
-1
90
0 4 108
0 15 213
1 13 36
1 2 140
2 0 280
2 8 195
3 26 96
3 5 206
4 20 298
4 5 292
4 3 0
4 29 220
5 5 254
5 24 56
6 5 161
6 22 37
6 25 118
6 20 41
7 9 217
7 24 107
8 17 242
8 25 26
9 22 3
9 28 85
9 29 69
10 14 113
10 12 173
11 13 257
11 13 151
12 7 105
12 20 33
12 24 298
12 20 86
12 24 160
12 23 100
12 11 134
13 25 140
14 16 156
14 10 194
15 1 278
15 0 42
15 22 194
15 26 130
16 15 299
16 17 71
16 8 105
18 7 297
18 8 166
19 3 151
19 16 117
20 25 169
20 17 102
21 27 56
21 22 91
22 28 91
23 23 156
23 16 128
24 27 251
24 15 51
24 20 140
24 23 62
24 26 200
24 18 194
24 12 263
25 5 25
25 14 11
26 20 229
26 23 77
26 15 189
26 13 65
27 7 99
27 27 272
27 16 244
27 12 86
27 17 117
29 6 99
29 7 10
29 9 59
29 22 68
29 7 282
-1
90
0 12 245
0 23 287
1 4 12
1 14 293
1 12 32
2 18 238
2 22 179
2 14 286
2 2 53
3 25 59
3 15 91
3 23 103
3 5 299
4 17 292
4 12 51
4 22 115
5 25 148
5 25 263
6 26 164
6 25 96
6 19 150
7 2 272
8 13 6
8 4 179
8 7 267
8 27 172
9 8 74
9 6 244
9 4 189
9 21 124
10 11 173
10 27 129
10 10 228
11 0 70
12 15 21
13 2 36
14 26 241
14 21 104
14 4 205
14 18 44
15 20 181
15 29 181
15 8 26
15 2 289
16 22 28
16 29 255
17 18 108
17 27 5
18 29 239
19 9 255
19 15 18
19 3 96
19 9 46
20 8 85
20 26 114
20 10 16
21 15 168
21 13 270
21 17 163
21 18 254
21 3 74
22 12 48
22 21 213
23 19 271
24 10 146
24 23 124
25 0 262
25 5 3
25 29 215
25 12 136
26 0 114
26 4 284
27 20 39
28 1 270
28 10 3
29 9 114
29 13 90
29 22 93
29 28 13
29 20 263
-1
90
0 5 61
1 9 82
1 10 45
2 18 213
2 26 223
3 4 112
4 15 171
4 19 201
4 12 61
4 27 292
4 19 23
4 25 161
5 16 190
5 20 94
5 18 224
5 18 80
6 11 137
6 21 80
7 4 71
7 18 231
7 2 124
7 0 17
8 13 30
8 26 38
8 9 182
8 20 80
8 21 114
8 16 142
9 8 148
9 17 168
10 10 35
10 23 85
10 9 114
10 10 167
11 5 58
11 24 74
11 25 172
12 19 208
12 15 212
13 2 173
13 24 70
13 18 250
13 17 0
13 29 163
14 29 99
14 22 275
15 28 124
15 4 43
16 18 13
16 24 37
16 16 251
17 20 52
17 2 237
17 10 149
18 24 235
18 0 86
18 29 273
18 8 251
18 25 29
18 28 229
19 6 254
19 18 8
19 18 269
20 25 221
20 15 15
21 9 92
21 24 191
21 15 266
21 27 198
22 28 271
23 7 217
23 9 159
23 29 215
23 7 83
23 3 113
23 23 190
24 26 52
24 17 250
24 11 113
25 11 284
25 29 6
25 23 297
26 7 215
26 13 55
27 20 152
27 21 210
28 8 239
28 0 133
28 26 189
29 29 274
-1
90
0 17 114
0 22 266
0 27 243
0 2 298
0 10 184
1 11 238
2 25 37
2 2 13
2 7 299
3 4 236
4 17 146
4 18 117
4 28 269
4 6 16
5 24 93
5 16 6
5 17 49
5 17 275
5 27 38
6 1 5
6 15 264
6 12 154
6 14 38
7 14 100
8 7 130
8 8 140
9 29 166
10 18 134
10 6 216
11 29 281
11 9 40
11 21 141
11 16 11
11 20 225
11 5 202
11 6 123
11 29 236
12 18 85
12 1 132
13 0 19
13 0 275
13 23 252
14 2 97
14 6 20
14 10 63
14 17 38
15 17 298
15 25 252
15 7 2
16 25 124
16 14 43
16 6 168
16 27 7
16 0 69
16 2 153
16 12 196
17 7 70
17 18 184
17 10 128
18 15 115
18 15 131
19 12 262
19 17 29
19 16 74
20 22 298
20 0 152
20 15 113
20 4 127
20 20 190
21 8 71
21 2 151
21 8 2
21 29 42
21 25 86
22 20 227
22 7 107
24 17 86
24 15 294
24 20 207
24 14 146
25 22 199
25 25 282
27 10 250
28 11 128
28 7 294
28 11 100
28 0 93
29 2 22
29 5 135
29 25 24
-1
90
0 24 83
0 28 127
0 0 82
1 3 226
2 1 95
2 7 260
2 2 80
2 23 175
2 11 110
3 18 38
3 6 176
3 14 156
4 12 214
4 15 112
4 9 89
4 12 31
5 6 42
5 12 98
5 11 164
6 16 153
6 5 262
6 25 18
6 20 165
7 16 59
7 6 172
7 3 132
7 1 215
8 23 120
8 11 294
8 8 218
8 18 214
9 3 203
10 3 3
10 1 238
10 12 219
10 5 116
12 27 26
12 7 176
12 5 214
12 16 239
12 18 182
13 19 64
13 6 215
13 9 179
13 0 203
13 4 77
14 20 137
14 28 161
14 1 54
14 23 289
15 13 117
15 18 222
15 5 39
15 26 142
16 6 152
16 26 58
16 23 69
17 2 68
17 16 55
17 10 92
17 22 242
18 17 283
18 4 288
19 1 198
19 14 270
19 5 290
19 4 253
19 28 279
20 7 93
20 24 49
21 10 263
21 13 265
21 24 230
21 5 79
22 1 5
22 0 20
22 18 160
23 14 268
23 22 299
23 25 1
23 9 161
23 0 202
24 3 246
24 19 117
25 15 103
25 21 208
26 13 247
26 2 253
27 20 231
27 11 211
28 15 186
28 22 103
28 18 195
28 3 147
28 16 165
28 24 272
29 5 239
29 6 262
29 10 176
29 7 237
-1
90
0 2 132
0 6 282
0 5 289
0 13 244
0 15 274
0 10 259
2 19 94
2 11 31
2 0 87
2 16 55
3 26 93
3 11 112
3 21 34
4 28 79
4 12 87
4 29 143
4 27 10
4 27 268
5 26 287
5 24 82
5 6 54
5 12 192
6 15 271
6 7 156
6 12 178
7 2 291
7 26 285
8 25 216
9 11 37
9 4 3
9 1 295
9 8 148
10 8 286
11 10 255
11 5 256
11 25 194
11 23 28
11 22 108
12 23 222
12 17 58
13 8 202
13 8 227
14 4 253
14 0 260
14 11 104
14 1 297
14 27 152
15 11 82
15 3 196
15 27 169
15 14 269
15 20 148
16 9 18
16 25 170
17 1 119
17 22 35
18 8 183
18 4 275
18 19 230
18 13 127
19 9 32
19 25 136
19 28 162
20 13 106
20 22 206
21 22 263
21 20 37
21 3 241
21 4 208
21 6 282
21 27 105
21 9 295
22 20 41
22 25 14
22 9 68
22 9 129
22 0 157
23 9 266
24 17 65
24 13 83
24 3 204
24 4 48
24 24 158
24 26 86
24 20 116
24 5 202
25 16 82
25 22 240
25 21 138
25 29 214
26 19 221
27 7 192
27 3 133
27 7 161
27 26 72
28 24 37
28 10 258
29 4 293
29 6 15
29 27 188
-1
90
0 28 114
0 17 42
1 16 180
1 2 298
1 22 2
1 6 100
2 1 54
2 28 212
3 26 76
3 10 125
4 24 261
4 5 208
4 7 193
4 29 1
4 26 14
5 6 13
5 17 279
6 11 281
6 28 112
6 6 106
6 21 131
7 7 3
8 19 67
8 25 269
8 0 141
9 25 81
9 5 142
9 3 29
9 14 58
10 16 22
10 15 38
10 7 169
11 19 226
11 1 157
11 14 144
12 19 147
12 1 184
13 7 188
13 11 187
13 27 153
13 25 157
13 29 140
13 14 89
13 13 68
13 10 65
14 25 132
14 5 273
14 7 85
14 24 284
15 18 130
15 16 93
15 25 271
15 16 87
15 1 47
16 9 292
16 15 146
16 17 34
16 4 292
16 3 277
16 8 265
17 21 149
17 18 221
17 14 280
17 25 210
17 12 23
18 29 88
18 1 56
19 10 98
19 25 78
19 24 243
20 11 215
20 17 89
20 18 234
21 12 125
21 15 291
21 18 140
21 21 258
21 4 67
22 17 283
22 12 59
22 14 72
22 21 191
22 21 230
23 4 74
23 22 93
23 8 123
23 13 291
23 4 220
23 17 41
24 15 83
24 13 214
24 24 22
25 14 63
25 23 118
25 8 53
26 13 207
26 22 214
26 25 229
26 7 177
27 10 20
27 18 41
27 18 137
28 19 84
28 0 299
28 28 116
28 18 22
28 19 157
28 23 51
29 5 210
29 4 38
-1
90
0 21 92
0 22 167
1 0 76
1 19 280
2 17 54
2 18 183
2 3 74
3 18 10
3 25 294
3 4 119
3 27 47
4 2 169
4 22 125
4 11 153
5 9 46
5 23 72
5 17 89
6 13 94
6 17 261
6 11 149
6 14 83
7 27 212
7 28 248
8 2 20
8 10 151
8 12 198
8 11 209
9 22 140
9 12 230
9 13 182
10 12 294
10 23 175
10 15 117
10 14 267
10 17 225
10 10 28
10 1 154
10 21 164
11 23 6
11 15 295
11 18 146
11 4 295
11 9 243
12 13 295
12 19 226
13 8 187
13 13 62
13 3 41
13 1 270
14 23 29
14 27 82
14 23 111
14 14 253
14 29 256
15 22 189
16 0 166
16 0 36
16 15 292
17 29 101
17 19 62
18 26 48
18 7 187
18 13 58
19 28 109
19 29 64
19 23 211
19 28 86
19 19 221
19 11 127
20 27 95
20 7 261
20 0 258
20 22 1
20 14 8
21 20 61
21 8 288
21 5 45
21 22 221
22 20 40
22 2 36
22 22 272
23 12 127
23 23 107
23 25 191
23 20 206
23 14 177
23 26 18
23 28 155
24 24 241
24 11 22
25 19 67
25 17 193
26 23 78
27 28 156
27 10 168
27 1 100
27 14 203
27 28 61
27 13 12
28 22 33
28 29 32
28 7 167
29 20 19
29 16 228
29 28 183
29 28 191
29 22 46
29 21 173
29 5 217
29 27 266
-1
90
0 0 187
0 1 230
0 14 289
0 27 165
1 22 120
1 1 219
1 6 110
1 20 204
2 12 218
2 22 261
2 26 219
2 4 134
2 27 144
2 10 156
2 0 211
2 16 138
3 21 112
3 3 284
3 16 210
3 9 177
3 23 105
4 27 98
4 18 85
4 18 196
4 0 2
5 21 167
5 18 278
5 12 249
6 12 84
6 25 87
6 22 200
6 25 130
7 24 87
7 8 243
7 20 269
7 25 41
7 10 165
8 18 298
9 5 1
9 27 238
9 17 219
10 4 125
12 26 240
12 11 260
13 23 281
13 16 222
14 0 175
14 28 224
14 14 27
14 15 116
14 6 32
14 2 63
15 19 122
15 5 276
15 8 273
15 17 130
15 22 284
16 15 293
16 12 164
16 5 164
16 4 216
17 10 55
17 12 68
17 20 279
17 26 40
18 16 95
18 12 66
18 12 277
18 22 216
18 20 6
19 22 63
19 4 229
19 7 30
19 0 218
20 14 248
20 2 172
20 25 286
20 7 67
20 0 287
20 1 259
21 13 131
21 17 68
22 22 25
22 19 52
22 18 122
22 2 141
22 8 47
23 15 114
23 28 173
23 5 68
23 1 137
24 0 102
24 23 178
24 24 246
24 23 86
25 20 272
25 18 52
25 0 164
25 8 144
25 25 89
25 25 229
25 29 180
26 28 33
26 13 33
26 21 135
27 29 288
27 0 5
27 29 84
27 25 99
27 27 201
27 21 230
27 4 4
28 19 165
28 12 63
28 14 158
28 27 267
29 15 11
29 0 53
29 2 218
29 27 177
-1
90
0 12 85
1 14 236
1 25 95
2 28 27
3 11 271
3 18 72
3 7 205
3 0 291
4 8 188
4 4 201
4 14 75
4 13 150
4 2 56
4 26 198
5 22 255
5 4 288
5 26 111
5 19 62
5 13 240
5 19 152
5 1 211
6 5 210
6 21 19
6 10 47
7 21 140
7 14 293
7 1 242
7 28 247
7 4 281
7 19 289
8 28 232
8 5 164
8 24 147
8 0 45
8 1 276
8 9 184
9 4 114
9 29 198
9 19 144
9 22 179
10 22 135
10 17 29
11 24 63
11 21 96
11 19 93
12 18 125
12 3 291
13 18 103
13 5 58
13 7 147
13 10 15
14 13 119
14 27 90
14 12 95
14 14 94
15 25 26
16 22 183
16 14 170
17 1 212
17 20 212
17 0 206
17 13 185
17 16 20
17 12 185
18 9 288
18 29 267
18 7 42
18 7 37
19 3 283
19 15 127
19 12 81
19 25 268
19 23 59
19 28 244
19 23 213
19 24 252
20 12 244
20 12 209
20 25 263
20 14 155
20 2 120
20 21 27
20 13 10
20 3 66
21 20 121
21 16 273
22 28 223
22 15 170
22 11 193
22 24 157
22 20 183
22 5 79
23 26 94
23 22 278
23 25 138
23 23 68
23 8 119
23 12 13
24 26 42
24 22 40
25 12 32
25 25 195
25 26 289
25 15 272
25 5 182
25 0 201
25 27 34
26 9 210
26 17 143
26 16 234
26 21 228
26 8 74
26 1 9
27 20 235
28 29 15
28 22 151
28 1 160
29 13 78
29 20 83
29 7 42
-1
90
0 2 85
0 21 252
1 4 280
1 17 241
2 22 63
2 28 136
2 1 108
2 0 167
2 14 95
3 5 98
3 10 106
3 22 83
3 8 208
4 14 200
4 24 200
4 4 101
4 5 92
4 6 267
5 9 168
5 0 181
5 29 288
6 20 275
6 4 121
6 18 231
6 2 147
6 9 113
7 16 47
7 27 263
7 23 135
7 9 260
8 20 179
8 23 134
9 19 280
9 15 236
9 21 31
9 22 273
9 0 164
9 29 9
9 20 154
9 17 221
9 20 17
10 8 146
10 18 155
10 13 125
10 18 220
10 5 89
10 11 13
11 9 219
11 27 99
11 10 87
13 0 88
13 4 160
13 21 137
13 22 141
14 1 149
14 0 223
14 14 7
14 23 7
14 13 18
14 1 235
14 17 56
15 16 169
15 23 270
15 13 12
16 9 114
16 20 140
17 15 133
17 24 64
17 27 30
17 25 5
17 8 277
17 29 122
17 27 43
18 8 182
18 22 109
18 23 161
18 4 48
19 10 171
19 17 288
19 17 54
19 21 96
20 5 288
20 13 80
20 9 267
20 4 23
20 19 231
20 23 254
21 28 78
21 12 13
21 22 257
21 13 78
22 2 58
22 1 222
22 4 175
22 8 34
23 18 289
23 21 121
23 27 139
23 24 242
23 21 299
24 5 183
24 22 282
24 7 19
24 13 80
25 0 37
25 11 193
26 18 83
26 5 163
26 0 205
26 17 202
26 18 201
26 16 63
26 7 177
27 6 62
27 25 224
27 21 171
27 14 66
27 23 124
27 20 255
28 21 188
28 4 75
28 27 216
28 8 240
28 9 61
29 18 179
29 6 83
29 16 3
29 23 117
29 4 283
29 10 172
-1
90
0 20 99
0 14 38
0 1 47
0 3 26
0 1 251
0 29 10
1 5 195
1 20 33
1 17 190
2 5 161
2 15 55
2 0 44
2 12 179
2 28 193
3 8 139
3 22 148
3 3 40
4 27 210
4 4 186
4 3 251
5 4 69
5 16 62
5 28 79
5 11 70
6 14 166
6 15 139
6 25 247
6 5 251
6 5 103
7 3 246
7 16 14
7 23 240
7 10 110
7 10 124
7 28 134
8 10 9
8 14 138
8 2 18
9 10 178
9 11 264
9 25 42
9 5 231
9 2 7
9 5 16
10 18 159
10 1 228
10 16 265
10 18 299
11 24 150
11 13 89
11 11 129
11 10 190
11 26 84
11 12 297
11 3 91
11 6 135
11 1 296
11 4 291
12 29 170
12 27 239
13 13 68
13 9 140
13 23 115
13 0 58
13 23 241
13 22 19
13 29 16
13 4 56
13 16 282
14 28 50
14 28 72
14 25 193
14 7 134
14 15 32
15 13 249
15 17 85
15 11 56
15 11 262
16 16 119
16 29 100
17 7 60
17 27 255
17 10 13
17 16 286
18 23 261
18 1 167
18 18 119
18 24 218
19 20 66
20 2 223
20 16 193
20 6 98
20 14 270
20 23 196
21 6 29
21 5 191
21 9 130
22 24 181
22 8 139
23 23 68
23 1 29
23 23 284
23 24 203
24 12 267
24 16 114
24 15 115
24 2 204
25 14 130
25 19 82
25 0 17
25 1 267
25 29 180
26 29 251
26 27 39
26 15 167
26 4 133
26 20 111
27 0 24
27 21 278
27 25 63
27 13 76
27 25 98
28 16 54
28 26 82
28 11 74
28 24 259
28 29 245
29 20 268
29 6 259
29 5 198
-1
90
0 10 37
0 8 99
0 5 167
0 19 270
0 11 254
0 21 84
1 21 100
1 22 277
1 29 219
1 3 22
1 26 287
1 0 121
1 5 58
1 27 136
1 0 83
2 5 209
2 26 225
2 23 38
2 17 64
2 18 208
2 21 282
3 10 174
3 13 184
3 5 85
3 21 176
3 7 112
3 14 9
3 22 29
3 0 280
4 10 171
4 15 151
4 4 79
4 16 243
4 11 214
5 14 153
5 26 40
5 23 260
5 26 240
6 7 298
6 21 21
6 11 174
6 1 195
7 13 87
7 29 132
7 11 200
7 6 37
7 4 9
8 7 13
8 25 164
8 23 65
8 27 110
8 23 62
8 9 110
8 13 94
9 17 49
9 12 238
9 11 139
9 1 36
10 3 101
11 7 153
11 6 70
11 27 206
11 25 188
11 4 104
11 17 261
11 7 52
11 0 9
12 24 209
12 15 44
12 18 158
12 0 190
13 13 250
13 14 116
13 14 174
13 11 212
13 22 250
13 20 127
13 21 127
13 8 209
14 26 88
14 29 61
14 11 162
15 27 246
15 13 55
15 11 169
15 15 27
15 16 272
15 19 91
15 28 50
15 21 177
16 0 252
16 26 195
16 21 35
17 13 85
17 10 31
17 4 264
18 14 168
18 20 94
19 8 199
19 0 163
19 2 204
20 27 18
20 27 226
21 11 23
21 15 285
21 12 80
21 19 29
21 1 218
22 24 59
22 28 229
22 0 164
22 2 282
23 11 226
23 8 120
23 11 245
24 2 121
24 26 10
24 15 69
25 12 25
25 27 146
26 18 161
26 15 286
26 23 5
27 23 221
27 19 198
27 25 19
27 4 9
27 17 128
27 27 216
27 20 14
28 11 173
28 4 46
28 10 209
28 27 29
29 2 223
29 13 296
29 14 210
29 10 138
29 11 292
29 16 99
-1
90
0 21 60
0 8 250
0 9 9
0 20 189
0 22 294
0 17 190
1 4 32
1 4 229
2 26 7
2 14 173
2 18 268
2 12 237
2 26 94
2 16 91
2 9 58
2 15 35
3 5 68
3 18 142
3 15 19
4 3 187
4 1 95
4 19 270
4 2 50
4 4 158
4 3 48
5 4 95
5 12 146
6 22 288
6 13 107
6 14 95
6 28 36
6 11 234
7 1 229
7 21 196
7 6 124
7 24 18
7 2 277
7 13 62
7 19 187
7 24 63
8 23 85
8 8 36
8 16 80
8 10 62
8 4 5
9 17 143
9 23 216
9 28 144
9 13 146
9 15 298
9 23 142
10 19 244
10 20 27
10 27 62
10 0 75
10 19 101
10 28 190
10 11 102
10 24 189
10 16 295
11 10 43
11 3 84
12 29 251
12 27 64
12 25 80
12 9 92
12 9 130
12 19 73
13 26 55
13 25 46
13 29 252
13 27 133
14 8 125
14 29 122
14 24 119
15 21 164
15 2 94
15 5 148
15 22 230
16 7 77
16 28 163
16 17 4
16 11 147
16 17 246
16 20 205
17 6 257
17 13 100
17 21 157
17 29 203
17 7 280
18 19 187
18 16 115
18 27 178
18 26 214
18 24 212
19 2 152
19 2 228
20 26 173
20 18 57
20 7 268
21 12 67
21 0 290
21 17 161
21 5 22
21 7 63
21 19 170
22 12 93
22 10 269
22 2 195
22 28 134
22 14 211
23 24 285
24 15 24
24 17 152
24 23 23
24 21 4
25 14 35
25 16 206
26 26 191
26 4 127
26 25 254
26 10 181
27 4 264
27 13 33
27 21 66
27 24 232
27 11 80
27 1 157
28 26 11
28 11 261
28 5 133
28 22 81
29 21 206
29 13 141
29 1 227
29 10 294
29 1 196
29 3 237
29 13 131
29 17 119
-1
90
0 23 176
0 14 130
0 4 124
1 25 122
1 1 1
1 27 289
1 18 92
2 5 235
2 12 61
2 17 13
2 12 86
2 2 218
3 0 146
3 9 170
3 0 148
4 5 237
4 19 283
4 3 35
4 19 216
4 22 137
5 18 64
5 11 23
5 11 20
5 4 107
5 18 120
5 24 43
5 16 161
5 18 35
5 22 187
6 11 143
6 24 44
6 17 137
6 3 69
7 29 125
7 23 276
7 15 229
7 12 82
7 3 221
7 20 296
8 23 228
8 4 160
8 6 177
8 26 267
8 7 297
8 7 290
8 3 294
8 0 257
9 12 137
9 6 160
10 18 164
10 27 147
10 20 274
10 13 56
10 20 227
10 0 44
10 22 251
11 13 19
11 23 103
11 13 28
11 18 9
11 16 167
11 4 10
12 22 257
12 7 183
12 19 150
12 29 235
12 14 100
12 14 183
13 20 250
13 21 35
14 5 292
14 15 281
14 28 87
14 22 145
14 29 28
14 0 121
15 28 229
15 7 272
15 1 77
15 5 52
15 9 141
15 10 162
16 27 273
16 5 141
16 11 156
16 3 37
16 6 8
17 7 292
17 8 278
17 8 103
17 22 8
17 6 164
17 10 244
18 15 278
18 5 277
18 26 158
18 21 208
18 27 299
18 22 220
18 16 230
19 2 44
19 24 60
19 20 52
19 13 279
19 6 36
19 21 63
19 15 257
20 5 295
20 8 161
21 24 120
21 27 3
21 3 68
21 22 133
22 25 272
22 27 138
22 6 145
22 29 27
23 23 252
23 9 147
23 0 99
23 16 77
23 3 70
23 11 10
23 7 75
24 8 227
24 1 8
24 18 45
25 15 286
25 9 96
25 8 288
25 0 145
25 24 139
25 22 70
26 2 151
26 18 69
26 24 209
26 6 97
26 27 195
26 15 175
27 18 21
27 15 210
27 10 152
28 28 202
28 5 64
28 17 135
28 29 265
29 2 114
29 0 281
29 12 146
29 5 34
-1
90
0 17 138
0 15 229
0 14 17
0 29 214
0 1 79
1 29 182
1 11 20
1 5 95
1 8 20
1 29 117
1 26 187
1 22 0
2 17 111
2 5 197
2 7 135
3 17 93
3 5 107
3 14 197
3 21 278
3 17 250
3 18 53
3 24 287
4 10 253
4 2 184
4 5 65
4 29 249
4 15 289
4 11 298
4 5 259
4 21 194
4 15 280
4 13 2
4 15 101
5 8 95
5 13 33
5 9 243
5 5 174
5 25 40
6 10 219
6 23 15
7 29 188
7 25 289
7 24 159
7 19 147
8 2 233
8 23 259
8 10 16
8 27 38
8 9 49
9 21 139
9 20 155
9 23 203
10 10 201
10 2 129
10 28 131
11 3 46
11 25 283
11 9 298
11 20 88
12 18 90
12 17 156
12 26 275
12 11 160
12 12 21
12 14 72
13 9 183
13 18 162
14 13 187
14 28 229
14 25 120
14 15 72
14 28 4
14 28 71
15 8 251
15 25 250
15 1 27
15 4 247
15 4 108
16 4 206
16 19 216
16 12 69
16 9 19
16 10 299
16 1 102
17 17 109
17 29 188
17 23 7
17 21 243
17 13 177
17 23 65
18 15 112
18 23 53
18 11 177
18 5 243
18 12 259
18 14 215
18 23 262
19 6 23
19 21 30
19 8 90
20 13 147
20 23 83
20 2 230
20 0 188
20 20 48
21 7 154
21 27 183
21 18 78
21 10 263
21 5 179
22 29 108
22 9 297
22 12 154
22 3 4
22 12 136
22 5 165
23 12 116
23 25 189
23 22 13
23 19 286
23 25 56
23 0 75
24 14 165
24 23 79
25 25 272
25 1 185
25 19 55
25 3 21
25 1 273
26 4 149
26 13 260
26 27 11
26 15 171
27 14 197
27 1 188
27 9 44
27 10 17
27 24 278
27 11 241
27 21 80
28 13 108
28 28 57
28 28 169
28 22 247
29 27 20
29 27 279
29 19 81
29 9 45
29 25 183
29 10 267
-1
90
0 21 62
0 18 23
0 10 274
0 6 210
0 7 82
0 0 140
1 0 275
1 0 9
1 8 63
1 27 173
1 9 229
2 25 27
2 26 207
2 18 288
2 27 252
2 7 70
2 9 72
3 2 80
3 18 33
3 15 40
3 11 87
4 11 241
4 24 101
4 0 19
5 23 13
5 14 194
5 11 212
5 15 250
5 15 205
5 22 20
5 26 299
5 24 32
6 29 178
6 12 80
6 2 155
6 15 18
6 27 255
6 1 79
6 29 43
6 27 30
7 27 123
7 27 63
7 12 183
7 10 261
8 4 298
8 21 139
8 11 192
8 14 191
8 8 292
8 10 3
8 9 45
8 15 14
8 29 165
9 24 48
9 4 33
9 3 1
9 13 290
10 29 18
10 20 200
10 22 246
10 8 288
10 18 84
11 10 120
11 11 217
11 24 124
11 9 106
11 9 67
11 29 161
11 28 150
11 26 256
11 25 290
11 9 232
11 21 156
12 0 172
12 2 47
12 26 274
12 2 206
12 10 18
12 17 120
12 11 39
13 5 144
13 22 16
13 6 120
13 8 288
13 4 88
13 27 159
14 29 67
14 2 25
14 22 293
15 9 289
15 23 182
16 2 206
16 11 71
16 9 202
17 6 22
17 28 178
17 13 100
17 15 185
17 23 197
17 13 173
18 18 214
18 15 88
18 1 177
18 17 182
19 28 116
19 18 37
19 28 14
19 19 31
19 4 283
20 3 57
20 27 298
20 26 232
20 16 100
20 29 41
21 22 296
21 15 126
21 23 99
21 6 158
21 13 64
21 23 129
21 12 130
22 14 167
22 10 21
22 24 29
22 4 67
23 12 295
23 23 193
23 18 28
23 7 3
23 17 66
24 20 32
24 4 161
24 25 24
24 17 171
24 25 152
24 11 179
25 19 238
25 13 285
25 25 159
25 24 81
26 0 249
26 16 246
26 19 194
26 26 45
26 10 95
26 12 122
26 11 218
27 24 129
27 5 29
27 21 286
28 25 177
28 27 180
28 17 248
28 28 37
28 0 84
28 27 91
29 0 114
29 24 58
29 4 266
29 28 139
-1
90
0 11 205
0 6 253
0 27 155
0 11 155
1 1 17
1 13 292
1 29 144
2 12 42
2 21 211
2 27 83
2 13 106
2 15 239
2 16 55
2 4 234
3 21 170
3 9 186
3 12 261
3 2 191
4 16 176
4 2 246
4 15 224
4 5 241
5 12 71
5 8 33
5 26 262
5 9 124
6 7 55
6 1 172
6 19 229
6 10 137
6 2 207
7 13 219
7 0 180
7 18 59
7 2 118
7 0 160
8 17 29
8 16 184
8 10 268
8 29 7
9 1 259
9 8 87
9 17 250
10 24 292
10 5 152
10 26 220
10 12 7
10 23 80
11 15 36
11 6 136
12 2 242
12 27 269
12 17 212
12 22 96
13 10 110
13 7 132
13 13 86
13 26 75
13 18 79
14 5 241
14 11 122
14 13 147
14 21 155
14 2 16
14 29 72
15 27 228
15 18 196
15 6 85
15 28 239
15 20 5
15 6 127
15 26 48
16 12 103
16 28 193
16 6 212
16 24 292
16 17 22
16 14 290
17 3 116
17 10 47
17 23 59
17 14 155
17 9 132
18 14 28
18 15 27
18 28 161
18 21 256
18 17 277
19 14 245
19 7 38
19 18 141
19 0 194
19 6 205
19 21 128
19 15 150
19 3 251
19 22 215
19 9 105
19 9 285
20 2 21
20 15 94
20 18 90
20 25 1
20 5 148
20 17 32
21 22 228
21 29 261
21 20 125
21 11 257
21 11 115
21 24 99
21 18 68
21 11 29
21 29 254
22 12 214
22 0 144
22 18 292
22 26 215
22 26 274
22 15 295
22 3 83
23 12 41
23 19 139
23 2 50
23 2 30
23 26 183
24 18 173
24 23 181
24 1 227
25 29 241
25 1 8
25 18 299
25 29 195
25 18 70
25 19 131
26 23 86
26 6 205
26 6 82
26 0 282
26 9 47
27 16 28
27 11 109
27 2 245
27 10 203
28 5 19
28 9 40
28 1 162
28 24 145
28 22 294
28 0 92
28 3 287
28 27 149
29 19 266
29 18 118
29 28 71
29 18 43
29 25 258
29 12 77
29 20 77
29 14 287
-1
90
0 5 238
0 16 253
0 19 159
0 15 190
1 1 124
1 8 66
1 4 96
1 23 298
1 29 137
2 20 226
2 28 277
2 11 113
2 15 299
2 17 62
2 20 231
3 11 13
3 14 270
3 3 175
3 20 243
4 26 73
4 20 174
4 3 118
4 23 89
4 0 233
5 0 151
5 26 266
5 23 196
6 16 131
6 17 97
6 2 204
6 6 211
6 27 130
6 15 230
6 9 10
6 27 99
6 6 128
7 21 47
7 3 48
7 26 237
7 29 181
8 8 294
8 25 257
8 22 223
8 9 34
8 21 29
8 4 239
8 29 20
9 13 194
9 0 289
9 28 7
9 8 156
9 26 53
9 2 286
10 13 61
10 2 289
10 14 116
10 15 231
11 6 164
11 8 170
11 25 93
11 25 292
12 12 150
12 1 180
12 27 9
12 16 49
12 17 120
12 21 232
12 10 221
12 25 7
12 16 276
12 14 68
12 13 104
12 23 146
12 11 194
12 12 178
13 14 247
13 10 90
13 22 119
13 27 72
13 28 165
13 10 216
13 15 105
13 16 75
14 7 232
14 22 91
14 21 289
14 15 79
15 25 150
15 18 193
15 5 153
15 25 41
15 12 39
15 22 31
15 21 158
16 5 145
16 22 16
16 23 193
16 18 170
16 14 123
17 21 222
17 17 25
17 0 55
17 14 44
18 18 32
19 3 144
19 4 288
19 24 216
19 6 292
20 17 186
20 25 52
20 13 43
20 20 271
20 7 203
20 21 255
21 1 178
21 14 117
21 23 95
22 6 269
22 8 204
22 3 24
22 2 267
22 21 211
22 21 157
23 2 72
23 5 87
23 14 282
23 8 151
23 16 17
23 27 222
23 28 24
23 14 254
23 10 283
23 6 129
23 8 277
24 13 240
24 10 121
24 0 134
24 19 20
25 19 222
25 17 256
25 17 283
25 8 56
25 29 260
25 16 252
25 3 226
25 8 256
26 8 44
26 2 195
26 27 45
26 18 280
26 20 179
26 13 221
26 25 216
26 15 15
26 21 130
26 11 184
27 16 295
27 25 254
27 6 204
28 8 270
28 4 273
28 9 156
28 26 237
28 26 89
28 13 25
28 16 160
29 27 294
29 1 220
29 23 57
29 5 180
-1
90
0 5 7
0 15 183
0 11 191
0 12 169
0 16 205
0 13 253
0 3 63
1 15 212
1 4 28
1 29 199
1 9 270
2 20 7
2 6 250
2 12 4
2 7 22
2 27 294
2 2 115
3 4 272
3 1 60
3 9 167
3 21 189
3 18 208
3 21 260
3 10 196
4 29 252
4 21 287
4 11 218
4 18 254
4 8 177
4 8 129
4 6 21
4 13 286
4 9 16
5 15 137
5 3 83
6 10 79
6 21 152
6 1 174
7 4 61
7 29 206
7 3 270
7 7 4
7 19 174
8 4 151
8 15 5
8 15 147
8 15 40
8 15 223
8 15 175
8 22 123
9 11 148
9 18 64
9 17 24
9 23 21
9 5 231
9 24 274
10 19 145
10 1 128
10 26 91
10 22 150
10 2 171
10 3 203
11 4 162
11 15 74
11 22 98
11 13 269
11 19 250
12 23 234
12 26 71
12 8 284
12 19 231
12 13 143
12 16 68
12 29 282
12 26 198
12 0 173
12 20 280
13 18 9
13 24 10
13 19 222
13 26 19
13 10 238
13 17 160
13 29 190
14 3 204
14 13 36
14 1 151
14 12 196
15 13 36
15 0 171
15 6 259
15 17 219
15 26 236
15 26 150
15 4 2
16 9 70
16 0 223
16 9 274
16 9 19
16 16 2
16 27 167
16 0 234
16 5 81
16 7 204
16 9 198
17 6 60
17 14 270
17 13 289
18 5 77
18 21 156
19 23 264
19 2 264
19 11 84
19 7 232
19 4 148
19 20 53
19 28 174
19 3 217
20 21 254
20 4 212
20 3 38
20 14 253
20 25 236
20 9 108
20 15 261
22 8 247
22 17 238
22 16 223
22 27 121
22 29 87
22 15 245
22 6 245
22 14 225
22 29 50
22 12 263
23 22 30
23 13 0
23 17 222
23 17 183
24 12 162
24 19 246
24 22 189
24 10 47
24 4 225
24 18 291
24 27 60
25 23 250
25 9 260
25 6 14
25 7 138
26 11 128
26 12 96
26 18 50
26 2 157
26 9 262
26 1 7
26 29 134
26 17 284
26 17 92
26 9 168
27 23 29
27 15 141
27 9 287
27 1 214
27 5 215
28 21 56
28 27 289
29 22 119
29 18 165
29 26 47
-1
90
0 7 169
0 29 145
0 13 164
0 0 285
0 29 66
0 14 104
0 4 170
0 17 8
0 16 19
1 22 21
1 24 254
1 22 119
1 21 242
2 28 175
2 9 298
2 12 58
2 29 276
2 18 239
2 5 11
3 14 56
3 4 242
3 15 74
3 11 160
4 17 32
4 3 40
4 16 86
4 28 134
4 18 67
4 0 43
4 26 83
5 17 185
5 6 25
5 27 59
5 18 19
5 5 52
5 19 157
6 22 202
6 25 240
6 7 285
6 7 96
7 16 235
7 20 27
7 11 281
7 20 248
7 6 18
7 7 72
7 0 34
7 8 161
8 29 62
8 6 208
8 21 192
9 4 201
9 3 226
9 3 64
9 25 204
9 13 127
9 15 121
9 13 187
10 15 295
10 10 184
10 0 90
10 9 258
10 3 166
10 17 18
10 4 245
10 29 129
10 18 37
10 21 53
11 22 219
11 28 75
11 28 99
12 10 119
12 18 275
12 12 169
12 5 296
12 13 214
13 8 293
13 9 17
13 9 203
13 14 4
13 5 50
13 25 203
13 26 164
14 2 59
14 3 93
14 23 105
14 25 224
14 24 77
14 27 159
14 14 148
15 14 148
16 18 50
16 16 20
16 10 207
16 17 283
16 29 190
16 29 120
16 15 1
17 13 90
17 12 159
17 9 28
17 17 81
17 14 217
17 19 51
17 25 226
18 29 148
18 1 166
18 27 190
18 2 72
18 18 80
18 17 128
19 15 75
19 8 231
19 28 215
19 27 173
19 1 186
19 12 143
19 28 179
19 12 164
19 15 178
19 4 5
20 23 142
20 12 277
20 4 199
20 12 224
21 9 129
21 20 138
21 5 195
21 4 287
21 6 37
21 13 298
21 20 176
22 21 187
22 20 107
22 1 110
23 21 250
23 5 192
23 15 85
23 11 106
23 10 97
23 1 202
24 23 28
24 2 237
24 28 54
24 2 131
24 22 75
24 5 81
24 5 122
24 14 160
25 5 191
25 10 259
25 16 121
25 28 198
25 9 204
25 9 127
25 27 255
26 11 295
26 20 219
26 12 35
26 2 160
26 20 238
26 12 239
26 11 195
26 17 49
27 25 114
27 25 151
27 29 102
27 16 129
27 25 21
27 27 172
27 17 203
27 23 232
27 20 280
28 2 134
28 6 255
28 2 141
29 0 6
29 5 148
29 13 56
29 26 100
-1
90
0 15 66
0 23 43
0 25 91
0 5 164
1 20 52
1 19 90
1 16 240
1 28 147
1 23 296
1 19 134
2 24 98
2 10 228
2 13 19
2 15 195
2 8 183
3 12 208
3 22 97
3 21 25
3 14 268
4 25 256
4 20 33
4 0 277
4 23 13
5 3 242
5 29 24
5 18 283
5 18 90
6 10 279
6 6 201
7 17 109
7 10 78
7 2 152
7 17 48
7 18 156
7 21 299
7 27 243
8 4 60
8 19 290
8 20 65
8 6 54
9 16 157
9 8 23
9 1 2
9 18 283
9 29 16
9 26 73
9 24 267
9 0 289
10 5 47
10 9 124
10 10 8
10 13 239
10 12 291
10 20 83
10 15 290
11 27 63
11 24 278
11 14 105
11 5 263
11 15 276
13 25 165
13 21 235
13 11 255
13 2 61
13 27 104
13 28 292
14 3 161
14 9 89
14 16 213
14 17 250
14 13 103
14 27 70
14 23 285
15 25 211
15 2 217
15 7 115
15 25 61
15 1 176
15 14 276
16 14 291
16 9 289
16 4 250
16 21 291
16 20 207
16 1 170
16 2 53
16 9 101
16 24 132
16 9 53
17 11 281
17 6 126
17 21 250
17 11 235
17 24 223
17 18 11
17 17 109
17 24 110
17 25 105
18 28 212
18 27 77
18 15 286
18 8 270
19 8 262
19 29 194
19 19 189
19 6 108
19 20 78
20 15 9
20 9 103
20 14 176
20 29 186
20 25 138
20 8 280
20 18 47
20 11 208
21 20 91
21 22 40
21 29 113
21 1 15
21 20 36
22 8 143
22 14 129
22 16 38
22 25 234
22 28 18
22 2 166
22 3 102
22 28 20
22 15 258
23 20 193
23 8 242
23 20 292
23 1 185
23 9 61
23 15 39
23 0 129
23 20 192
24 14 6
24 14 260
24 24 79
24 2 166
24 18 258
24 3 273
24 24 238
24 28 108
25 8 214
25 3 222
25 9 25
25 20 30
25 18 292
25 4 184
25 3 245
26 15 208
26 6 279
26 14 120
26 24 182
26 16 248
26 22 77
26 8 144
26 6 183
27 0 135
27 6 1
27 28 147
27 27 278
27 3 79
27 29 169
27 15 272
27 19 37
27 22 19
28 14 218
28 17 284
28 15 9
28 18 176
28 15 31
28 8 259
28 3 291
29 1 50
29 21 92
29 6 249
29 4 257
-1
90
0 2 214
0 23 268
0 0 285
0 20 294
1 13 211
1 27 213
1 20 162
1 5 226
1 24 188
1 2 237
1 0 35
2 14 234
2 23 266
2 17 4
2 28 266
2 13 162
3 18 158
3 1 88
3 18 19
3 18 139
3 8 84
4 14 207
4 11 75
4 20 3
4 2 115
4 26 251
4 3 280
5 21 8
5 28 233
5 16 287
5 1 61
5 13 234
5 13 28
5 10 269
5 24 57
6 17 7
6 7 27
6 26 273
6 13 255
6 2 181
6 15 251
7 23 59
7 22 170
7 11 17
8 21 69
8 25 83
8 13 225
8 1 279
8 11 280
8 6 193
8 20 123
9 2 169
9 23 244
9 19 272
9 23 59
9 14 43
9 10 29
10 12 73
10 9 206
10 3 234
10 5 139
10 27 16
10 7 45
10 1 297
10 4 282
10 8 230
10 27 8
10 29 27
10 15 295
11 5 67
11 25 99
11 22 166
11 20 122
11 18 186
12 27 155
12 0 57
12 4 199
12 19 95
12 0 7
13 26 262
13 6 289
13 28 205
13 7 113
13 16 69
13 27 51
13 29 129
13 12 181
13 26 167
13 5 57
14 22 29
14 9 250
14 10 100
14 19 86
15 1 9
15 6 193
15 8 189
15 3 106
15 15 67
15 9 46
15 20 169
16 0 0
16 22 163
16 3 189
16 4 77
16 0 211
16 0 207
17 9 15
17 7 81
17 6 135
17 12 206
17 29 153
17 26 232
17 26 261
17 19 247
18 8 291
18 26 155
18 23 237
18 27 12
18 9 22
18 16 185
18 11 145
18 3 222
19 5 165
19 1 115
19 20 163
19 21 195
19 15 114
19 1 217
20 4 169
20 28 36
20 19 276
20 14 236
20 2 298
20 14 208
20 25 239
21 22 96
21 9 153
21 14 202
21 8 159
21 20 153
21 8 132
21 22 229
22 2 95
22 26 209
22 22 106
22 12 247
22 19 52
22 4 24
23 28 260
23 25 287
23 4 23
23 23 281
23 22 10
23 18 10
24 20 24
24 18 187
24 24 147
24 7 103
24 25 195
24 22 280
25 21 42
25 23 215
25 19 238
25 23 78
25 0 271
25 22 122
25 13 137
25 5 37
26 5 202
26 14 129
26 1 147
26 25 283
26 11 12
26 9 275
26 1 234
27 22 178
27 2 22
27 6 57
27 15 13
27 26 274
27 2 210
28 22 59
28 21 25
28 8 283
28 25 200
28 9 74
29 3 285
29 21 294
29 26 78
29 15 6
-1
90
0 18 42
0 21 32
0 20 189
0 6 182
0 23 157
0 22 179
0 15 208
1 23 224
1 9 20
1 24 16
1 9 168
1 6 67
1 21 103
1 19 242
2 20 239
2 4 171
2 0 105
2 7 267
2 9 176
3 3 269
3 9 227
3 22 155
3 9 244
3 16 163
3 9 238
3 7 294
4 21 32
4 8 162
4 20 165
4 22 146
4 3 276
5 18 285
5 28 169
5 9 214
5 25 15
5 29 16
5 4 297
5 5 173
5 12 167
6 13 124
6 28 84
6 0 2
6 18 103
6 21 171
6 0 298
7 12 20
7 9 131
7 16 104
7 3 78
7 5 270
7 17 195
7 8 29
7 8 31
8 26 188
8 3 157
9 8 259
9 21 240
9 9 149
9 13 191
9 29 146
10 13 299
10 0 76
10 24 91
10 21 67
10 14 230
10 3 76
10 19 119
10 1 48
11 23 250
11 1 151
11 4 133
11 21 215
11 20 65
12 11 92
12 2 116
12 10 278
12 17 29
13 9 14
13 21 158
13 26 31
13 22 265
13 10 219
13 23 63
13 28 221
13 24 130
14 23 103
14 15 268
14 4 57
14 20 82
14 27 139
14 11 252
14 6 244
14 19 146
14 2 175
15 8 245
15 21 68
15 11 56
15 13 32
15 0 234
16 12 283
16 27 78
16 14 110
16 0 236
16 7 237
16 6 263
17 7 286
17 27 101
17 17 77
17 7 124
17 12 17
17 13 207
17 11 214
17 27 86
17 26 235
17 16 117
18 9 164
18 0 212
18 9 198
18 16 106
18 7 176
18 14 196
18 0 39
18 12 291
19 3 28
19 18 61
19 8 218
19 27 125
19 17 267
20 24 149
20 26 51
20 8 204
20 1 192
20 6 183
21 9 37
21 19 257
21 3 280
22 6 278
22 19 193
22 7 32
22 20 107
22 12 106
22 14 198
23 16 82
23 25 221
23 22 286
23 18 18
23 4 256
23 26 169
24 22 160
24 21 139
25 13 132
25 10 42
25 9 296
25 25 72
25 12 151
25 6 123
25 25 39
25 7 126
25 5 236
25 12 14
25 20 237
26 21 251
26 2 269
26 9 269
26 15 255
27 24 122
27 4 162
27 16 272
27 9 2
27 11 86
27 27 137
27 22 74
27 2 46
27 27 294
27 7 2
28 22 186
28 17 171
28 4 179
28 22 193
28 19 214
29 17 233
29 17 155
29 6 164
29 10 227
29 8 226
29 28 12
29 3 226
29 5 131
29 5 250
29 27 148
-1
-2
