120
-1
120
-1
120
16 9 244
18 21 162
22 7 82
27 13 8
27 11 4
28 33 93
31 30 72
32 15 93
34 34 204
39 39 186
-1
120
0 25 253
0 4 49
2 28 62
10 11 74
17 15 155
22 4 284
22 22 147
29 11 0
31 2 179
39 32 161
-1
120
4 27 289
4 32 247
5 21 248
6 5 168
6 7 36
9 3 24
10 6 18
11 37 210
14 1 282
16 14 182
17 3 280
18 38 28
18 16 286
20 19 275
22 19 249
27 6 203
30 0 228
31 16 171
35 33 110
36 31 69
-1
120
0 2 25
2 36 133
7 38 66
8 34 40
10 16 155
11 36 115
12 8 231
13 7 20
14 38 134
15 24 83
19 11 225
21 23 176
21 20 220
21 39 62
24 12 182
27 39 268
27 8 123
29 27 46
31 34 93
34 15 74
-1
120
6 38 216
7 26 257
8 36 25
9 37 63
10 33 295
11 24 271
11 8 71
11 3 55
11 13 173
11 12 168
12 9 153
13 2 271
15 1 200
16 6 155
18 31 271
19 21 202
19 1 211
19 11 92
20 9 213
22 4 39
23 6 124
25 26 64
28 9 136
29 6 47
31 17 267
32 12 164
32 18 258
34 35 142
37 18 28
38 19 35
-1
120
0 18 132
4 10 227
4 15 183
9 32 141
10 28 36
11 2 250
12 4 276
13 13 256
16 24 207
16 21 279
20 37 32
21 6 57
21 32 4
22 29 272
22 17 18
25 16 256
25 24 62
25 29 17
25 27 208
26 14 269
26 12 137
27 12 13
28 9 268
30 29 32
33 19 58
33 15 162
36 3 249
37 29 172
37 34 259
38 19 20
-1
120
1 31 4
2 30 66
5 15 215
6 29 272
6 27 17
6 11 54
6 4 203
7 25 181
8 23 3
8 14 245
8 9 98
9 27 193
11 6 174
11 37 260
12 16 5
12 1 94
15 27 4
15 28 238
16 34 250
17 21 299
20 0 220
21 14 196
23 22 138
25 19 143
27 9 156
27 24 78
29 9 51
30 2 256
30 37 89
30 25 135
30 1 64
30 16 144
32 31 293
32 3 253
34 19 8
35 32 142
36 26 224
37 37 249
38 30 11
39 27 222
-1
120
0 27 20
4 30 148
7 34 292
7 2 275
7 18 191
9 11 184
9 20 163
11 4 25
11 32 239
12 13 234
13 21 98
13 34 120
15 31 85
18 14 160
19 22 0
19 12 30
22 19 283
23 28 10
24 24 196
25 30 278
26 11 39
27 4 276
28 24 129
29 36 0
30 15 93
30 5 109
30 19 180
31 25 139
35 27 117
35 38 192
35 28 93
36 16 145
36 28 297
36 19 143
36 14 194
37 36 145
37 5 75
38 7 280
39 15 14
39 9 276
-1
120
0 25 180
1 3 39
2 22 129
2 27 241
3 7 147
4 11 165
6 15 137
6 29 31
7 37 118
8 19 217
8 5 116
9 19 88
9 24 169
12 6 217
13 4 54
15 3 259
15 33 82
17 22 154
17 23 72
18 25 297
19 2 107
20 20 149
20 2 19
20 19 172
21 5 232
22 32 292
22 31 141
22 18 13
23 30 120
24 19 111
24 30 267
26 2 239
26 11 97
27 2 277
27 8 78
28 15 236
28 19 265
28 27 247
30 5 54
30 31 197
31 14 250
32 13 134
33 6 258
33 35 157
35 39 118
35 18 104
35 39 169
37 11 215
38 18 86
38 3 153
-1
120
1 30 213
4 11 223
5 33 123
5 15 290
5 24 20
7 21 205
7 21 91
9 29 258
10 39 210
11 7 197
13 27 258
14 39 38
14 5 28
14 23 105
15 26 195
16 12 274
16 7 238
17 2 294
18 22 146
18 0 266
20 10 136
20 30 297
22 7 263
23 10 177
23 29 242
23 16 115
24 32 286
24 25 193
25 27 212
26 21 185
26 35 192
27 9 62
28 9 134
28 29 189
29 13 192
30 4 94
30 15 202
31 27 42
33 27 67
34 28 95
34 22 20
34 37 189
35 20 190
36 8 113
36 23 68
37 25 20
37 32 171
37 36 201
38 13 39
39 16 125
-1
120
1 21 112
2 25 277
2 15 249
3 39 298
3 33 141
3 19 208
3 34 117
4 36 51
4 28 131
5 13 217
5 31 118
6 5 14
6 18 2
7 16 21
8 21 191
8 32 16
9 25 45
10 28 245
10 23 96
12 39 272
12 31 18
13 0 20
14 37 113
15 23 296
15 37 263
16 15 70
16 9 140
16 29 90
17 3 261
18 20 23
19 37 228
19 38 284
20 18 149
20 9 130
20 21 77
21 22 287
21 0 274
23 32 290
23 14 190
23 28 115
25 1 267
26 19 20
26 32 213
26 8 168
26 19 28
28 4 84
28 27 173
32 4 293
32 37 181
32 20 258
33 15 40
33 38 289
33 3 148
34 20 239
35 12 257
36 36 140
36 10 280
37 11 170
37 36 71
39 22 224
-1
120
0 14 280
0 13 291
1 33 215
1 31 4
3 6 69
5 9 113
5 36 70
5 11 249
6 0 93
7 11 116
7 25 225
7 30 168
8 18 47
9 39 268
9 16 252
9 31 259
9 17 93
10 30 269
10 7 156
11 22 222
11 25 154
11 7 297
11 38 86
11 28 163
12 12 188
13 38 89
13 12 135
13 6 290
13 12 151
14 18 3
16 11 277
17 25 207
19 5 176
20 16 261
20 2 12
21 27 141
22 37 238
23 21 289
23 23 168
23 11 120
23 2 224
24 11 270
24 20 151
24 33 141
25 8 275
26 30 98
26 18 176
27 4 101
27 24 68
30 34 29
30 28 290
32 30 263
34 9 252
35 34 189
35 34 168
36 15 296
37 1 231
38 27 250
39 5 133
39 1 110
-1
120
0 14 146
0 17 178
1 8 169
1 27 248
2 9 48
3 9 298
3 21 168
5 31 209
5 7 117
6 22 241
6 31 208
7 29 14
7 8 43
8 27 279
8 37 197
8 15 35
8 34 262
11 26 200
12 33 267
12 15 3
12 4 45
13 25 170
13 21 255
13 4 212
14 1 136
14 12 92
15 0 93
15 6 224
15 7 269
15 38 279
16 10 295
16 36 278
16 9 228
16 7 127
17 6 77
18 31 171
19 11 172
20 0 287
21 34 259
21 31 291
21 10 112
22 4 188
23 16 71
23 7 119
24 13 83
25 9 159
28 11 281
28 30 210
29 26 169
30 4 49
30 5 39
31 16 115
31 38 168
32 32 230
32 3 208
32 31 258
34 27 183
35 8 125
35 35 115
36 14 258
37 16 87
37 10 243
37 27 284
38 16 252
38 20 122
38 27 89
38 1 60
39 3 123
39 27 10
39 35 173
-1
120
0 2 17
1 21 129
1 37 205
1 31 216
1 24 271
1 8 216
1 1 110
2 38 48
2 36 169
3 39 15
4 8 297
4 6 232
5 18 219
5 7 49
7 13 232
7 29 145
8 24 274
9 1 256
9 25 160
12 29 28
12 7 202
12 27 244
12 24 225
12 11 27
13 34 12
14 14 159
15 39 96
16 21 51
16 14 278
18 3 199
18 10 3
18 10 240
19 34 132
19 34 149
20 33 92
20 34 271
20 21 63
21 5 70
21 8 180
21 9 40
21 34 58
23 19 58
25 39 1
25 14 164
26 13 186
27 30 152
27 9 170
27 38 123
28 27 279
28 33 93
28 25 35
29 1 41
29 15 233
29 26 37
30 20 280
30 3 252
32 37 237
33 30 219
33 13 173
34 17 132
34 13 289
35 9 63
36 1 157
36 4 281
36 20 168
36 34 209
37 29 12
37 15 253
39 37 196
39 37 13
-1
120
0 28 245
0 13 94
1 38 156
1 38 131
1 20 193
1 4 41
1 12 68
2 17 227
2 26 236
2 7 126
3 0 163
4 17 170
5 0 79
6 28 175
6 17 160
6 32 262
7 2 241
7 7 271
8 28 212
8 6 175
8 28 78
8 3 70
9 31 147
9 3 25
9 3 285
9 22 124
10 11 87
10 27 39
10 24 295
11 25 287
11 14 299
12 3 54
12 15 35
12 22 2
14 38 2
15 22 244
15 13 16
15 18 2
16 22 126
17 12 207
17 27 188
17 25 44
19 36 181
20 1 39
20 33 2
20 24 137
23 9 172
23 15 234
24 33 103
24 3 186
26 33 186
26 1 89
27 30 19
27 25 149
28 11 35
28 18 152
28 37 73
28 33 117
29 28 119
30 14 185
30 31 221
31 26 25
31 20 21
31 31 240
31 6 37
32 1 188
32 20 254
33 30 62
34 37 70
35 33 73
36 35 7
36 4 43
36 24 121
37 14 292
37 6 279
38 16 181
38 22 139
39 34 44
39 25 79
39 18 126
-1
120
0 36 82
0 6 224
0 10 206
0 3 173
1 33 43
1 14 195
2 25 153
2 21 13
2 2 30
3 12 274
3 11 123
4 36 71
4 10 132
5 19 293
5 36 130
6 24 129
6 28 174
6 23 130
6 30 115
7 33 27
7 21 124
7 24 166
7 18 82
7 7 194
8 9 99
8 33 184
8 28 242
9 6 250
11 24 259
14 13 190
14 37 184
14 33 22
15 17 165
16 18 33
16 13 159
16 17 269
17 39 250
18 32 188
20 28 120
21 30 266
21 9 221
21 22 39
22 35 61
22 19 181
23 15 83
23 2 107
24 3 191
26 33 240
26 26 98
27 25 297
28 7 135
28 39 169
28 1 179
29 5 209
30 33 86
30 2 80
31 22 48
31 26 258
31 8 178
31 32 253
32 39 223
32 15 263
32 13 182
33 25 170
34 36 90
34 2 249
34 18 47
34 17 40
35 16 70
35 16 143
35 0 40
35 23 259
36 7 205
36 39 211
36 33 14
37 18 90
37 30 19
38 29 13
38 37 259
39 27 81
-1
120
1 9 245
1 39 220
2 3 182
2 21 269
2 11 173
3 29 9
4 29 21
4 24 5
4 3 270
4 21 298
4 33 271
5 27 44
6 14 16
6 29 267
6 22 136
7 31 242
7 3 225
7 8 206
8 38 83
8 12 134
9 15 210
9 33 80
9 10 228
10 37 19
10 1 159
11 26 207
11 24 14
11 6 11
11 24 210
12 30 90
12 0 92
12 5 122
14 1 3
15 23 137
15 11 199
15 34 31
16 16 257
16 14 146
16 10 218
17 39 131
17 21 2
18 5 122
18 18 101
18 8 178
19 28 286
21 21 235
21 1 183
23 22 141
23 25 63
26 26 98
26 12 196
26 17 294
26 30 190
27 39 283
27 2 198
27 35 152
27 34 257
27 21 66
27 39 58
28 10 203
28 35 16
28 16 264
28 27 246
29 22 117
30 17 204
30 37 82
30 6 168
31 33 256
31 34 269
31 15 193
31 2 66
33 20 86
33 4 148
34 7 225
34 11 70
34 18 73
34 39 230
34 6 287
35 1 209
35 13 61
35 28 276
36 29 57
36 1 228
36 15 129
37 25 173
37 12 278
37 17 80
39 39 94
39 0 248
39 25 281
-1
120
0 10 184
0 4 258
0 18 212
0 14 277
2 28 176
2 25 62
2 24 171
3 24 292
4 16 43
5 21 0
5 26 74
5 6 31
6 27 18
6 1 215
6 16 36
6 31 42
7 10 263
9 38 158
9 25 172
10 16 35
10 19 31
10 39 10
11 13 251
11 32 168
11 24 32
11 27 69
11 17 218
12 2 107
12 24 198
13 15 41
13 38 221
14 6 170
14 8 166
15 27 117
15 38 290
16 29 247
16 27 210
17 37 139
17 17 68
17 19 144
17 33 90
18 23 70
18 21 165
19 25 83
19 10 231
20 39 119
21 25 108
22 10 97
23 21 125
24 8 200
24 31 176
26 30 73
26 2 61
26 13 117
27 36 291
27 1 47
27 24 156
28 5 22
28 26 87
29 19 272
29 27 105
29 18 7
30 36 238
30 26 220
31 29 11
31 28 121
31 18 203
32 31 167
32 17 135
33 7 269
33 31 133
33 33 76
34 1 273
34 18 1
34 14 176
34 19 93
35 5 198
35 19 53
35 18 107
35 27 285
36 15 145
36 21 256
36 26 244
37 29 151
37 20 271
37 1 118
37 13 284
37 2 152
39 0 40
39 27 6
-1
120
0 11 124
1 36 148
1 38 219
2 25 163
2 24 45
3 25 78
3 20 89
3 22 225
4 34 197
5 17 288
5 6 208
5 25 101
6 4 255
6 4 64
6 31 32
6 32 190
6 12 100
6 10 177
7 38 92
7 34 137
7 22 58
7 25 240
7 15 182
8 0 20
9 0 257
9 12 180
9 21 59
9 16 145
9 16 27
9 11 32
11 35 143
11 37 17
11 35 235
11 4 155
12 2 65
14 9 102
14 17 66
16 17 96
16 23 122
16 11 191
16 29 251
17 36 240
17 0 172
17 36 293
17 17 150
17 30 113
18 37 241
18 27 167
18 18 140
19 13 182
19 12 151
20 5 24
20 32 99
20 16 154
21 32 120
21 15 105
21 12 35
21 35 150
21 19 56
21 29 189
22 0 138
25 37 210
25 2 95
25 20 106
26 29 65
26 6 214
27 37 259
27 16 211
27 15 50
28 19 117
28 33 35
28 5 14
28 12 167
30 39 0
30 18 179
30 16 4
31 4 54
31 23 62
32 18 183
32 6 120
33 29 108
33 5 114
33 31 43
34 12 53
34 15 285
35 31 244
35 33 43
36 14 18
37 25 155
37 9 107
37 26 19
37 13 132
37 9 13
38 11 38
38 19 195
38 8 64
39 30 131
39 21 250
39 17 23
39 8 44
-1
120
0 37 103
0 12 125
0 9 94
0 13 247
0 17 210
0 4 261
1 14 85
1 35 60
3 35 123
3 7 119
3 34 10
3 25 164
4 30 104
4 2 30
4 32 269
4 25 110
5 24 110
5 22 128
5 28 145
5 14 283
6 1 209
6 4 252
7 17 22
7 34 0
7 18 217
8 7 225
8 10 285
8 38 110
8 38 232
8 33 70
9 10 50
9 3 45
10 38 197
10 14 29
10 29 162
10 17 160
10 5 208
11 21 3
11 6 250
12 6 254
12 14 289
12 15 5
12 34 42
12 8 41
12 6 105
13 13 67
13 20 182
14 21 243
14 3 254
15 33 276
15 2 83
15 37 298
16 22 61
17 29 108
17 26 202
18 12 41
18 9 206
18 8 37
19 9 114
20 0 283
21 24 82
21 15 279
21 37 267
22 30 224
22 1 99
23 23 45
23 0 42
24 29 266
24 10 279
24 14 18
24 26 296
26 7 29
26 38 277
27 26 263
27 29 47
29 5 57
29 4 54
30 28 23
31 22 34
31 3 13
32 2 157
32 23 140
33 38 128
33 27 189
35 29 269
36 29 297
36 33 52
36 16 117
36 27 126
36 28 172
37 26 41
37 38 244
37 13 231
37 27 255
38 14 73
39 0 54
39 20 136
39 25 184
39 23 272
39 5 25
-1
120
0 31 239
0 9 52
1 39 102
1 21 118
1 18 252
2 27 137
3 39 12
3 7 210
4 8 5
4 17 296
4 35 140
4 29 227
4 9 119
5 31 235
5 26 87
5 27 93
6 18 178
8 13 41
8 1 39
8 1 71
8 33 73
9 2 124
9 34 8
9 25 136
9 20 104
9 20 261
9 26 254
9 7 190
10 34 70
10 39 219
10 14 165
10 10 179
10 10 44
11 1 19
11 33 138
12 19 222
12 6 287
12 29 19
12 28 136
13 35 275
13 38 83
13 36 73
13 2 231
14 4 35
14 13 63
14 33 122
15 33 253
16 19 289
17 13 0
17 24 271
17 39 169
17 4 270
17 28 120
18 37 224
18 7 59
18 32 136
19 14 25
19 16 196
19 19 73
20 5 72
20 21 4
20 0 42
20 35 44
20 14 166
20 36 160
20 36 53
21 18 129
21 10 169
22 23 115
22 4 1
23 11 126
24 13 199
24 4 166
24 35 278
24 36 44
25 33 153
25 24 141
25 9 14
26 1 214
27 17 192
28 4 256
28 17 246
28 35 196
28 29 18
29 27 264
29 21 99
30 5 116
30 38 107
32 12 236
32 14 139
32 26 82
32 39 85
32 9 64
32 26 192
33 36 165
33 11 297
33 39 147
33 13 144
33 4 269
35 6 47
35 7 26
35 21 289
36 39 119
37 39 194
38 20 221
38 7 64
38 24 87
39 10 138
39 38 190
39 30 170
-1
120
0 23 275
0 22 212
1 3 221
1 28 256
1 26 141
1 25 194
2 15 31
2 24 16
3 35 148
3 10 182
3 16 8
4 1 148
4 17 113
4 24 12
4 3 253
5 36 65
5 0 298
6 6 230
6 16 12
6 18 116
6 21 68
6 23 269
7 5 251
7 18 19
8 9 41
8 39 146
8 29 165
9 2 56
9 24 149
10 29 167
10 34 231
11 39 128
11 8 5
11 34 57
11 29 281
12 26 25
12 36 269
13 10 200
13 27 27
13 15 146
14 7 124
14 18 130
14 12 200
14 27 36
15 6 10
15 23 118
15 4 282
16 31 43
16 4 296
17 19 211
17 10 61
17 8 242
18 39 122
18 3 232
18 7 47
18 28 139
19 39 71
19 26 218
19 28 260
19 18 73
19 19 140
20 11 23
20 5 280
20 19 192
21 30 112
22 38 209
23 1 221
23 33 220
23 18 253
23 13 233
24 35 278
24 31 240
24 6 149
25 8 54
25 11 75
25 34 29
25 8 121
25 3 48
25 35 133
26 23 2
27 15 51
27 39 53
27 7 237
28 39 260
28 23 261
29 38 191
29 19 295
30 18 229
30 22 287
30 36 218
31 7 15
31 29 107
31 3 46
31 17 255
32 20 109
32 14 104
32 31 188
33 22 254
33 22 162
34 18 156
34 23 165
36 36 168
36 5 37
37 22 148
37 19 45
37 29 64
37 38 246
39 22 20
39 15 83
39 7 228
-1
120
0 8 268
0 26 233
0 11 3
1 19 279
2 35 144
3 32 44
3 23 64
3 15 139
3 12 121
3 1 281
3 27 178
4 17 114
5 5 164
5 25 250
5 3 90
6 5 251
6 9 275
7 23 178
7 36 208
8 30 153
8 18 228
8 4 203
9 24 182
9 21 39
9 26 142
9 1 87
10 4 31
10 15 18
10 39 162
10 4 145
11 23 211
11 23 167
11 25 31
11 39 224
12 7 117
12 0 109
12 23 21
12 12 183
12 4 69
12 39 268
12 7 145
13 37 240
13 5 145
13 25 246
13 9 55
13 15 205
14 32 77
14 14 227
15 2 103
15 20 196
15 23 296
16 30 31
16 1 2
16 27 189
16 35 142
17 12 250
17 36 203
18 16 225
19 14 230
19 2 176
19 7 189
19 4 238
20 32 97
20 32 139
21 15 78
21 16 73
21 27 249
22 5 222
22 16 265
22 37 53
23 17 201
24 29 49
24 15 297
24 7 128
24 21 170
24 2 151
24 11 79
24 13 167
25 13 193
26 33 111
26 16 120
26 20 186
26 38 181
28 35 2
28 33 296
28 20 223
29 8 253
29 19 43
29 16 288
30 16 258
30 20 192
30 34 13
30 20 116
31 7 223
31 30 99
32 15 278
32 2 246
32 28 282
32 5 140
33 28 9
33 22 187
33 17 151
33 26 147
34 35 60
34 19 283
34 0 112
34 3 123
35 14 286
36 20 237
36 39 170
37 37 211
37 12 14
37 25 53
38 27 174
38 7 138
39 15 282
39 29 3
39 22 90
39 13 118
39 29 37
-1
120
0 14 285
0 8 81
0 5 134
1 12 44
1 6 244
1 38 185
2 28 256
3 18 54
3 23 44
4 8 124
4 30 108
4 14 278
5 37 100
6 27 107
6 30 237
6 30 63
7 10 171
7 19 284
7 28 289
7 5 13
8 24 275
9 11 196
9 36 32
10 1 134
10 17 212
10 3 174
10 20 293
11 5 125
11 21 153
11 25 260
11 26 253
12 8 166
13 29 150
13 3 90
13 28 286
13 29 173
13 28 70
13 19 209
15 39 174
16 27 99
16 19 194
16 11 74
16 15 267
16 30 286
16 21 64
17 19 106
17 17 205
17 18 43
17 19 213
17 6 23
17 33 113
18 23 121
18 7 126
18 27 164
19 23 163
19 28 173
20 32 134
20 35 58
21 0 61
21 24 187
22 37 161
22 7 55
22 32 68
22 6 20
23 6 8
23 17 262
23 17 146
23 3 107
23 31 218
23 11 51
24 13 290
24 30 130
24 34 124
25 18 38
25 23 177
25 23 282
26 37 197
26 8 45
26 34 163
26 29 209
26 16 223
27 1 175
27 16 99
28 8 144
28 27 283
28 1 198
28 38 124
29 28 18
30 37 270
31 25 72
31 1 222
31 0 182
31 20 283
31 22 25
31 17 101
31 7 67
31 8 189
32 16 107
32 31 285
32 26 221
32 10 131
33 12 63
33 2 192
34 18 83
34 5 249
34 31 110
34 31 148
34 16 73
34 27 134
35 11 288
35 39 291
36 33 149
36 21 219
36 28 227
38 15 140
38 30 177
38 24 159
39 16 158
39 33 58
39 7 38
-1
120
0 15 220
0 20 56
0 4 273
0 28 62
1 36 22
1 37 98
1 32 262
1 6 249
1 11 253
1 33 100
2 12 177
2 28 125
2 22 145
2 13 101
3 25 173
3 26 51
3 11 159
3 3 101
4 8 120
4 2 284
4 15 118
4 28 134
5 11 92
5 38 227
6 7 71
6 9 23
6 31 33
6 10 254
6 1 233
6 34 252
7 26 270
7 4 208
7 7 281
7 2 109
7 14 67
7 11 92
7 17 108
8 31 102
8 13 113
8 6 243
9 16 3
9 4 29
10 20 86
10 8 212
10 5 162
11 3 66
11 31 237
11 1 89
11 32 9
12 0 129
12 17 44
13 21 47
13 19 264
13 13 122
13 0 71
14 3 213
14 16 148
15 32 165
15 24 11
15 27 176
16 4 124
16 23 55
16 16 163
16 1 275
16 0 43
17 21 5
17 10 0
17 22 153
18 6 109
18 28 202
18 2 6
19 3 11
19 6 150
19 19 34
19 25 236
19 15 211
19 38 206
19 18 150
20 0 271
20 8 79
20 10 48
20 24 116
20 30 31
20 0 46
20 34 297
21 26 222
21 12 121
22 4 14
22 25 172
22 39 124
22 2 253
23 4 165
23 1 234
24 12 3
25 9 249
25 22 214
25 23 278
25 31 40
26 38 69
27 32 134
27 0 167
28 5 84
28 27 128
29 20 117
29 19 170
29 30 180
30 26 152
30 5 268
30 24 114
30 28 237
31 20 126
31 38 164
32 32 92
34 35 224
34 35 105
34 11 87
34 29 233
34 17 169
35 32 42
35 5 282
35 10 222
35 5 62
36 12 245
36 22 86
37 4 138
38 4 142
38 35 44
39 21 62
39 3 4
39 14 178
-1
120
0 13 61
0 8 281
0 32 70
0 9 86
0 26 271
0 12 228
1 1 53
1 5 192
1 10 226
2 16 41
2 24 237
2 26 187
2 7 105
2 7 237
2 36 164
3 38 68
3 5 174
3 11 229
4 17 277
4 39 126
5 36 37
5 35 288
5 18 107
5 11 31
5 30 19
6 18 118
6 6 124
6 29 75
6 26 219
6 33 179
7 27 120
8 33 269
8 22 133
8 37 120
8 25 135
8 34 0
9 37 285
9 37 109
9 18 293
9 8 146
9 17 271
9 11 100
9 30 31
10 18 41
10 2 265
10 36 251
10 4 83
10 18 152
11 20 81
11 3 40
12 15 66
13 32 22
13 1 170
13 34 86
13 4 291
13 32 88
13 13 213
14 29 72
14 34 276
15 20 38
15 31 269
16 38 55
16 7 122
16 8 91
16 22 150
17 39 265
17 10 241
17 24 54
17 5 91
18 34 66
18 1 73
18 31 279
18 20 242
18 33 123
19 19 252
19 9 71
19 34 137
20 35 116
20 5 120
20 15 153
21 28 249
21 6 30
21 9 221
22 20 20
22 32 6
22 31 273
22 31 283
22 24 246
23 38 92
23 27 278
23 14 53
24 20 214
24 22 273
24 0 241
25 17 182
25 11 112
26 28 184
26 14 5
27 31 242
27 26 186
27 11 85
27 11 203
27 3 144
28 25 264
28 35 236
28 9 253
28 2 206
28 12 52
29 17 122
29 25 82
29 9 181
29 39 150
29 12 254
30 18 279
31 13 52
31 18 194
31 26 227
32 28 56
32 26 64
32 26 173
33 3 84
35 14 264
36 33 33
36 10 209
36 15 2
37 30 212
37 19 114
38 2 238
39 36 107
39 30 119
-1
120
0 28 215
0 27 118
1 7 185
1 29 81
1 37 160
2 13 3
2 36 41
2 33 256
2 8 255
3 19 35
3 35 210
3 4 38
3 37 274
5 6 254
5 23 99
5 38 50
5 39 121
5 20 96
6 23 277
6 30 62
6 0 52
6 9 124
6 8 52
6 21 45
7 1 25
7 34 144
8 29 168
8 34 250
9 6 81
9 35 253
9 1 180
9 30 284
10 21 168
10 24 44
10 30 55
10 24 199
10 38 46
10 1 211
11 19 149
11 27 185
11 12 24
12 20 291
12 27 215
12 25 12
12 35 66
12 25 222
12 18 84
13 34 248
13 24 142
13 27 60
14 27 218
14 32 237
14 18 223
14 22 275
14 24 129
14 21 82
14 9 8
14 7 284
15 21 54
15 37 273
16 2 163
17 33 40
17 7 14
17 18 37
18 9 48
18 11 40
18 13 277
18 14 175
18 1 134
18 13 29
19 35 176
19 3 202
20 8 186
20 2 146
21 1 7
21 27 164
21 21 96
21 27 52
22 23 255
22 2 3
22 6 177
22 33 63
23 12 256
23 0 225
23 26 91
23 25 75
23 24 292
24 2 240
25 20 197
25 35 176
26 3 294
26 32 7
26 20 165
27 10 103
27 5 68
27 7 34
28 39 29
28 24 120
28 9 172
28 7 278
29 11 79
29 27 83
29 24 88
30 31 246
30 18 239
30 26 229
30 28 175
30 0 78
31 10 226
31 7 217
32 34 251
32 28 77
32 1 72
32 8 231
32 7 139
32 24 295
33 32 62
33 15 177
35 16 219
35 29 160
35 17 271
35 26 52
35 18 91
35 3 207
36 2 202
36 8 167
36 7 258
36 35 253
36 2 206
36 2 196
36 28 6
37 16 63
37 9 252
37 28 51
38 33 226
38 23 149
38 28 156
38 29 266
39 9 76
39 36 73
-1
120
0 6 124
0 24 34
0 8 61
1 35 222
1 17 201
1 7 234
2 1 221
2 24 0
2 6 224
3 25 203
3 25 251
3 5 281
3 3 73
4 11 11
4 6 113
4 17 268
4 32 208
4 27 252
5 9 156
5 34 94
5 8 281
5 24 204
5 30 22
5 28 125
5 11 105
6 32 197
6 23 239
6 20 18
7 12 118
7 34 107
8 34 7
8 20 74
8 26 278
9 28 128
9 20 144
10 21 171
10 11 35
10 20 269
10 1 7
11 9 12
11 16 107
11 26 183
11 37 68
12 31 176
12 35 127
12 29 108
13 28 90
13 10 26
13 26 213
14 29 103
14 11 291
14 5 37
14 23 291
14 32 280
15 30 39
16 10 205
16 30 226
17 0 125
17 0 73
18 24 177
18 14 134
19 8 43
19 24 203
19 4 21
19 2 180
19 11 222
20 3 221
20 16 191
20 2 264
20 25 30
21 37 257
21 38 103
22 5 67
22 29 191
22 17 75
23 29 151
23 12 231
23 17 178
24 24 121
24 24 154
25 8 166
25 25 125
25 10 160
25 17 14
25 17 274
25 34 210
25 29 48
25 17 246
26 8 31
26 31 262
26 21 179
26 30 30
26 11 131
26 25 14
27 21 91
28 19 86
28 32 63
28 3 153
28 22 203
29 34 289
29 13 216
29 7 263
29 38 128
29 1 39
30 20 175
30 32 190
30 30 120
30 5 146
30 36 72
30 4 206
30 3 38
31 18 203
31 5 294
31 12 151
32 22 214
32 32 216
32 35 158
33 13 105
33 13 187
33 4 93
33 20 163
34 18 155
34 5 119
34 36 275
35 20 189
35 16 156
35 16 266
36 3 113
36 8 3
36 13 262
36 12 243
36 5 157
37 16 17
37 30 180
38 33 121
39 33 200
39 31 16
39 31 279
39 26 170
39 1 164
-1
120
0 12 136
0 36 272
0 14 286
0 38 17
1 15 128
1 5 92
1 34 108
1 21 152
2 38 15
2 22 206
4 32 188
4 33 75
4 27 229
5 26 83
5 18 78
5 12 222
5 27 169
5 37 21
5 17 269
5 32 158
6 29 277
7 9 32
7 37 185
8 21 175
9 38 12
9 2 122
9 17 67
10 4 128
10 37 98
10 31 106
10 19 255
10 39 291
10 27 155
11 32 162
11 33 215
11 11 265
11 18 68
12 32 198
12 21 297
12 30 77
12 35 170
13 31 141
13 22 55
13 2 228
14 19 104
14 0 173
15 21 67
16 26 239
16 2 193
16 29 241
16 25 273
17 13 198
17 39 183
17 0 102
17 25 11
17 7 10
18 6 168
18 31 59
18 13 221
18 18 32
18 12 157
18 29 46
19 4 299
19 30 205
19 26 68
19 13 92
20 5 171
20 4 276
20 12 161
21 13 18
21 34 111
22 28 224
22 36 144
22 27 82
22 27 211
22 5 216
23 2 272
23 4 296
23 29 215
24 31 39
24 1 115
24 3 211
25 14 90
25 29 80
25 25 115
25 6 189
25 39 285
26 14 226
26 19 70
26 7 181
26 27 52
26 22 197
26 20 13
26 9 270
27 29 172
27 17 65
27 6 115
27 33 95
27 19 31
27 35 62
28 15 294
29 30 175
29 4 12
29 4 132
29 6 118
29 7 31
29 37 199
30 18 143
30 39 279
30 0 156
31 11 174
31 29 24
31 19 45
31 20 1
31 19 254
31 34 256
31 24 161
32 28 60
32 12 213
33 28 88
33 36 208
33 30 31
33 32 257
33 13 217
33 5 137
33 20 66
33 35 36
34 4 259
34 35 245
34 27 30
35 32 17
35 29 44
35 3 3
35 6 213
35 9 214
36 12 166
36 6 134
36 16 96
36 3 263
37 10 225
37 30 291
37 14 284
37 31 227
38 34 196
38 15 240
38 10 212
39 25 70
39 22 175
39 8 299
39 11 141
-1
120
0 9 231
0 18 272
0 37 282
0 23 114
1 20 283
1 9 274
2 2 297
2 26 92
3 38 201
3 14 151
3 38 60
3 7 186
4 18 128
4 35 226
4 2 166
4 1 174
4 6 125
4 22 53
4 21 6
5 11 158
5 20 283
5 21 87
6 25 135
6 6 239
6 23 209
6 20 249
7 20 83
7 1 181
7 27 132
7 30 44
7 37 110
8 20 200
8 7 99
9 6 112
10 11 2
10 14 151
10 36 245
10 35 102
10 39 238
10 15 238
10 30 10
10 39 6
10 10 223
10 27 190
11 19 254
11 4 99
11 24 4
12 19 148
12 8 118
12 33 188
12 19 254
13 19 186
13 24 145
14 10 285
14 38 137
14 12 228
14 32 273
14 36 231
14 19 254
14 8 155
14 4 137
15 16 142
15 4 206
15 10 171
15 12 295
15 8 153
16 15 256
17 2 118
17 11 160
17 16 240
17 24 276
19 2 299
20 12 248
20 19 80
20 2 142
20 2 166
21 35 265
21 31 154
21 30 22
21 8 54
21 11 51
21 19 149
22 3 10
22 17 115
23 16 134
23 8 159
23 5 4
24 10 280
24 32 179
24 11 201
25 25 285
26 36 284
26 37 172
26 17 185
27 5 265
28 27 32
28 0 54
28 32 89
28 4 31
28 7 287
29 3 145
29 0 49
29 4 157
30 21 145
30 37 214
30 11 110
30 19 26
30 33 292
30 35 113
30 23 238
31 30 154
31 32 89
31 37 248
31 6 9
32 8 239
32 26 23
32 2 140
32 19 166
32 25 243
32 37 293
33 0 90
33 4 242
33 1 87
33 29 238
33 3 141
33 11 102
34 21 137
34 25 256
34 11 55
34 14 186
34 39 70
35 18 60
35 6 252
35 24 80
35 10 279
36 6 33
36 32 162
36 0 121
36 2 257
37 5 85
37 3 6
37 32 97
38 15 240
38 6 198
38 26 64
38 3 40
39 31 277
39 25 147
39 4 12
39 20 33
-1
120
0 20 154
0 0 82
0 6 41
1 6 265
1 3 253
1 11 12
1 6 202
2 12 101
2 8 123
2 17 93
2 5 39
3 14 210
3 38 102
3 18 12
3 19 32
3 20 225
3 26 70
3 26 76
4 14 92
4 15 100
4 21 11
5 4 232
5 12 241
5 38 235
5 20 184
6 21 113
6 20 133
6 10 199
6 12 158
6 13 33
6 16 217
6 25 172
6 24 0
7 36 266
7 16 49
7 11 27
8 39 8
8 5 174
8 30 215
9 37 15
9 13 118
9 25 61
10 9 167
10 34 223
10 9 207
11 8 171
11 32 157
11 19 234
11 25 169
11 13 49
11 1 65
11 23 200
11 12 72
12 21 8
12 18 109
12 34 89
12 9 175
13 10 24
13 2 111
13 37 89
13 9 272
13 29 145
13 5 145
14 6 99
15 2 254
15 4 84
15 32 220
15 25 192
15 15 289
15 38 70
16 25 113
16 3 109
17 7 191
17 31 204
17 32 160
17 14 114
17 11 92
18 29 279
18 21 276
18 23 252
18 34 195
19 1 29
19 10 236
19 10 145
19 39 102
19 18 239
19 14 214
20 38 202
20 36 279
21 34 196
21 15 294
21 28 296
21 11 19
21 26 265
22 29 7
24 24 45
24 30 222
24 4 181
24 6 219
24 23 19
24 22 217
24 7 253
25 15 78
26 5 268
28 39 232
28 32 143
28 15 63
29 22 262
29 9 219
29 29 284
29 30 290
30 39 123
30 5 99
30 1 205
30 16 53
30 5 215
30 28 145
31 27 89
31 19 198
31 39 254
31 30 185
31 12 31
31 9 157
31 1 289
32 6 288
32 3 86
32 12 102
32 25 102
32 12 209
33 21 10
33 23 155
33 20 278
33 7 104
34 16 3
34 16 297
34 35 113
34 3 200
35 37 92
35 27 274
35 1 19
35 14 131
35 30 174
35 24 125
35 29 179
35 6 196
35 32 154
36 4 154
36 23 43
36 19 90
36 25 169
38 10 2
38 38 297
38 23 224
38 2 280
38 29 264
38 4 98
38 1 169
38 2 284
39 5 34
39 3 167
-1
120
0 32 79
0 2 33
0 5 10
0 30 222
0 30 67
0 15 233
0 19 131
0 8 193
0 1 229
1 21 263
1 0 171
1 34 147
1 20 8
2 15 224
2 39 73
3 27 152
3 9 273
3 35 1
3 4 85
4 28 180
4 22 160
4 26 294
4 35 193
4 3 120
4 15 169
4 39 129
5 14 17
5 35 86
6 37 218
6 36 76
6 19 288
6 5 86
7 35 59
7 26 135
7 29 235
7 30 148
8 24 277
8 27 120
8 6 32
9 13 131
9 17 198
10 14 233
10 14 16
10 26 276
10 4 30
10 29 252
10 9 140
10 19 290
11 16 52
11 35 263
11 19 96
12 17 252
12 29 256
12 26 86
13 29 78
13 24 35
13 32 145
13 35 85
14 11 53
15 28 40
15 28 95
15 27 252
15 4 47
16 39 198
16 17 74
16 4 206
17 18 111
17 38 131
17 25 3
17 29 40
17 8 286
18 30 222
18 8 161
18 36 57
18 18 30
19 1 44
19 26 102
19 29 232
19 23 206
20 26 281
20 38 130
20 38 36
20 10 100
21 22 198
21 10 92
21 10 217
21 7 128
22 36 237
22 38 247
22 25 143
22 26 105
22 26 155
22 28 45
23 24 64
23 2 141
23 0 281
23 37 232
23 3 166
23 32 56
24 12 76
24 36 180
24 33 103
24 17 135
24 24 41
24 12 9
24 13 214
25 15 192
25 36 262
25 1 46
26 28 78
26 11 256
26 8 33
26 24 64
26 15 285
26 18 280
26 18 10
27 2 139
27 12 48
28 15 275
28 31 255
29 16 32
29 18 5
29 8 185
29 3 107
29 27 189
30 18 145
30 29 40
30 32 275
30 15 229
30 7 3
30 8 199
31 24 201
31 28 176
31 30 227
32 34 74
32 32 134
32 38 216
32 17 186
32 24 25
33 11 264
33 39 78
33 11 129
34 5 43
34 39 70
34 0 50
35 16 175
35 12 60
35 2 248
35 31 51
36 36 164
36 36 45
36 12 7
37 29 282
37 24 185
37 1 172
37 29 85
38 38 127
38 6 60
39 1 203
39 38 92
-1
120
0 6 285
0 35 215
0 26 153
0 14 56
1 21 185
1 36 189
1 16 162
1 15 70
1 30 217
1 20 30
1 33 170
1 27 183
1 16 296
2 16 80
3 27 63
3 36 152
3 37 67
3 3 298
4 11 297
4 4 195
4 26 19
4 8 56
4 29 233
4 35 192
4 0 193
4 2 109
4 9 139
5 32 244
5 14 46
6 23 266
6 33 189
7 0 200
7 26 133
7 31 153
7 13 57
7 14 165
8 30 24
9 35 208
9 27 31
9 30 6
9 20 144
9 7 105
10 11 161
10 12 208
10 21 287
10 6 277
10 24 63
11 23 28
11 28 75
11 14 244
11 9 194
11 19 55
11 18 42
11 25 91
11 1 290
12 1 102
12 16 170
12 39 101
12 12 181
12 27 273
13 21 64
13 4 61
13 36 244
13 14 120
14 18 137
14 30 18
14 10 86
15 7 136
15 31 47
15 9 198
15 36 179
15 33 165
15 29 93
15 18 279
16 9 143
16 16 6
16 23 15
16 34 155
16 28 201
16 5 10
16 37 185
17 38 100
17 9 202
18 25 86
18 20 70
19 35 204
19 28 42
19 28 295
19 4 78
19 21 54
20 4 123
20 25 98
20 9 251
21 7 222
21 33 69
21 35 27
21 9 256
21 17 254
22 39 291
22 28 111
22 35 84
22 28 13
23 15 80
23 36 279
24 32 120
24 0 90
24 0 228
25 15 203
25 12 209
25 26 133
26 2 205
26 34 167
27 33 169
27 33 31
27 38 99
27 26 157
27 6 31
28 36 176
28 20 47
28 8 57
28 29 268
28 5 25
28 15 1
28 9 234
29 23 263
29 27 296
30 1 154
30 22 198
30 10 57
31 17 201
31 15 92
31 22 188
31 9 151
31 20 252
31 14 266
32 24 22
32 2 72
32 10 267
32 38 187
32 12 111
32 29 145
33 36 191
33 30 280
33 22 263
33 26 221
33 39 15
33 16 11
33 33 177
33 11 225
34 11 44
35 39 294
35 38 293
35 12 76
35 37 188
36 2 44
36 29 289
36 19 16
36 1 202
36 32 94
37 34 155
37 17 95
38 33 99
38 20 208
38 3 156
38 14 250
38 26 62
38 32 263
39 22 253
39 17 65
39 0 52
-1
120
0 3 12
0 14 204
0 11 184
0 22 275
0 38 250
0 3 58
1 23 128
1 2 41
1 21 201
1 29 17
1 29 3
1 24 63
1 18 158
1 31 260
2 10 112
2 33 276
2 12 186
2 38 33
3 36 295
3 28 297
3 37 68
3 9 200
4 6 177
4 26 279
4 16 134
5 9 11
5 25 39
5 13 153
5 6 134
5 2 140
5 4 74
6 11 65
6 18 172
6 18 60
6 33 170
6 2 279
7 10 185
7 6 12
7 21 202
7 3 251
7 14 157
7 37 297
8 31 41
9 19 193
9 13 298
9 28 9
9 6 88
10 0 283
10 17 180
11 37 79
11 2 287
11 8 256
12 2 262
12 5 269
12 21 84
13 22 20
13 24 192
14 0 94
14 24 297
14 27 179
14 39 102
14 15 275
14 31 296
15 8 66
15 29 50
15 14 272
15 38 35
16 6 85
16 0 63
17 25 76
18 2 246
18 6 279
18 1 23
18 5 6
18 23 249
19 33 109
19 16 100
19 10 99
19 25 103
19 29 240
19 26 292
20 16 252
20 32 284
20 32 14
21 10 194
21 35 108
21 32 185
21 26 44
21 5 114
22 29 200
22 32 196
22 8 2
22 29 5
23 27 154
23 7 235
23 15 141
23 27 94
23 39 285
24 8 184
24 4 34
24 13 8
24 10 62
24 33 177
24 24 141
25 9 100
25 32 121
25 34 26
26 38 281
26 8 260
26 29 14
26 5 103
26 20 292
26 23 10
26 2 249
26 21 211
27 34 1
27 8 254
27 10 230
27 39 21
27 4 39
28 9 53
28 19 106
28 26 182
29 9 120
29 3 286
29 26 247
30 31 137
30 27 155
31 10 130
32 25 160
32 37 97
32 12 223
32 31 38
33 26 200
33 25 9
33 10 282
33 31 91
34 17 191
34 5 285
34 34 203
35 10 210
35 29 131
35 28 265
35 37 233
35 28 59
35 29 26
35 26 15
35 12 253
35 7 112
36 12 292
36 5 178
36 30 139
36 3 96
37 22 110
37 32 240
37 2 265
37 12 80
37 1 134
37 6 163
37 31 64
38 32 74
38 0 171
38 22 213
38 1 214
38 27 269
39 18 137
39 30 299
39 22 287
39 29 26
39 11 26
-1
120
0 15 169
0 10 91
0 24 238
0 15 16
0 14 191
0 30 151
0 12 281
1 30 272
1 27 178
1 26 182
1 17 61
1 38 98
1 17 242
2 26 61
2 17 181
2 30 157
2 2 44
3 15 22
3 25 223
3 35 204
3 30 139
3 25 76
3 27 174
3 12 248
4 35 145
4 25 90
4 0 6
4 18 238
5 37 182
5 13 8
5 32 24
6 3 102
6 39 269
6 4 217
6 23 73
6 5 51
7 25 160
7 5 63
7 27 55
7 5 189
7 14 203
7 32 90
8 20 42
8 21 118
8 29 279
8 24 57
8 2 218
8 17 19
8 27 149
8 11 210
9 28 58
9 19 148
9 29 211
9 5 230
10 12 251
10 7 210
10 34 3
10 13 128
10 29 232
11 33 12
11 20 176
11 0 191
11 17 28
11 18 282
11 33 194
11 33 148
12 33 231
12 14 228
13 17 2
13 24 213
13 22 46
13 17 225
13 5 42
13 36 207
13 37 267
13 31 140
13 16 88
14 31 81
14 35 290
14 31 206
14 0 293
15 23 173
15 8 123
15 37 286
15 18 169
16 18 187
16 34 281
16 16 16
17 4 263
17 26 62
17 28 217
17 35 14
17 1 117
17 2 173
17 6 128
17 37 205
17 15 173
18 15 56
18 16 13
18 22 71
18 33 244
19 29 206
19 34 168
19 25 2
19 25 115
19 20 160
19 9 238
20 21 130
20 21 142
21 10 103
21 39 112
22 4 168
23 0 240
23 15 279
23 24 105
23 32 129
23 30 66
24 4 220
24 2 253
24 18 66
24 7 125
25 24 236
25 9 188
25 25 6
26 8 94
26 21 73
26 29 96
26 31 298
27 11 55
27 13 118
27 22 50
27 12 56
28 1 170
28 4 82
28 10 183
28 26 262
28 15 175
29 38 110
29 24 107
30 36 266
30 0 229
31 29 69
31 17 107
31 4 65
31 18 230
32 32 167
32 25 284
33 23 53
33 36 61
33 4 65
33 2 286
33 1 41
33 29 153
33 26 239
34 21 140
34 1 67
34 36 110
34 7 181
35 25 18
35 7 29
35 17 19
35 11 204
35 4 99
36 2 143
36 1 277
36 19 243
36 22 283
36 24 272
36 2 151
37 36 100
37 32 74
37 9 298
37 19 53
37 37 50
38 27 113
38 18 139
38 23 295
39 33 6
39 10 261
39 25 213
-1
120
0 24 146
0 31 139
0 23 88
0 2 186
0 34 120
0 39 271
0 8 8
1 32 76
1 21 189
1 19 211
1 10 0
1 11 61
1 19 62
1 8 85
1 24 171
2 16 275
2 39 298
2 31 14
2 16 282
3 31 217
3 27 88
3 24 285
3 27 148
3 1 26
4 34 117
4 36 188
4 12 97
4 2 158
4 3 272
4 14 78
5 5 70
5 25 187
5 13 248
5 21 187
6 18 185
6 8 146
6 22 115
6 16 272
6 32 226
6 23 277
6 25 187
6 14 138
6 26 293
7 23 195
7 7 234
7 12 178
7 16 59
8 27 23
8 7 124
8 34 98
8 6 8
9 19 63
9 35 231
9 21 172
9 39 197
9 30 164
10 37 186
10 35 181
10 17 105
11 35 213
11 21 51
11 26 8
11 6 236
12 6 47
12 11 97
12 6 131
13 10 284
14 18 96
14 4 246
14 9 274
14 34 45
15 11 151
15 38 35
15 1 13
15 37 175
15 21 66
15 28 200
15 27 72
15 1 207
15 14 61
15 38 108
16 36 190
16 34 288
16 33 223
16 3 273
16 27 92
18 26 235
18 4 55
18 10 163
18 36 292
18 25 176
18 6 252
19 32 125
20 39 195
20 24 207
20 8 187
20 36 233
20 0 112
20 14 1
20 22 96
21 36 233
21 26 183
21 20 78
21 17 213
21 33 41
22 21 68
22 22 223
22 24 243
23 38 287
23 28 245
23 21 172
23 7 293
23 31 108
23 23 19
23 1 134
24 4 126
24 17 106
24 6 87
24 39 238
24 35 288
24 23 267
24 20 129
25 25 255
25 6 21
26 18 78
26 20 251
26 38 59
26 9 29
27 11 261
27 33 233
27 21 290
27 13 140
27 23 207
27 36 108
27 12 210
28 25 208
28 6 54
28 17 149
29 23 29
29 19 38
29 31 192
29 7 171
30 31 61
30 3 40
30 16 132
30 10 226
30 32 218
31 24 299
31 17 296
31 4 89
32 4 31
32 1 104
33 6 119
33 11 168
33 18 298
34 14 36
34 36 126
34 14 265
34 32 114
34 29 243
35 24 190
35 28 232
35 14 14
35 11 294
35 3 157
35 14 137
35 27 255
36 38 278
36 10 134
36 26 255
36 36 37
36 16 273
37 23 168
38 38 3
38 23 186
38 19 135
39 19 288
39 8 199
39 3 41
39 14 170
-1
120
0 5 113
0 8 102
0 38 2
0 21 180
1 13 282
1 19 172
1 13 146
1 12 179
1 11 216
1 21 44
1 16 46
1 15 266
2 18 113
2 34 131
2 37 174
2 34 129
2 11 134
2 26 183
3 34 16
3 23 124
3 0 32
3 20 6
4 23 176
4 16 245
4 16 76
4 10 89
4 0 260
5 4 165
5 3 26
5 21 239
5 28 53
6 4 81
6 34 292
6 4 126
6 9 181
6 33 154
6 33 267
6 6 247
7 12 77
7 0 143
7 17 75
7 10 25
8 31 183
8 8 85
8 21 159
9 5 180
9 22 173
9 10 28
9 6 182
9 20 185
9 26 250
10 29 119
10 1 77
10 28 265
10 16 182
11 26 230
11 26 237
11 32 197
11 38 239
11 6 127
11 0 100
12 15 58
12 8 281
13 0 206
13 1 128
13 12 67
13 11 128
13 28 1
14 31 243
14 1 133
14 18 147
14 15 269
14 15 141
14 18 81
14 6 154
15 33 175
15 4 229
15 36 139
16 24 16
16 5 144
16 5 205
16 35 236
17 14 90
17 36 179
17 9 32
17 6 15
17 10 97
18 1 169
18 29 15
18 35 268
18 21 244
18 21 5
18 21 192
18 14 68
19 7 221
19 12 64
19 26 86
19 26 2
20 30 223
20 7 228
20 28 153
20 2 262
20 31 231
20 35 165
20 23 5
20 6 106
21 19 246
21 8 229
22 36 242
23 6 170
23 3 262
23 15 216
23 17 86
23 14 114
24 6 191
24 17 105
24 31 184
24 24 298
24 7 63
24 3 174
25 6 64
25 27 53
25 2 178
25 5 280
25 29 133
25 25 195
25 4 260
26 29 234
26 27 97
26 5 4
26 12 97
26 9 285
26 28 194
27 6 273
27 34 267
27 10 32
27 24 296
27 34 290
27 5 151
28 4 199
28 8 177
28 35 222
28 10 53
29 13 115
29 31 128
29 16 178
29 13 41
29 14 278
30 5 9
30 20 171
30 8 52
30 4 286
30 14 179
30 27 73
30 5 150
31 33 23
31 28 196
31 5 92
32 33 180
32 1 254
32 3 242
32 13 10
33 19 230
33 24 18
34 24 48
34 12 134
34 5 269
34 8 238
34 39 177
34 22 74
35 22 127
35 27 145
35 35 204
35 17 35
35 12 109
36 6 249
36 21 117
37 26 116
37 13 180
37 28 249
37 9 80
38 27 248
38 7 25
38 39 181
39 38 34
39 27 2
39 18 39
39 34 265
39 20 88
39 9 110
-1
120
0 34 242
0 36 272
0 5 283
0 20 23
1 18 1
1 39 196
1 31 90
1 35 18
1 4 145
1 33 293
1 36 116
2 0 291
2 17 286
2 10 42
2 9 40
2 27 58
3 29 250
3 10 221
3 30 188
3 20 210
3 21 259
3 24 212
3 12 38
3 4 213
4 20 249
4 34 101
4 7 166
4 7 110
4 1 251
5 28 216
5 22 161
5 15 293
5 9 221
5 7 83
6 30 40
6 0 181
6 28 64
6 32 264
7 1 128
7 22 50
7 31 189
7 9 164
7 19 40
7 34 284
8 33 21
8 33 144
8 13 243
9 2 280
9 9 124
9 3 104
10 11 89
10 37 126
10 24 246
10 32 51
10 17 291
11 38 252
11 37 178
12 6 280
12 24 178
12 26 283
12 35 239
12 11 201
12 20 36
12 19 261
12 32 215
13 16 109
13 23 89
13 28 19
13 17 0
13 20 98
14 38 83
14 1 281
14 5 99
14 37 11
14 24 272
15 13 36
15 30 7
15 10 48
15 4 15
15 14 84
16 5 232
16 18 125
16 11 196
17 26 97
17 16 264
17 25 119
17 33 226
17 30 34
18 25 81
18 17 181
18 25 123
18 1 184
18 27 216
18 1 30
18 19 31
19 14 64
19 34 283
19 22 297
19 3 64
20 26 10
20 9 212
20 18 1
20 2 128
21 28 202
21 8 113
21 19 197
22 28 70
22 24 34
22 14 2
22 11 251
22 14 294
23 5 25
23 4 107
23 35 22
23 23 270
23 34 173
24 12 250
24 30 73
24 39 236
25 12 38
25 19 129
25 4 183
26 23 93
26 31 209
26 4 55
26 23 52
26 31 269
26 12 291
26 11 260
27 9 69
27 2 110
27 13 189
27 12 299
27 25 141
27 18 156
28 39 196
28 37 180
28 9 5
28 16 173
29 5 294
29 35 136
29 25 132
29 20 170
29 10 187
29 37 228
30 31 118
30 22 32
31 32 176
31 31 235
31 21 114
31 5 235
32 20 30
32 14 20
32 15 18
32 23 233
33 31 236
33 22 49
33 14 176
33 35 38
33 9 222
34 17 173
34 37 27
34 10 95
35 38 207
35 19 155
35 28 129
35 12 297
35 21 250
35 33 33
36 4 14
36 6 179
36 39 244
36 13 174
36 8 192
37 7 31
37 5 45
37 4 284
37 34 88
37 18 143
38 9 276
38 4 174
38 39 145
39 35 187
39 24 69
39 39 84
39 34 200
39 36 38
39 37 44
39 7 259
39 0 197
-1
-2
