150
-1
150
-1
150
0 0 259
5 19 230
6 39 211
8 26 261
24 11 163
31 38 75
38 8 67
46 49 56
48 38 91
49 39 187
-1
150
4 10 286
16 23 27
18 12 97
25 3 264
27 28 125
31 28 215
33 33 109
39 32 42
40 36 77
45 34 258
-1
150
2 37 18
7 5 268
8 13 129
14 0 142
15 30 22
16 44 205
17 17 148
18 35 228
21 38 140
22 18 187
23 14 133
23 45 52
29 6 174
30 47 224
30 4 143
33 45 62
39 5 79
42 35 63
44 15 135
48 15 238
-1
150
2 17 143
6 14 76
7 43 80
7 3 244
12 8 148
15 29 213
18 37 43
18 8 173
18 16 247
21 0 265
22 41 59
27 38 16
32 13 86
33 48 16
35 3 271
36 0 236
40 37 284
43 32 291
46 33 198
48 21 210
-1
150
1 37 11
3 26 21
3 11 169
4 17 247
4 16 176
4 26 245
5 31 240
7 44 3
8 3 164
9 46 206
11 15 135
11 4 57
13 42 65
13 34 57
14 24 181
15 45 14
18 1 68
18 14 166
20 6 17
21 13 70
22 29 103
23 24 297
31 9 6
37 28 213
39 4 70
39 31 228
39 18 136
40 48 181
42 41 68
44 5 241
-1
150
0 42 152
1 1 188
2 22 281
3 10 1
3 6 254
5 23 90
6 40 30
6 12 291
9 17 1
15 46 184
15 2 129
16 13 22
19 14 224
23 37 276
24 33 47
24 38 150
25 27 219
27 43 230
30 35 128
34 31 69
36 39 212
36 48 4
37 4 181
38 47 179
39 14 212
39 47 252
40 28 253
43 1 23
44 28 124
49 44 249
-1
150
1 18 104
4 30 91
4 30 191
8 0 83
9 19 246
11 15 296
11 24 110
12 42 189
14 12 186
16 1 88
17 4 41
18 18 41
19 13 86
21 30 186
22 34 147
23 18 80
24 3 177
25 34 72
27 3 76
27 5 116
28 18 22
28 14 95
29 49 73
29 1 158
29 24 215
30 5 265
31 16 280
34 36 137
35 48 191
36 30 286
37 34 239
37 2 9
37 31 242
41 45 68
41 41 60
43 13 151
44 43 116
45 15 213
48 40 144
49 18 137
-1
150
0 31 259
1 35 82
2 32 48
4 45 55
5 17 135
5 32 58
11 24 226
12 18 66
13 19 216
14 10 274
15 31 250
15 24 91
17 39 110
19 35 294
19 38 81
21 5 76
22 10 38
23 38 271
24 2 177
25 33 91
27 47 54
29 13 193
30 24 231
32 38 110
36 49 209
37 38 141
39 14 185
39 7 76
40 43 148
40 48 123
41 16 279
41 48 162
41 12 87
44 32 222
45 33 74
47 6 6
47 0 79
49 25 179
49 40 67
49 12 200
-1
150
1 46 0
1 22 5
5 1 150
5 47 160
5 20 296
6 12 258
7 33 37
7 22 267
8 14 149
9 18 155
10 39 194
10 39 293
10 39 186
12 46 256
12 3 200
13 37 205
15 20 89
15 1 147
16 24 99
17 28 255
20 9 169
20 17 140
23 6 267
24 49 95
25 17 212
26 18 142
26 0 23
27 24 46
27 40 147
27 39 117
29 32 67
30 29 162
30 22 64
33 36 228
36 20 292
36 17 285
36 9 96
37 22 197
38 38 77
40 7 135
40 37 145
40 29 276
40 38 181
41 17 187
43 9 140
44 14 232
44 47 40
47 14 196
47 17 151
47 9 245
-1
150
0 7 152
0 39 241
1 49 30
3 37 288
4 41 174
5 13 265
6 48 186
7 40 109
7 2 122
7 1 248
7 22 49
9 42 256
11 9 95
11 49 11
12 22 218
12 30 237
14 42 55
14 16 81
14 49 14
15 29 144
18 10 110
20 33 48
22 25 234
23 20 181
23 33 159
25 46 135
26 3 8
27 25 71
28 46 8
29 44 45
30 15 219
30 20 4
31 10 196
32 29 39
32 22 185
33 9 148
35 0 111
37 37 155
37 49 110
37 32 31
38 45 247
41 23 5
42 21 255
44 0 146
44 38 4
45 40 100
45 13 263
46 44 269
47 13 265
47 12 189
-1
150
0 15 220
0 46 151
1 48 237
2 25 121
3 39 242
5 48 241
6 26 77
7 44 164
7 29 299
9 15 213
9 20 280
9 45 101
10 12 145
10 41 167
11 7 10
12 29 79
15 12 60
17 43 15
19 47 280
19 24 122
20 40 16
22 18 115
22 2 256
23 15 61
24 30 279
26 15 82
27 40 92
27 15 77
28 37 246
29 20 39
31 28 265
31 39 269
31 31 272
32 12 59
32 6 279
32 17 291
32 10 284
33 6 133
33 13 94
33 22 174
33 29 197
35 28 203
36 20 191
36 6 201
36 39 132
37 38 123
38 6 128
39 40 238
40 6 125
42 47 228
42 35 211
43 10 4
44 6 42
45 17 224
45 8 294
47 41 279
47 9 217
48 32 105
48 40 274
49 32 39
-1
150
0 38 104
0 14 184
1 40 252
3 15 196
4 4 291
4 29 299
4 16 262
5 27 238
5 21 187
6 28 269
6 32 126
8 14 260
11 16 291
12 19 127
13 31 289
13 4 249
13 29 3
13 3 231
15 26 27
16 45 146
16 48 54
16 28 111
17 28 96
17 12 4
18 42 293
18 5 236
19 36 7
21 14 30
22 16 20
22 35 52
24 5 18
25 21 35
25 38 132
25 35 218
25 6 259
26 18 74
26 30 71
27 34 206
29 22 6
29 0 86
31 30 293
31 5 187
32 31 3
32 23 129
33 8 273
33 17 238
34 25 42
36 8 123
36 6 286
36 32 269
36 49 294
38 23 57
38 17 224
38 17 247
39 29 282
40 4 288
41 10 236
46 13 61
47 29 188
48 4 275
-1
150
0 6 2
1 1 141
1 20 72
1 37 145
1 34 77
4 18 268
4 6 75
5 3 277
5 41 259
7 34 238
8 9 135
8 29 271
8 30 139
8 28 52
12 11 275
14 2 76
14 12 144
16 29 179
16 9 28
17 14 82
18 43 266
18 23 116
18 3 298
19 30 33
22 22 292
22 36 248
24 31 227
24 14 20
26 40 226
28 2 49
28 41 155
28 29 104
28 5 214
28 33 54
29 29 269
29 19 49
29 29 170
30 45 217
31 21 229
32 22 103
33 13 79
33 13 147
33 7 198
34 27 131
34 22 10
35 6 292
35 14 262
35 36 279
36 40 239
37 46 109
37 35 259
38 16 280
38 46 57
38 21 158
39 39 260
40 3 157
41 24 51
41 12 64
41 42 297
43 5 232
43 19 157
43 30 82
44 6 185
44 23 152
44 37 43
45 14 44
45 16 152
46 27 292
47 46 198
48 29 51
-1
150
1 6 136
2 49 13
4 32 94
4 11 206
5 49 85
6 44 267
6 1 15
6 3 198
7 17 131
7 16 287
9 30 280
10 14 279
11 33 297
11 24 63
13 47 40
13 23 38
13 43 131
14 15 174
14 34 33
15 43 14
15 5 252
15 11 243
17 28 114
19 28 33
19 6 22
21 47 73
22 36 50
23 44 136
24 2 38
24 48 137
25 8 2
25 22 178
27 38 54
27 13 128
28 11 253
29 38 114
29 27 287
29 2 17
30 8 32
30 17 71
31 39 254
32 46 48
32 5 280
32 49 136
34 9 128
35 40 6
35 0 261
36 19 172
37 29 142
38 45 240
38 37 28
39 22 269
40 13 59
40 27 57
40 44 223
41 2 161
43 25 196
44 37 271
44 21 60
44 21 41
45 39 6
45 20 110
45 7 257
46 34 10
46 47 3
47 2 158
48 48 268
48 41 171
49 33 271
49 17 65
-1
150
1 26 267
2 33 269
2 15 239
2 43 198
3 3 175
3 15 192
3 18 83
7 47 236
7 21 152
8 26 290
8 9 176
8 19 155
9 17 142
10 3 24
10 19 13
10 8 199
11 5 200
12 6 47
12 1 280
13 49 72
13 49 239
13 16 160
13 15 211
14 0 246
15 22 148
15 5 248
16 41 274
17 40 244
17 22 169
17 24 59
18 37 110
20 29 34
20 34 90
20 16 75
21 16 52
22 42 58
22 2 156
23 15 184
23 2 161
24 45 223
24 10 177
25 1 17
25 9 248
26 11 227
26 25 144
27 2 56
28 3 90
30 24 103
30 44 262
31 43 32
31 23 95
31 14 281
31 23 144
32 10 268
32 11 191
32 29 88
33 43 72
33 3 217
33 48 246
34 14 110
35 0 235
37 17 123
38 24 88
38 8 169
38 3 190
38 28 67
39 22 32
40 12 259
40 22 193
41 11 169
42 32 15
42 8 107
42 37 244
43 28 86
44 34 102
45 23 92
46 7 205
47 37 116
47 25 20
47 24 121
-1
150
0 5 219
1 44 138
1 0 254
2 2 271
3 26 164
3 31 90
3 34 236
3 8 195
4 36 71
4 46 44
5 20 144
5 25 18
5 34 62
6 18 169
6 49 156
7 41 180
7 13 166
7 23 293
8 6 4
8 3 183
8 12 81
11 25 163
11 45 199
13 10 173
14 35 171
14 46 271
15 29 205
16 8 35
16 16 186
16 8 221
19 9 249
19 40 95
19 8 22
19 32 24
21 5 38
22 21 55
23 22 49
23 29 242
24 5 243
25 9 254
25 41 105
26 41 125
26 24 185
26 39 214
26 0 51
27 28 38
27 20 128
27 22 73
28 24 7
29 5 42
30 23 150
32 9 143
32 44 261
33 5 53
33 35 81
34 10 13
34 43 110
35 39 133
35 7 172
35 48 209
38 6 95
38 21 152
39 45 181
40 28 237
40 14 11
41 45 268
41 11 62
42 22 134
42 14 125
43 16 148
44 3 132
44 30 145
44 39 178
44 45 112
45 46 183
45 26 114
45 7 240
45 32 38
46 5 27
48 7 8
-1
150
0 45 117
0 38 130
0 47 147
0 24 276
1 39 291
1 18 212
1 38 76
2 38 249
4 3 82
4 36 109
5 25 256
5 23 64
5 26 272
6 44 177
6 30 10
7 29 248
8 45 60
8 36 205
9 10 257
9 30 103
9 19 293
10 7 132
10 18 54
10 47 108
11 10 179
12 34 178
12 48 227
13 45 259
14 24 244
14 2 1
14 34 83
15 29 144
15 20 124
15 31 280
16 12 212
16 19 98
17 1 68
17 14 255
17 38 67
17 8 258
19 0 215
20 30 90
20 19 9
21 27 31
21 32 56
21 9 284
21 19 225
23 1 263
23 41 186
26 13 26
28 45 125
28 49 62
28 38 217
29 18 74
30 41 192
30 3 222
30 10 23
30 5 125
31 25 38
31 21 284
32 37 161
32 21 159
33 13 276
33 15 269
34 37 238
35 48 117
35 31 256
35 12 219
36 25 33
37 44 199
38 6 73
38 6 53
38 34 103
40 41 180
40 27 90
41 48 189
43 10 247
44 17 24
44 25 112
45 0 88
46 28 149
46 15 74
46 29 127
46 17 172
47 8 257
47 39 104
47 34 102
48 4 2
48 30 118
48 22 236
-1
150
0 10 76
0 31 165
0 5 141
0 27 209
2 18 216
2 1 63
2 37 0
2 37 144
2 34 233
2 25 260
3 16 36
3 4 125
4 42 116
5 46 46
5 20 147
7 29 155
7 24 58
7 13 223
8 1 204
8 39 80
9 35 6
9 27 129
9 18 105
9 19 195
11 24 210
12 1 12
15 25 267
15 31 69
15 49 99
16 46 65
17 10 38
19 0 194
19 48 108
19 32 134
20 10 80
20 22 71
21 32 148
21 40 181
21 40 63
21 20 200
22 35 222
22 4 197
23 31 139
23 7 40
24 46 42
24 8 170
24 28 205
24 28 89
25 16 37
25 32 52
26 43 67
27 46 71
27 47 69
28 20 237
29 45 79
29 45 145
30 19 74
30 47 206
30 44 14
31 3 105
31 15 20
31 14 280
31 23 185
32 30 152
32 48 225
33 9 117
34 7 69
34 41 11
34 26 59
35 26 84
35 6 105
35 26 242
36 41 147
36 19 285
38 9 152
39 12 200
39 11 160
40 6 114
40 21 217
40 46 1
41 25 79
41 11 12
42 43 129
43 23 38
43 12 30
44 20 12
45 40 58
48 2 255
49 5 241
49 27 299
-1
150
0 18 135
0 45 271
1 40 287
2 23 53
2 8 106
3 15 35
4 25 193
4 45 177
4 18 54
5 3 249
5 45 94
5 39 49
6 30 9
6 47 230
6 1 32
7 43 267
8 9 114
8 22 267
10 33 105
10 31 63
12 45 34
12 20 12
12 16 275
12 7 103
12 29 56
13 7 9
14 5 198
14 30 112
15 17 237
16 27 22
16 40 109
16 47 31
17 1 129
17 47 4
18 10 274
18 33 77
18 19 281
18 33 101
18 2 191
19 9 284
19 41 30
19 27 113
20 23 296
20 27 49
20 24 165
20 26 129
21 8 288
21 46 168
21 0 98
22 27 241
23 23 193
23 13 159
24 10 4
25 45 273
26 1 234
26 26 230
27 21 16
28 2 32
29 6 186
29 32 277
29 1 69
29 3 127
30 16 136
30 17 174
30 40 227
32 22 254
32 6 142
32 1 87
32 44 158
33 9 68
33 47 155
34 5 34
34 40 25
35 12 279
35 17 223
35 45 108
36 48 52
37 24 179
38 38 6
39 44 213
39 47 119
40 35 39
40 29 78
40 24 116
41 27 165
42 34 121
42 34 295
43 11 298
43 10 76
43 41 234
44 3 106
45 37 189
45 20 114
46 35 149
46 33 297
46 18 236
47 32 276
49 4 109
49 0 260
49 35 242
-1
150
0 47 227
0 11 297
0 32 106
2 20 22
3 22 207
3 30 102
3 33 106
3 23 28
3 3 110
4 39 234
4 48 265
4 17 123
4 20 131
5 21 270
5 19 239
5 22 102
5 34 244
6 34 96
6 16 96
6 19 100
7 37 28
7 3 14
7 26 155
8 5 102
8 46 246
9 31 201
9 15 2
10 32 275
10 22 169
10 41 186
10 45 165
11 36 52
11 30 285
13 42 74
13 26 192
14 5 121
14 30 118
14 44 146
14 30 264
14 32 134
14 21 294
14 30 271
15 12 243
15 42 130
15 38 171
15 48 128
15 16 56
16 0 180
16 27 285
16 20 243
16 14 276
18 5 191
18 3 57
18 6 47
18 35 84
18 31 190
20 46 204
20 16 64
21 29 130
23 1 41
23 45 25
24 30 19
24 10 23
26 11 66
26 32 283
27 18 187
27 23 122
28 38 91
29 8 280
29 33 2
30 9 242
30 10 90
30 37 270
30 26 50
31 20 264
32 42 113
33 31 270
33 21 171
34 40 255
34 21 87
35 45 1
35 37 98
36 30 16
38 19 105
38 44 237
38 19 99
38 4 175
38 2 13
38 45 71
39 7 29
40 4 65
42 26 192
43 12 265
44 31 120
44 44 131
45 2 141
46 5 239
48 44 235
48 30 17
49 48 111
-1
150
0 24 280
0 10 229
0 1 132
1 25 148
1 3 220
2 20 104
2 26 143
3 42 161
3 39 293
3 34 41
3 42 208
4 1 250
4 0 89
4 27 37
4 23 279
5 49 279
6 40 88
7 18 144
8 36 141
8 4 5
8 28 268
9 37 201
9 41 137
10 2 53
10 34 277
11 48 228
11 36 54
12 24 291
13 1 157
13 3 222
13 42 39
13 0 167
14 15 138
14 13 253
15 0 94
16 6 223
17 18 277
17 45 11
17 49 163
18 30 112
18 44 217
18 21 62
19 15 26
19 6 205
19 37 249
19 38 38
20 30 180
20 19 64
21 14 37
21 43 88
22 42 250
22 5 61
22 16 253
22 46 91
22 10 222
23 37 285
23 37 143
24 8 258
25 2 256
25 13 221
26 18 255
27 33 68
29 18 106
30 11 8
30 1 288
31 21 103
31 2 195
32 20 176
33 28 19
34 3 28
34 39 52
34 24 153
34 33 11
35 30 106
35 45 6
35 23 261
35 26 151
36 17 135
36 8 58
36 14 207
37 15 7
37 41 258
37 15 199
37 45 164
37 40 173
37 41 78
38 7 20
39 16 298
39 42 80
41 14 207
41 46 118
41 32 20
41 17 55
41 4 248
41 18 47
42 29 213
42 49 182
42 36 121
42 10 11
43 42 254
44 2 96
45 45 169
46 39 238
46 20 149
46 35 95
47 45 11
48 3 252
49 21 116
49 34 132
49 21 37
-1
150
0 8 227
0 44 221
0 11 93
1 30 266
2 23 142
2 19 265
2 11 270
2 13 137
3 1 191
3 24 29
3 3 60
4 40 104
5 44 28
5 40 0
5 14 171
6 3 71
7 33 136
7 32 201
7 8 287
8 42 135
9 43 158
10 10 277
11 35 109
11 49 124
11 39 238
12 22 57
12 41 238
12 14 21
13 16 192
14 33 89
15 43 215
15 29 237
15 36 209
16 45 213
16 31 280
16 41 19
16 48 66
17 44 28
17 13 107
18 23 26
18 41 181
18 40 164
19 31 230
19 28 44
19 48 10
19 38 285
19 33 289
20 7 223
20 25 267
21 19 21
22 12 30
23 12 59
24 45 189
24 33 21
25 15 39
25 31 242
26 47 197
26 25 219
26 3 238
26 7 117
26 25 233
27 35 280
27 10 264
27 40 40
28 5 102
28 47 252
28 30 45
28 44 218
29 44 2
29 27 92
30 12 150
31 27 258
31 2 139
32 40 231
33 47 66
33 40 100
33 41 265
34 47 225
34 39 135
35 5 28
35 47 15
36 0 15
36 29 91
36 21 268
37 28 55
37 24 207
38 47 171
38 30 297
38 37 237
39 0 114
40 18 48
40 27 48
40 30 297
40 24 81
41 22 76
41 26 132
43 2 151
43 45 168
43 23 102
44 22 105
44 24 180
44 6 133
44 0 226
45 49 229
46 14 215
46 1 65
47 27 192
47 18 107
48 10 261
48 47 17
-1
150
0 18 221
0 14 135
0 15 151
0 22 283
1 28 189
2 29 197
2 12 297
2 35 81
4 8 194
5 5 145
6 14 101
8 9 111
8 29 20
9 26 75
9 39 116
9 47 128
10 35 120
10 1 76
10 41 178
10 42 247
10 42 24
10 45 293
10 23 237
11 15 238
11 36 170
11 7 286
11 48 223
11 5 8
11 21 59
11 37 248
11 26 101
12 42 273
12 17 108
12 26 239
12 8 250
12 17 126
12 41 77
13 1 58
13 49 284
14 48 283
14 26 271
14 45 30
15 46 212
16 37 13
16 22 113
16 39 257
16 19 164
16 20 233
17 27 4
17 38 86
19 34 12
20 34 46
20 17 251
20 17 19
20 10 211
21 20 272
21 45 143
21 46 112
21 40 174
24 47 71
24 12 93
24 24 273
24 26 18
24 48 133
25 10 257
25 23 289
25 7 3
26 48 123
27 47 72
27 42 43
28 11 162
28 26 261
28 13 182
29 10 113
29 39 8
30 26 55
30 34 214
32 1 98
32 33 293
33 7 60
33 25 284
33 17 94
34 5 54
34 36 112
35 45 149
35 0 95
36 0 45
36 17 203
36 12 182
36 26 149
36 29 232
36 16 193
37 6 259
37 17 231
37 49 72
37 37 29
37 6 209
38 29 175
38 2 240
38 22 145
41 46 249
41 8 179
42 39 267
43 15 216
43 16 229
43 39 242
44 7 293
44 9 145
45 34 217
46 42 9
46 29 231
48 44 126
48 32 59
48 41 206
49 31 260
49 46 156
49 38 101
49 35 4
49 36 146
49 19 186
-1
150
0 46 106
0 14 114
0 18 273
0 30 144
1 0 236
1 40 239
1 39 279
2 21 241
2 42 288
3 35 201
4 2 178
4 34 52
4 17 34
4 35 55
5 41 280
6 26 154
7 14 78
8 44 3
8 44 147
8 40 140
8 46 246
9 39 24
9 4 126
9 38 59
10 5 108
10 18 17
11 33 78
11 29 53
11 31 7
12 27 294
12 6 156
12 20 220
12 7 96
12 44 189
13 39 69
13 47 81
13 29 134
14 20 61
14 29 266
14 6 170
16 27 221
16 10 181
16 16 158
17 18 179
17 35 16
17 34 176
17 7 170
18 22 125
18 16 277
18 42 82
18 33 100
19 13 266
19 2 124
19 4 245
20 34 241
20 41 109
21 30 286
21 14 167
21 14 91
21 15 144
21 39 23
22 4 204
22 42 159
22 0 211
22 3 249
23 30 30
23 42 276
24 34 123
25 6 263
26 36 208
26 25 159
26 9 255
26 17 6
26 41 110
26 21 235
28 13 183
29 9 38
29 25 178
29 11 153
29 16 252
29 41 292
29 46 155
31 34 33
31 18 114
31 8 211
31 21 200
32 34 101
33 20 207
34 29 94
34 5 7
35 26 200
36 6 112
36 36 234
36 23 252
37 32 294
37 35 144
40 25 81
40 41 158
40 46 131
40 2 299
41 34 280
41 45 167
41 5 149
41 28 121
42 25 165
43 19 275
44 10 178
44 35 287
45 17 73
45 48 55
46 19 187
46 8 83
46 35 299
46 42 237
47 47 186
47 48 279
47 47 158
47 12 45
48 12 49
49 19 149
-1
150
1 41 67
1 8 229
2 21 269
2 25 183
2 1 295
3 13 31
3 32 294
3 1 49
3 32 246
3 38 69
4 26 126
4 18 229
4 6 40
4 40 180
6 11 263
7 20 99
8 29 224
8 49 139
8 3 65
8 45 59
9 41 6
10 45 57
10 44 283
10 39 242
10 25 164
10 40 276
11 45 156
12 27 27
12 11 166
12 31 197
13 10 219
14 41 30
15 28 267
15 40 162
15 40 103
16 29 36
16 28 185
16 12 129
17 46 42
17 24 123
18 20 198
18 12 32
18 14 107
19 34 236
19 34 292
19 27 8
19 49 253
19 40 149
19 2 239
20 6 213
21 27 178
21 9 149
21 17 215
21 46 266
22 17 290
22 43 23
22 20 124
23 11 217
23 5 190
24 11 42
24 18 293
24 9 82
25 6 171
25 45 275
26 42 257
26 3 32
26 21 268
26 13 54
27 3 247
27 29 283
27 10 37
27 24 241
28 35 105
28 36 260
28 43 206
29 9 131
29 2 230
31 43 289
32 46 44
32 48 76
32 25 238
32 43 170
32 22 40
33 7 75
33 13 115
33 2 36
33 43 178
33 5 220
34 32 254
35 5 68
35 5 299
35 0 185
37 35 254
37 35 144
38 49 210
38 19 264
38 15 197
39 10 92
39 46 265
39 16 227
39 7 133
39 29 81
40 20 266
40 49 119
40 34 223
40 39 18
41 1 243
41 0 168
41 23 298
42 9 94
42 21 267
42 1 163
43 49 67
43 14 45
44 2 146
44 41 246
44 36 156
44 49 48
45 10 131
45 37 189
45 24 239
45 49 11
46 0 139
46 18 238
46 44 142
46 24 12
47 14 296
47 19 125
48 11 179
48 47 226
-1
150
0 0 268
1 24 113
2 3 267
2 20 64
2 27 116
3 44 36
3 1 26
4 37 267
4 16 184
4 49 41
5 12 151
5 30 149
5 25 25
5 9 134
6 39 154
6 28 48
7 1 56
7 16 32
7 42 289
7 16 293
9 48 192
10 1 36
11 16 160
12 9 101
12 36 166
13 2 120
13 16 193
13 19 274
14 48 83
14 44 159
15 10 213
16 15 110
18 10 216
18 2 234
18 29 102
18 38 65
18 46 198
18 9 58
18 19 26
19 15 47
19 18 118
20 21 1
20 34 40
20 7 78
20 15 15
20 25 259
20 22 286
20 25 150
20 1 290
20 10 34
20 41 135
21 8 83
21 38 276
21 23 98
22 5 86
22 42 139
23 9 33
23 16 86
23 28 191
23 26 30
23 41 171
24 0 183
24 30 62
24 7 84
25 18 192
25 47 151
26 6 6
26 40 52
27 13 164
27 24 84
27 23 147
27 44 243
27 49 82
28 26 194
28 23 282
28 30 79
29 20 10
29 36 291
29 32 50
30 44 14
32 23 110
32 4 272
32 12 52
33 12 41
33 29 297
33 26 51
33 17 133
35 2 94
35 18 102
35 9 113
35 25 135
36 41 163
36 24 242
37 18 125
37 23 16
37 6 31
37 1 263
37 1 248
38 42 212
38 27 9
38 11 69
38 46 181
38 19 227
39 33 222
39 25 69
39 18 15
40 12 197
40 48 187
40 5 45
40 39 102
42 18 78
42 17 122
42 45 258
43 46 33
44 39 16
44 20 46
45 45 146
46 39 278
46 4 130
47 46 159
47 49 224
47 18 277
47 4 83
48 45 133
48 42 293
48 35 74
49 45 244
49 30 67
49 11 152
49 2 298
-1
150
0 33 137
0 9 7
1 10 49
2 22 298
2 24 286
3 34 66
4 3 103
4 26 66
4 23 276
4 6 208
4 11 28
4 40 13
5 14 150
5 42 246
5 14 191
5 42 222
6 16 92
6 41 28
7 36 253
7 25 23
7 11 76
8 7 153
8 31 26
9 19 20
9 39 295
9 39 223
9 22 28
10 21 147
10 49 87
10 23 240
10 43 84
11 1 65
11 33 219
11 13 211
12 14 209
12 36 165
12 0 81
13 30 200
14 39 63
14 3 72
14 6 242
14 26 14
14 26 18
14 12 240
14 40 282
15 15 141
16 8 128
17 42 161
17 31 156
18 21 44
19 49 70
19 47 49
19 44 106
20 49 275
21 13 76
22 23 58
22 44 52
22 31 55
22 12 157
22 40 140
22 47 63
23 38 3
23 40 221
24 39 30
24 0 31
24 47 246
25 2 37
25 22 213
25 12 256
26 41 60
26 37 129
26 36 174
26 15 193
26 45 90
26 30 155
27 47 195
27 49 37
28 23 58
28 27 243
28 3 296
28 1 143
29 39 103
29 28 101
30 4 222
30 4 182
30 22 95
30 29 149
31 21 63
31 36 189
31 35 96
32 11 294
33 16 98
33 7 94
33 11 163
33 27 225
34 15 235
34 1 260
34 19 45
34 12 184
35 13 97
35 44 143
35 22 72
36 6 287
36 32 37
37 2 230
37 14 146
37 29 190
38 15 250
38 47 15
38 3 261
38 8 223
38 17 103
38 23 50
38 49 44
39 8 271
39 0 232
42 38 104
43 44 50
43 44 14
44 42 140
44 14 232
44 20 47
44 24 211
45 2 119
45 28 246
45 6 142
46 12 25
46 41 69
47 25 72
47 21 210
48 41 235
48 6 193
48 12 196
48 35 152
48 40 97
48 41 288
49 48 138
49 9 14
49 34 289
49 6 174
-1
150
1 49 30
1 35 292
2 47 52
2 24 275
2 20 173
3 2 161
3 15 204
3 31 250
3 45 215
3 32 18
3 19 187
4 27 270
4 0 15
4 14 51
4 34 126
5 33 214
5 28 215
6 36 247
6 38 234
7 14 196
7 9 216
8 4 100
8 39 93
8 27 40
8 8 92
8 31 83
8 4 119
9 30 262
9 6 196
9 33 93
10 19 267
10 15 17
10 40 86
10 10 164
10 9 117
10 35 264
11 2 220
11 31 198
11 36 99
11 6 161
11 39 174
12 49 196
13 26 241
13 9 177
13 36 155
14 38 165
14 23 23
15 48 78
15 10 100
15 49 128
16 20 11
16 17 270
16 0 128
17 35 37
17 12 223
18 37 258
18 27 10
18 4 276
19 0 205
19 42 201
19 49 212
19 10 243
19 37 16
20 29 30
20 44 225
21 25 232
21 41 93
22 4 215
22 37 299
22 24 33
22 23 58
22 41 24
23 9 128
23 23 249
23 12 83
23 32 229
24 16 124
24 26 169
24 48 194
25 8 84
25 49 202
26 44 114
26 20 104
26 9 35
27 28 298
28 20 182
28 29 198
29 35 142
30 40 249
30 1 203
30 32 119
30 32 97
30 3 54
31 12 161
31 8 164
31 44 24
32 13 221
32 26 282
32 7 202
33 38 235
33 4 18
33 1 113
33 40 189
33 40 0
33 24 223
34 12 233
34 2 220
34 18 112
35 5 20
35 46 186
35 46 217
36 16 236
36 30 80
37 32 178
37 1 116
37 34 56
38 9 72
38 20 64
38 47 15
39 27 140
39 1 79
39 41 276
39 11 74
39 9 170
40 22 62
40 19 60
40 22 264
40 25 202
41 43 202
41 14 108
41 39 19
42 6 113
42 38 81
43 40 276
44 40 8
44 3 100
45 43 69
46 13 230
46 43 174
49 19 293
-1
150
0 17 86
0 2 54
0 27 157
0 24 123
0 12 173
0 35 74
0 45 298
1 40 247
1 9 65
1 8 159
2 39 214
2 43 125
3 20 112
3 0 71
3 28 259
3 15 40
4 29 54
4 28 215
4 47 24
5 18 247
5 39 38
5 17 246
5 22 281
6 38 202
6 34 175
6 39 115
7 4 2
7 24 87
8 47 295
8 15 215
8 27 184
9 49 28
9 16 45
9 44 146
10 12 258
10 11 229
10 1 295
11 26 212
11 15 111
12 49 287
13 8 238
13 6 193
13 32 86
14 40 283
14 19 111
15 43 177
15 1 190
16 2 103
16 33 77
16 14 88
17 48 96
17 47 53
18 3 91
18 17 18
18 32 131
18 3 249
19 29 43
19 38 73
19 37 75
19 40 119
19 45 228
19 29 92
20 22 229
20 20 26
20 28 233
21 10 88
21 24 278
22 37 110
23 26 8
24 34 153
24 39 127
24 25 107
24 39 279
25 6 228
25 47 72
25 49 295
26 23 109
26 0 34
26 18 5
26 23 115
26 42 121
27 25 175
28 11 45
28 40 188
28 42 181
29 48 61
29 40 206
29 47 230
30 46 295
30 19 28
30 33 264
31 24 213
31 0 34
32 30 8
32 46 4
32 39 251
32 46 71
32 26 184
33 5 117
33 22 188
34 8 116
34 45 59
34 36 19
35 12 88
35 40 47
35 19 203
36 39 25
36 20 201
37 13 12
37 22 49
37 27 284
37 11 233
38 35 24
38 13 25
38 42 69
38 29 291
38 24 51
39 36 144
40 15 149
40 39 12
41 43 194
41 13 285
42 18 234
42 46 264
43 43 254
43 8 14
43 12 166
44 29 257
44 47 64
45 4 282
46 29 191
46 15 218
46 18 180
47 30 54
47 27 116
47 12 202
47 0 241
47 21 293
47 34 216
47 10 144
48 19 31
48 34 198
48 5 244
48 27 12
49 13 1
49 14 157
49 15 123
49 26 177
49 39 247
49 44 56
-1
150
0 20 62
0 44 273
0 24 221
0 15 184
1 47 61
1 41 159
1 41 30
1 31 227
1 13 78
1 5 253
2 5 280
3 2 230
4 47 111
4 24 234
5 24 248
5 5 224
5 12 206
5 13 211
6 6 87
8 10 220
8 22 7
8 34 284
8 25 1
9 10 120
9 41 4
9 26 149
9 10 143
9 41 25
10 41 224
10 7 118
10 1 6
11 15 141
12 16 119
12 0 116
13 22 20
13 24 91
13 48 70
14 41 213
14 0 13
14 26 48
14 24 7
14 49 246
15 41 173
15 45 256
15 49 92
15 29 85
15 0 149
16 29 274
16 35 110
16 48 196
16 49 245
16 3 112
17 17 201
17 43 100
18 22 118
18 46 291
19 23 289
19 15 70
19 1 12
19 44 120
20 31 55
20 24 224
20 7 81
22 24 197
22 4 244
23 8 147
24 30 296
24 35 157
24 49 285
24 32 182
25 23 182
25 1 252
25 17 226
25 7 282
26 30 154
26 5 144
26 0 2
27 21 278
27 27 257
27 17 33
27 49 174
28 4 145
29 43 79
29 28 85
29 12 123
29 17 172
29 47 80
30 49 139
30 19 132
31 8 37
31 24 75
31 28 23
31 15 36
31 20 278
31 19 47
32 28 38
33 31 292
33 38 227
33 28 38
33 42 268
34 24 2
34 17 169
34 14 133
34 7 130
35 16 75
36 25 110
36 7 221
36 31 252
36 20 199
36 31 24
37 47 43
37 47 100
37 36 16
38 7 125
38 1 269
38 10 139
38 28 63
39 3 132
39 32 266
39 11 191
39 30 149
40 32 80
40 25 86
41 39 258
41 0 197
41 46 0
41 30 272
41 35 194
41 12 34
41 11 71
42 34 124
42 18 214
42 1 263
43 16 218
43 32 101
43 32 80
43 13 193
45 22 54
45 9 298
46 36 255
46 36 236
46 33 148
46 28 64
46 17 56
47 42 199
47 17 130
47 6 211
48 33 284
48 18 285
49 46 171
-1
150
0 38 57
0 0 74
0 24 141
0 20 90
1 41 134
1 26 282
1 40 42
1 0 157
1 17 42
2 40 227
3 32 138
4 0 115
4 21 271
4 37 127
4 43 145
4 4 19
4 33 217
5 0 153
5 18 127
5 13 70
6 48 23
6 35 214
6 14 37
6 45 157
7 4 229
7 37 120
7 36 34
7 19 8
7 42 238
8 8 229
8 19 134
8 8 270
9 27 72
9 13 141
10 12 134
11 3 288
11 1 6
12 35 283
12 18 91
12 8 255
12 13 95
13 47 255
13 6 130
13 12 183
14 16 270
14 20 247
14 49 156
15 9 195
15 43 84
15 44 98
15 45 245
15 16 207
16 7 234
16 13 272
17 42 200
17 40 264
17 43 85
17 8 273
17 8 83
18 1 170
18 28 141
19 9 115
19 47 74
19 10 92
20 25 244
20 23 25
20 12 69
21 10 104
22 22 292
23 17 288
23 49 61
23 26 148
23 2 125
24 12 293
24 39 249
24 46 85
24 22 179
24 37 56
24 9 219
24 42 258
25 43 213
25 39 107
25 39 104
25 49 17
26 33 84
26 21 1
26 19 176
27 7 159
27 18 252
27 36 96
27 21 299
27 31 276
28 40 275
28 7 166
29 12 47
29 10 87
29 40 33
30 45 19
30 40 182
31 9 198
32 20 44
32 20 223
32 6 297
32 17 121
32 19 257
33 39 270
33 21 202
34 6 78
34 37 126
35 34 124
35 11 84
35 32 229
35 10 117
35 19 288
36 6 193
36 34 235
36 21 119
36 28 118
36 4 115
37 30 258
38 34 157
38 8 164
38 43 260
39 14 201
39 43 253
39 30 74
39 13 233
39 19 7
40 48 213
40 3 220
40 11 109
40 45 146
41 42 101
41 39 184
41 40 269
41 1 27
41 45 93
42 47 180
42 5 128
42 3 59
42 25 298
42 27 147
43 13 170
43 12 144
43 31 108
44 36 213
44 24 174
44 2 237
46 17 152
47 23 43
47 11 64
48 10 256
48 7 206
48 13 178
49 1 58
49 2 196
49 12 81
49 19 103
49 6 268
49 2 88
-1
150
0 39 52
1 21 125
1 36 59
1 37 181
1 20 119
2 41 60
2 47 150
2 36 104
2 22 32
4 27 254
4 8 115
5 47 216
5 19 263
5 4 55
5 24 224
6 26 18
7 42 201
7 7 179
8 6 299
9 15 64
9 6 104
10 11 201
10 14 31
11 21 268
11 49 224
11 20 270
11 37 175
11 31 96
12 26 55
12 38 284
12 40 240
12 11 102
12 10 261
12 10 157
12 31 203
13 5 281
13 9 223
13 15 277
14 16 18
15 1 107
16 19 257
16 20 123
16 24 259
16 10 284
16 21 177
16 45 67
16 20 153
16 20 61
17 48 170
17 43 190
17 26 43
18 14 244
18 23 68
19 17 169
19 25 192
20 28 126
20 6 164
20 40 146
20 26 134
20 23 26
20 17 214
20 11 104
21 6 299
21 31 195
21 1 204
21 48 187
21 0 86
21 30 267
22 38 253
22 3 279
22 40 107
23 22 36
23 39 11
23 43 43
23 19 167
23 11 293
24 29 88
24 16 109
24 46 162
24 48 89
25 36 267
25 21 294
25 32 99
26 6 33
26 28 15
26 42 99
26 16 277
27 25 107
27 20 147
27 35 5
28 38 283
28 36 112
28 20 63
28 32 157
29 3 112
30 22 124
30 48 179
30 4 162
31 7 153
32 17 50
32 32 138
32 1 219
32 27 288
32 9 68
32 10 142
32 1 110
33 26 46
34 6 140
34 31 78
35 30 296
35 10 282
35 12 187
35 48 113
35 19 86
35 20 285
36 23 149
36 43 173
36 10 242
36 47 23
36 10 113
36 6 160
37 12 259
37 40 182
37 17 288
37 12 240
37 43 62
38 17 236
38 32 240
39 27 144
39 39 156
39 8 265
39 42 262
40 48 100
40 33 220
41 27 242
41 42 249
41 35 74
41 10 144
41 36 60
43 36 138
43 28 130
43 1 298
43 5 139
44 42 63
44 11 238
44 25 246
45 9 93
46 47 130
46 2 147
47 16 106
47 11 104
47 44 188
48 24 243
48 6 150
48 47 131
49 31 95
49 4 184
49 10 101
49 38 212
49 23 115
-1
150
0 29 240
0 31 110
1 14 79
2 42 267
2 6 176
2 2 296
2 20 289
3 13 64
3 31 143
3 28 190
4 17 168
4 25 239
4 29 62
4 19 152
4 35 193
4 22 200
4 2 182
4 10 54
5 18 68
5 17 109
5 4 226
5 42 150
6 41 61
6 11 21
6 48 76
6 12 253
6 41 74
6 46 40
6 36 74
6 37 49
6 38 121
6 19 50
6 21 61
7 24 54
7 40 290
7 9 257
7 5 183
8 38 257
8 10 214
8 22 167
8 34 159
10 34 299
11 31 235
11 11 4
11 3 220
11 18 100
12 38 52
12 16 280
12 48 196
13 9 269
13 42 42
14 28 16
15 35 182
15 22 1
15 25 294
15 35 143
15 10 156
16 4 165
16 1 226
16 31 11
16 24 273
17 2 106
17 16 170
17 47 291
18 43 279
18 22 299
18 36 229
19 45 5
20 47 211
21 37 147
21 15 160
21 33 207
21 9 149
22 42 68
22 32 285
24 16 282
24 10 68
24 39 12
25 30 90
25 5 173
25 0 26
25 48 49
26 40 239
26 19 38
26 37 97
26 46 237
26 16 246
26 45 221
27 16 212
27 5 72
27 22 204
27 39 205
28 9 292
28 32 192
29 15 28
29 36 189
29 30 139
30 16 282
30 14 44
30 31 233
30 13 212
32 3 298
32 1 104
32 32 130
33 19 299
33 43 34
33 43 258
34 13 5
34 40 256
34 20 131
34 36 59
34 10 12
34 31 293
35 43 297
36 48 122
36 33 135
36 6 59
36 45 150
36 8 191
37 13 22
37 0 270
37 25 259
37 16 34
38 16 183
38 1 257
38 2 259
40 39 294
40 42 84
40 22 259
40 37 167
41 18 45
41 32 191
41 38 3
42 9 49
42 38 69
42 15 79
42 12 152
42 22 161
42 46 175
42 47 270
42 27 99
43 5 93
44 6 151
44 29 71
44 5 53
44 45 140
45 36 3
45 35 48
45 11 208
46 8 152
46 36 104
46 44 179
46 4 288
47 2 85
47 39 173
47 46 210
47 36 253
47 38 31
47 45 95
47 37 124
48 24 267
48 20 270
48 42 151
49 18 100
49 7 277
49 33 178
49 20 217
49 36 53
49 2 88
49 4 255
-1
150
0 25 124
0 20 58
0 15 188
0 45 138
0 16 94
0 22 139
0 8 211
1 28 144
1 21 251
2 18 289
2 39 225
2 40 237
3 25 201
3 40 56
3 21 161
3 7 238
3 42 83
4 24 216
4 44 218
4 0 240
4 11 194
5 21 210
5 17 141
5 22 89
6 28 154
6 2 9
6 6 159
6 40 204
7 29 259
7 35 20
7 43 51
7 10 52
7 40 59
8 4 202
8 0 192
8 30 285
9 15 26
9 24 84
9 44 237
9 6 299
10 7 121
11 19 77
11 35 147
12 11 168
12 8 77
13 29 287
14 24 175
15 47 93
15 24 75
15 28 35
15 47 200
15 24 214
16 44 196
16 46 139
17 2 225
18 49 209
18 24 258
19 13 191
19 41 176
20 15 2
20 48 229
20 16 156
20 0 18
21 43 270
21 2 173
21 5 86
22 0 51
22 13 77
22 24 218
22 31 48
23 11 13
23 17 190
23 28 37
23 39 154
23 46 215
24 36 73
24 39 106
24 3 87
25 37 13
25 3 193
25 6 234
25 49 39
26 24 85
27 24 12
27 23 18
27 19 167
27 6 140
28 23 176
28 23 68
28 0 188
28 44 288
29 26 163
29 34 240
29 24 198
30 40 292
30 12 178
30 15 203
30 25 230
30 20 112
30 7 168
30 7 179
30 25 269
31 25 257
31 15 221
31 34 154
31 48 191
31 25 67
31 13 148
31 2 206
31 20 85
32 19 232
32 8 241
32 33 19
32 19 77
33 11 116
33 49 147
33 33 209
33 3 187
33 1 72
34 14 197
34 11 173
34 5 21
34 16 80
34 46 189
35 8 221
35 36 148
35 17 42
36 25 33
37 18 134
37 45 157
38 12 279
38 29 253
38 10 6
39 49 269
39 25 144
40 37 119
40 1 172
40 13 286
40 26 95
41 24 246
41 25 122
41 47 128
42 32 290
43 43 128
43 34 98
43 44 245
43 21 81
44 31 36
44 9 110
44 38 62
44 35 182
45 0 276
46 44 102
46 37 14
46 3 50
47 26 212
47 35 254
47 12 77
47 36 281
47 38 66
47 26 180
47 27 270
48 31 108
48 25 241
48 44 225
48 22 223
48 30 135
48 9 257
48 16 89
49 15 63
-1
150
0 29 102
0 28 147
0 43 149
0 3 113
0 12 81
1 7 177
1 11 204
1 40 79
1 20 123
1 48 277
1 37 198
2 40 200
3 29 41
3 17 113
3 44 185
3 40 248
4 15 100
4 44 165
4 43 64
4 7 113
4 9 90
5 2 16
6 43 174
6 42 28
7 49 134
7 45 225
7 3 46
7 9 143
7 20 51
8 25 118
8 14 35
9 37 258
9 4 238
9 25 257
9 24 40
9 33 266
9 40 97
9 22 239
9 22 233
10 25 182
10 34 42
10 18 165
11 18 228
11 2 281
12 15 264
13 46 164
13 30 41
13 41 186
14 14 234
15 23 146
15 47 201
15 23 298
16 38 170
16 0 249
16 9 284
17 34 50
17 10 185
17 20 277
18 46 137
18 18 226
18 32 171
19 38 273
20 47 164
20 20 266
20 8 187
21 46 90
21 41 140
22 42 134
22 20 226
22 18 98
22 42 194
22 26 181
22 1 153
22 17 188
23 15 12
23 46 117
23 24 221
23 48 98
24 11 53
24 7 249
24 6 97
24 17 36
25 10 63
25 23 145
25 45 19
25 4 81
25 20 35
25 29 138
25 45 201
26 46 246
26 47 16
26 43 22
27 43 109
27 7 136
27 27 198
27 30 96
28 14 16
28 30 150
28 10 66
28 7 111
28 39 121
28 6 47
28 25 99
30 21 133
30 26 185
31 29 135
32 18 163
32 10 228
32 10 53
32 36 201
32 38 140
32 26 124
33 2 265
33 36 113
33 18 247
33 28 82
34 20 240
34 8 18
34 37 40
34 31 46
34 22 119
34 12 185
34 47 154
35 47 117
35 37 78
35 11 251
35 7 297
35 22 272
35 12 237
36 8 151
36 34 218
36 35 177
36 43 44
36 29 160
36 22 132
36 18 198
37 29 212
37 23 270
37 1 2
38 10 290
38 48 279
38 18 133
39 42 242
39 17 199
39 31 182
39 23 170
39 16 102
40 0 127
40 26 138
40 42 295
40 18 165
40 17 108
41 20 249
41 16 20
41 0 73
41 43 2
41 32 102
42 26 253
43 36 129
43 24 163
43 24 78
44 2 272
44 48 270
45 45 79
45 25 245
45 8 163
45 13 104
45 12 169
46 8 129
46 22 46
46 8 90
46 5 269
46 22 277
47 46 148
48 18 240
48 48 248
49 14 156
49 21 212
49 30 16
49 6 295
-1
150
0 3 163
0 25 101
1 31 294
2 34 269
2 15 24
2 20 144
2 28 224
2 49 142
2 3 236
2 13 141
2 33 180
2 13 212
3 12 201
3 46 289
3 30 199
3 33 174
4 33 79
4 49 225
5 48 147
5 34 30
5 13 241
5 2 225
5 13 87
6 42 288
6 46 290
6 45 146
6 34 152
7 7 297
7 30 57
7 30 255
8 5 154
8 29 259
8 5 274
9 0 105
9 39 113
9 29 292
10 21 210
11 16 14
11 9 51
11 19 40
11 23 234
12 12 13
12 12 45
12 3 208
12 35 126
12 1 261
12 35 68
12 25 2
12 17 158
13 23 79
13 33 80
13 6 229
13 6 224
14 22 210
14 25 171
14 8 137
14 18 231
15 37 103
15 23 238
15 11 178
15 25 51
15 6 22
16 28 13
16 34 14
16 8 142
16 10 77
17 1 46
18 36 274
18 15 4
18 20 24
18 17 176
18 7 210
18 42 199
19 28 2
19 43 230
19 20 136
19 49 149
20 27 201
20 33 279
20 26 144
20 47 287
21 49 94
21 3 151
21 15 158
22 43 29
22 21 190
22 33 263
22 20 256
23 27 274
24 11 87
24 41 113
26 6 120
26 9 232
26 26 293
26 37 214
26 36 269
26 32 47
26 11 102
27 9 134
27 0 80
27 25 46
28 32 41
28 36 193
29 32 233
29 13 101
29 49 111
31 27 161
31 26 257
31 21 143
31 5 119
31 28 281
31 32 132
31 27 128
31 10 191
32 30 11
33 16 168
33 4 122
33 49 189
33 42 248
33 15 280
33 40 85
34 21 266
34 16 124
35 6 42
35 37 123
35 37 165
35 25 60
36 33 252
36 1 279
36 32 9
36 3 198
36 27 129
37 48 187
37 7 155
37 49 33
37 28 253
37 38 227
38 31 267
38 27 72
38 38 288
39 10 297
39 5 254
39 36 169
39 40 275
39 0 12
40 26 82
40 33 147
40 40 181
40 34 82
40 27 262
40 40 61
40 18 150
41 43 286
41 4 225
42 9 14
42 15 84
42 24 124
42 7 263
42 21 292
43 17 67
43 9 154
43 14 19
44 18 213
44 31 26
44 45 137
44 25 14
45 13 179
45 43 140
45 41 94
46 0 42
47 20 158
47 49 67
47 45 227
48 20 24
48 25 278
48 14 243
49 32 268
49 28 151
49 17 114
49 41 168
-1
150
0 42 277
0 37 213
1 33 256
1 21 95
1 25 226
2 32 95
3 30 146
3 37 293
3 3 231
3 26 144
3 14 267
4 1 36
4 41 287
4 40 121
4 40 200
4 14 249
4 25 159
4 28 281
5 43 263
5 27 269
5 19 132
6 35 153
6 33 94
6 36 213
6 10 250
7 42 135
7 28 242
7 32 192
8 1 277
8 9 21
8 24 35
8 5 271
8 5 286
9 18 23
9 42 183
9 23 35
10 3 223
10 0 120
10 34 95
10 47 120
10 20 286
10 18 171
11 26 227
11 20 298
12 21 187
12 21 289
12 23 0
12 43 33
12 11 131
12 13 111
12 39 136
12 14 22
12 16 110
12 28 167
12 10 123
12 16 298
13 28 121
13 39 194
13 22 213
13 37 180
13 13 295
13 39 10
14 2 179
14 34 193
15 2 2
15 9 109
15 10 172
15 43 295
15 18 249
16 38 165
16 33 103
17 5 140
17 48 54
18 31 20
18 36 275
18 21 126
19 11 97
19 5 178
19 20 134
20 12 188
20 39 120
21 4 52
21 47 284
21 0 298
21 36 278
22 8 22
23 40 140
23 40 217
23 36 85
23 21 104
23 38 208
23 38 86
23 44 278
23 7 169
23 46 7
24 45 25
24 31 250
24 25 266
24 22 193
25 10 6
25 33 22
26 19 65
26 48 203
26 46 207
26 28 177
27 1 15
27 39 171
27 41 90
28 18 88
28 36 59
28 2 132
28 23 62
29 36 30
29 37 34
29 39 236
30 33 178
30 19 136
30 3 7
31 5 106
32 23 295
32 18 26
32 27 31
32 21 122
32 15 109
33 9 217
33 47 136
33 45 224
34 22 298
34 20 149
34 11 44
34 21 242
34 34 60
35 1 260
35 27 274
35 26 110
35 2 6
36 24 239
36 42 265
37 33 68
37 18 236
38 1 258
38 23 269
38 43 57
38 6 176
38 13 133
39 21 63
39 42 226
39 12 291
40 47 224
40 7 272
40 44 246
40 14 116
40 36 221
40 8 47
41 6 26
41 40 100
41 20 101
41 13 277
41 33 66
41 18 191
42 6 185
42 7 60
42 15 56
43 38 24
43 49 299
43 14 20
43 24 276
44 36 29
44 12 90
45 5 139
45 19 182
45 42 226
46 26 21
46 0 270
46 12 95
47 49 167
47 22 255
47 35 264
47 7 214
48 48 252
48 12 106
48 43 143
48 9 90
48 39 117
49 7 203
49 7 150
49 30 277
49 4 66
49 2 42
49 11 129
-1
150
0 20 54
1 1 190
1 11 231
1 16 243
2 17 58
2 6 149
3 8 8
3 29 292
3 18 275
3 2 272
3 37 251
4 17 295
4 36 25
4 32 91
4 2 270
5 30 31
5 24 296
5 34 235
5 35 223
6 20 45
6 15 57
6 37 172
6 27 174
6 4 57
7 15 201
7 27 21
7 26 46
7 5 191
7 18 22
7 8 154
8 33 17
8 22 200
9 39 134
9 36 234
9 35 209
9 47 54
9 26 270
9 7 139
9 13 92
10 13 99
10 6 155
12 21 182
12 1 85
12 3 295
12 11 142
12 6 288
12 45 45
13 48 74
13 45 262
14 26 239
14 5 122
14 21 164
14 37 103
15 0 72
15 25 102
16 7 190
16 25 192
16 10 274
16 35 31
16 19 59
17 11 204
17 4 138
17 42 215
17 44 225
18 5 191
18 5 217
18 29 39
19 4 9
19 47 236
19 25 239
19 5 147
20 25 180
21 22 178
21 42 200
21 27 289
22 10 244
22 35 37
22 29 2
22 37 217
23 2 37
23 35 163
23 18 214
24 37 90
24 36 190
25 32 119
25 25 53
25 37 87
26 27 101
26 21 215
26 27 36
27 36 290
27 8 91
27 23 249
27 4 164
27 4 250
28 36 270
28 41 114
28 25 82
28 44 232
28 19 35
28 20 113
29 29 166
29 9 77
29 37 126
29 24 186
29 38 132
29 49 238
29 27 289
30 32 64
30 37 143
31 32 191
31 47 97
32 40 276
32 32 207
32 26 49
33 21 256
34 41 165
34 3 235
34 4 122
34 34 156
34 18 277
35 11 112
35 15 132
35 28 163
35 35 1
35 0 167
36 11 281
36 7 135
36 37 265
36 5 126
37 3 237
37 1 295
37 23 265
37 27 165
37 33 64
38 28 265
38 24 245
38 35 146
38 25 197
38 34 75
38 48 95
39 27 139
39 42 274
39 28 202
39 5 207
40 41 159
40 48 22
40 28 110
40 17 292
40 22 126
40 24 245
41 15 24
41 18 278
41 31 99
41 46 38
42 32 40
43 25 123
43 5 93
43 9 198
43 2 52
43 19 98
44 37 266
44 19 247
44 49 154
44 30 16
44 48 270
44 27 70
44 12 186
45 3 118
45 16 271
45 32 71
45 4 122
45 13 208
46 0 257
46 14 45
46 48 39
46 43 238
46 24 275
47 4 10
47 34 187
47 45 78
47 19 287
47 30 237
48 4 253
48 47 185
48 25 146
49 10 98
49 9 265
49 32 152
49 49 183
-1
-2
