180
-1
180
-1
180
1 21 125
3 12 296
6 50 137
17 5 296
26 38 104
27 22 143
28 21 34
44 38 245
51 43 47
52 1 26
-1
180
0 12 258
14 32 285
16 10 274
21 29 154
23 39 293
27 17 140
27 0 19
32 40 175
40 1 267
49 56 178
-1
180
8 10 123
9 29 51
9 31 246
9 47 241
13 37 19
16 1 135
22 32 161
26 47 219
30 25 102
31 27 250
31 36 136
33 21 201
35 15 218
35 15 55
37 24 109
42 43 79
47 12 180
49 14 153
54 11 140
55 43 203
-1
180
1 57 121
3 21 182
11 15 154
13 8 280
19 13 293
26 31 178
27 50 132
35 39 295
36 27 276
37 28 228
39 4 228
39 25 60
40 43 133
42 58 213
42 6 123
42 22 70
44 17 250
51 49 270
52 31 120
59 32 197
-1
180
0 33 137
1 55 233
10 38 53
13 41 215
15 37 123
16 31 131
20 35 261
20 43 275
21 43 138
23 24 178
25 9 8
26 47 15
27 3 64
27 10 43
28 50 263
28 21 159
30 39 25
30 28 28
34 53 292
39 20 299
42 6 42
47 12 214
48 54 72
49 8 72
50 19 128
52 50 287
54 0 204
56 4 121
57 38 138
59 34 193
-1
180
0 11 119
2 16 25
2 42 223
4 40 81
6 25 241
6 13 257
7 44 66
11 33 134
12 36 241
15 12 179
18 33 102
21 9 246
22 26 148
23 0 173
28 44 73
29 1 116
29 12 274
35 52 162
37 49 147
37 26 42
45 56 89
47 55 164
48 42 132
49 42 262
51 7 46
56 59 57
57 7 267
58 56 101
59 16 183
59 23 286
-1
180
0 59 242
1 6 84
1 3 99
4 23 184
5 49 109
8 39 204
9 3 15
12 29 40
18 37 116
20 57 1
21 15 138
21 3 194
26 57 228
27 5 201
28 24 152
29 9 11
29 18 238
30 14 241
33 1 238
34 40 126
35 30 32
36 47 248
37 30 195
37 43 58
38 56 224
39 24 40
39 9 46
40 46 91
41 6 212
42 8 28
43 43 133
44 27 14
46 47 245
50 29 241
51 31 87
54 2 164
54 54 196
58 7 222
59 54 297
59 55 154
-1
180
1 34 134
2 59 192
3 43 280
5 5 208
6 55 162
7 46 217
8 46 168
9 34 63
9 6 112
11 14 143
12 15 190
13 54 122
15 30 254
15 13 61
16 58 65
16 11 19
19 9 97
20 35 86
20 3 209
21 38 57
23 46 194
24 19 46
24 52 126
24 35 175
25 19 160
25 2 151
27 28 60
33 44 40
37 42 204
37 0 129
39 34 249
43 22 257
44 32 186
44 39 96
47 38 226
55 45 256
57 32 195
57 55 73
59 8 135
59 1 285
-1
180
1 50 180
1 16 207
1 9 261
2 50 196
3 49 271
4 16 246
5 25 24
6 18 180
8 16 259
9 8 270
10 9 56
11 45 200
12 6 281
13 35 80
14 25 128
15 41 125
16 49 126
16 50 183
16 41 16
19 53 165
22 23 31
24 36 43
27 36 207
27 49 15
28 33 179
29 3 245
33 0 104
34 51 96
37 52 112
39 45 153
39 49 211
40 24 174
42 26 151
43 15 15
43 25 179
44 20 251
44 29 293
44 6 282
47 51 69
47 39 15
47 50 133
50 9 6
52 21 220
52 6 146
53 43 7
54 27 5
54 9 34
55 7 29
56 47 0
56 29 105
-1
180
0 0 25
2 33 49
3 51 71
4 31 76
4 28 179
5 49 178
6 27 262
7 46 142
9 1 170
9 56 93
10 38 81
10 47 116
15 46 217
15 31 242
17 7 40
17 59 2
18 17 21
20 37 177
20 45 7
21 15 271
23 34 148
24 57 81
24 21 47
26 2 53
30 38 120
31 24 202
32 25 212
34 8 34
35 23 119
35 49 162
38 29 187
40 49 237
40 36 42
41 28 242
42 36 99
42 52 167
43 4 192
44 54 126
44 55 141
46 54 240
47 4 205
48 52 75
52 34 84
53 1 23
53 8 159
54 44 167
56 49 174
57 9 85
59 6 199
59 50 231
-1
180
2 4 52
3 1 125
4 46 243
5 0 38
8 10 100
10 11 268
12 51 73
13 11 77
15 57 144
15 33 115
16 53 191
16 59 243
18 5 253
20 9 101
22 1 289
22 31 45
22 3 277
23 12 132
24 32 142
24 9 39
25 38 65
25 50 16
25 16 35
27 10 138
28 16 254
30 46 221
31 54 153
31 25 66
35 30 259
36 7 34
37 16 188
39 19 118
40 26 141
41 30 136
41 18 78
42 11 180
42 19 144
43 10 117
43 55 133
43 53 170
44 57 187
45 17 8
45 10 30
46 18 26
47 37 65
48 6 256
48 20 28
48 9 276
48 41 119
49 8 204
49 35 200
50 24 49
54 28 21
54 13 296
54 54 278
54 50 132
56 12 152
56 14 94
57 30 67
58 38 55
-1
180
0 48 238
0 34 201
2 22 106
2 36 190
4 51 273
5 27 37
5 4 49
6 36 70
6 33 193
6 42 26
6 55 242
7 0 109
7 47 111
8 15 258
11 34 168
11 3 33
11 38 208
13 13 117
17 13 12
17 14 94
18 34 209
18 1 104
22 29 66
24 56 14
24 0 198
24 31 241
26 46 266
26 24 280
26 24 36
27 18 77
27 51 151
28 59 140
28 47 272
29 52 44
30 55 162
31 35 36
31 7 278
32 13 98
36 12 293
36 34 174
37 36 233
37 46 166
38 18 23
41 35 9
46 28 179
46 59 61
47 8 141
49 54 7
50 50 98
51 34 139
51 6 26
52 0 239
54 7 234
54 32 68
54 38 272
55 43 206
55 13 182
56 30 80
58 34 32
58 6 95
-1
180
0 33 249
2 14 3
2 8 34
4 41 214
5 34 116
5 48 114
7 51 75
8 2 32
9 7 150
10 58 237
10 27 67
11 10 282
12 35 23
12 11 85
14 34 42
16 3 214
17 50 168
18 47 31
18 29 239
18 29 187
20 39 131
20 22 231
20 47 102
21 9 185
21 35 114
22 25 215
23 36 48
25 13 130
26 46 165
28 38 118
28 33 114
29 56 117
29 49 207
31 41 215
31 39 17
31 7 202
33 34 262
35 41 125
36 8 165
36 21 265
36 39 32
38 41 121
38 17 28
38 14 269
39 42 64
41 54 186
41 57 189
44 10 225
45 14 292
45 59 267
46 8 26
48 16 48
48 45 205
48 16 90
49 32 268
51 26 254
51 12 206
51 19 144
52 47 149
52 52 68
52 39 19
52 16 84
52 42 4
54 56 183
55 55 162
57 3 72
57 33 96
58 48 226
58 16 244
59 45 205
-1
180
1 41 285
1 53 67
1 46 27
2 30 241
2 6 233
2 50 32
3 21 219
3 35 281
3 44 84
4 30 218
4 48 222
5 4 256
6 57 165
6 47 184
7 53 165
8 46 4
9 43 211
12 6 205
13 32 274
14 36 162
14 34 279
15 47 242
15 28 290
16 23 182
17 44 137
18 56 118
18 39 123
18 25 83
20 30 198
22 0 288
23 13 104
24 15 63
24 57 84
24 34 12
26 27 30
26 11 28
27 27 151
27 46 107
29 1 100
31 39 173
31 46 108
31 24 29
32 58 8
32 57 55
32 57 238
34 13 86
37 56 43
37 39 41
39 31 88
42 2 100
43 48 32
43 47 271
44 20 158
45 52 224
45 23 63
46 4 21
46 38 15
46 47 23
47 45 66
50 18 145
51 31 98
52 26 176
52 55 39
53 56 242
53 33 211
54 50 12
55 41 114
58 37 80
59 45 172
59 39 116
-1
180
1 58 59
2 14 220
3 25 129
3 51 262
4 30 110
4 24 120
5 15 34
10 6 215
10 1 291
10 56 190
11 55 51
11 50 8
11 9 299
12 58 144
12 52 2
12 26 89
12 12 137
14 31 240
14 45 95
15 27 256
15 47 21
16 56 195
16 33 186
16 18 251
16 56 238
17 22 73
17 23 160
17 29 150
18 59 67
19 28 95
19 15 124
20 24 197
20 39 166
20 50 108
21 33 271
21 23 76
21 54 275
21 39 87
22 1 38
22 29 79
23 24 13
24 43 71
24 9 282
26 26 219
26 2 46
28 33 255
29 7 44
31 32 228
32 57 218
32 19 290
33 45 289
35 35 244
38 31 58
41 36 159
41 53 77
42 11 53
42 53 166
43 59 188
43 30 157
43 17 248
45 41 266
45 7 166
45 35 239
45 24 200
45 9 226
47 20 172
49 15 277
49 42 109
51 47 179
53 13 202
53 6 268
54 10 264
54 59 145
55 21 97
57 45 39
58 42 130
59 2 209
59 31 183
59 46 248
59 30 143
-1
180
0 35 81
0 26 219
0 54 107
0 37 222
1 52 77
1 24 118
2 15 295
3 59 42
3 31 1
4 26 149
5 25 181
6 58 31
7 42 13
7 13 37
8 52 23
8 58 13
9 37 19
10 13 22
10 14 213
15 24 30
15 21 27
16 1 158
16 45 58
16 35 298
17 47 144
18 1 264
18 31 91
18 18 235
18 11 129
19 16 169
19 49 235
19 57 59
20 10 172
20 27 267
20 55 22
22 3 175
22 40 226
23 36 176
23 13 9
23 27 36
27 46 49
28 7 40
28 8 105
29 34 62
29 11 209
30 51 151
31 2 107
31 56 223
32 15 85
33 29 248
34 51 279
35 2 298
36 50 267
36 15 115
38 25 79
39 6 90
40 13 152
41 50 272
43 25 51
44 52 129
45 13 56
46 25 166
47 22 40
48 29 255
49 12 177
50 10 257
51 53 3
52 59 21
52 58 205
53 20 291
54 3 249
54 43 117
56 19 180
56 11 174
57 33 205
58 28 122
58 44 105
59 43 294
59 21 152
59 41 49
-1
180
0 29 128
1 47 270
1 14 178
1 22 41
3 52 76
3 46 81
3 55 36
5 30 143
5 50 210
6 8 187
6 43 107
6 27 232
6 54 85
7 4 199
7 49 1
8 33 194
8 55 184
9 25 59
12 1 155
13 17 242
13 28 297
13 6 292
14 16 228
14 49 43
17 11 28
17 46 299
17 22 140
19 52 231
19 58 141
19 52 111
20 25 246
21 8 114
21 22 224
22 48 284
23 38 240
23 29 247
24 49 44
24 55 154
26 28 289
29 54 173
29 13 109
29 5 166
29 17 251
29 0 122
30 51 52
32 43 162
34 12 127
34 34 72
36 30 34
37 3 118
37 37 194
38 6 251
38 6 266
38 31 187
39 38 80
40 50 83
41 8 223
41 46 138
41 51 204
42 57 148
43 37 289
44 40 216
45 17 39
46 37 224
46 33 6
47 40 268
47 1 194
47 32 155
48 47 111
48 34 103
48 28 157
48 29 175
49 4 78
50 59 286
50 17 115
50 41 21
51 52 94
52 4 3
52 29 140
53 0 180
53 21 106
53 17 125
54 40 108
55 20 23
55 9 45
56 55 44
57 15 56
58 30 46
58 14 147
59 11 265
-1
180
0 22 55
0 18 285
0 50 84
1 7 32
2 33 155
2 16 23
3 12 214
4 5 129
4 29 29
6 13 119
6 26 248
10 8 228
10 58 192
10 0 119
12 13 186
12 22 281
13 10 180
14 6 90
14 23 67
15 32 251
16 35 70
16 55 54
16 0 189
17 39 249
17 8 151
18 32 64
18 43 111
18 14 15
19 21 200
20 22 49
20 48 69
21 10 291
21 56 83
21 13 181
22 21 105
22 50 34
23 27 51
23 11 163
24 20 242
24 43 32
25 20 139
26 16 178
27 58 256
27 38 3
27 7 198
28 56 130
29 25 225
30 22 158
31 39 253
31 39 124
32 11 232
32 9 18
32 11 58
33 39 56
34 13 133
34 38 8
34 57 292
34 19 94
34 41 218
35 6 155
35 9 175
35 41 287
36 53 229
37 6 273
37 58 182
38 36 14
38 9 60
38 12 253
40 16 265
40 7 156
40 11 49
41 13 8
41 47 72
42 30 110
43 3 172
45 24 57
45 0 102
46 6 126
49 2 143
51 44 3
51 35 290
52 42 84
54 41 201
54 49 260
55 4 14
55 35 202
56 34 228
56 56 164
57 19 75
57 41 68
-1
180
0 54 233
0 43 256
1 41 199
2 42 25
3 22 229
4 19 244
5 23 80
6 6 107
6 58 30
7 54 90
7 45 25
7 4 263
7 23 1
8 32 295
10 38 228
12 32 67
13 23 10
14 37 215
14 13 296
14 14 149
15 25 248
17 33 65
17 29 136
18 24 113
18 54 293
19 24 127
19 11 39
20 14 173
20 15 136
20 34 27
21 14 80
22 31 216
23 2 5
23 48 128
23 14 14
25 46 34
26 8 158
26 36 257
28 37 84
28 2 21
28 25 292
28 20 283
29 2 97
30 37 160
31 7 107
31 33 243
31 56 292
33 5 9
33 38 192
33 17 196
35 7 201
35 55 208
35 42 153
36 57 238
36 13 121
36 12 112
36 50 150
37 36 140
37 51 16
38 33 217
38 32 189
38 7 276
39 56 103
39 27 197
39 37 71
39 51 241
39 44 61
42 38 53
42 34 250
43 18 211
43 51 190
43 26 259
43 26 200
44 7 105
45 0 89
46 10 217
47 7 202
48 25 265
49 14 6
49 45 79
49 25 251
50 29 47
50 56 143
51 48 16
51 25 158
51 48 8
51 15 11
51 36 113
51 1 167
52 39 188
53 7 229
53 57 243
54 13 128
55 36 236
56 12 161
57 52 216
57 14 244
59 52 65
59 0 25
59 31 191
-1
180
0 17 246
1 40 160
1 23 152
2 36 289
2 54 175
3 5 168
3 33 6
3 42 284
4 9 67
4 57 0
4 47 217
4 51 143
5 19 31
5 4 250
5 55 207
7 12 255
7 33 128
8 23 0
8 46 27
8 18 232
8 23 245
9 38 266
9 58 215
9 9 243
10 38 56
11 9 138
11 20 168
11 32 82
13 49 252
14 32 11
14 20 120
14 44 15
14 50 203
15 0 275
16 29 117
16 28 63
18 32 97
18 25 41
18 2 225
19 2 205
19 44 95
22 42 254
22 33 218
22 21 234
23 0 222
24 16 83
25 33 278
25 2 161
25 54 202
26 43 230
26 5 92
30 47 103
31 52 178
31 16 158
31 6 148
32 55 181
32 49 135
33 36 92
33 32 265
33 15 1
34 59 83
34 9 8
34 7 180
34 28 22
34 34 165
35 39 211
35 56 168
36 41 168
38 47 106
38 25 71
38 36 191
41 11 186
42 33 14
42 26 28
43 58 117
46 14 228
47 6 228
47 35 5
48 49 71
48 9 205
49 11 245
50 38 53
52 53 276
52 10 15
53 56 240
53 49 209
53 17 286
53 43 246
54 41 179
55 32 43
55 25 198
55 17 26
56 30 181
56 11 107
56 35 192
57 14 215
57 35 69
58 33 104
58 20 68
59 15 239
-1
180
0 59 72
1 4 247
2 36 268
2 36 28
2 21 155
2 1 163
3 1 38
3 16 120
3 59 260
4 52 147
4 51 71
5 46 222
5 3 160
7 35 73
9 9 94
9 20 52
10 43 147
11 25 141
12 32 268
12 26 122
13 17 142
13 13 86
15 49 9
16 26 141
16 50 70
16 23 128
17 5 36
17 40 287
18 12 197
18 44 186
18 9 135
20 36 287
22 44 1
23 8 107
23 12 288
23 38 120
24 49 261
24 54 72
24 45 50
25 5 105
25 59 232
26 57 45
26 54 153
26 41 170
26 49 61
27 55 260
28 22 288
28 11 284
28 17 220
29 53 45
29 7 48
29 51 135
30 56 78
31 35 253
32 1 19
32 50 227
32 13 115
33 25 132
33 14 203
33 4 124
36 10 261
36 55 254
37 32 75
38 13 90
39 37 263
41 37 290
41 1 218
41 31 42
41 56 245
42 46 98
43 36 240
43 25 73
43 29 2
43 24 56
44 32 54
44 49 271
44 23 152
44 15 81
45 0 71
45 8 56
46 2 74
48 45 258
48 25 280
50 53 30
50 25 253
50 35 93
51 33 199
51 57 62
51 48 145
51 41 124
52 26 83
52 41 217
53 39 224
53 18 130
54 23 298
54 7 4
55 1 121
55 36 113
55 17 59
56 50 143
56 17 89
56 23 229
57 5 292
57 52 121
58 10 46
58 2 201
59 34 48
59 36 116
59 13 255
59 0 29
-1
180
0 52 160
0 51 231
0 21 129
0 27 49
1 35 35
1 59 19
1 1 54
1 10 29
1 0 153
1 37 199
2 29 33
2 31 231
3 39 107
3 24 61
3 58 180
3 37 65
3 41 220
3 5 57
4 13 3
5 40 142
5 0 294
6 23 182
10 44 87
10 12 53
10 48 281
11 29 296
12 44 169
12 44 221
12 43 102
15 52 56
15 26 21
16 14 59
16 45 298
16 48 179
16 24 38
17 15 35
17 11 224
17 55 211
17 56 81
18 2 26
19 54 46
19 40 231
19 16 231
19 43 17
20 30 244
21 18 138
21 20 243
21 14 287
21 13 136
23 3 181
24 12 155
26 39 200
26 57 25
27 14 1
28 47 102
28 17 166
28 41 212
28 37 84
28 36 17
29 22 175
30 27 274
31 15 57
31 49 292
32 47 289
32 51 80
32 11 91
33 50 116
33 25 32
33 55 36
34 6 28
35 20 205
36 41 142
37 14 15
37 2 60
37 31 182
37 42 150
38 36 133
38 31 11
39 4 245
40 2 156
40 43 109
40 18 140
41 48 242
42 42 44
43 12 214
44 30 193
45 11 7
46 31 237
46 14 230
49 24 114
49 37 25
50 47 13
50 34 133
50 5 70
51 5 74
53 27 53
54 16 18
55 4 166
55 48 11
55 26 225
56 44 197
57 25 97
57 14 275
57 21 90
58 56 39
58 8 208
58 10 129
58 5 239
59 36 115
59 12 182
-1
180
1 10 9
2 52 8
2 47 161
2 31 138
6 19 85
6 5 7
6 31 226
7 13 81
9 30 216
9 13 227
12 34 222
13 45 91
13 19 28
13 45 13
13 22 275
14 3 132
14 33 243
14 49 275
14 46 195
15 59 288
16 15 202
17 41 196
17 57 299
18 20 148
18 59 291
19 39 181
19 48 173
20 31 262
20 59 168
21 22 282
22 57 160
22 25 207
23 47 47
23 41 248
24 36 253
24 16 83
24 18 284
24 34 66
25 55 226
26 45 298
26 26 86
27 48 228
27 28 67
27 36 30
27 27 11
28 41 26
28 20 29
28 1 59
28 29 181
29 10 192
29 5 100
29 46 12
30 15 100
30 46 136
30 18 159
30 17 48
31 52 224
31 48 283
32 57 290
32 9 207
32 43 246
32 14 121
32 38 43
33 56 130
34 43 257
35 39 235
35 53 49
35 57 126
36 6 67
36 9 168
37 52 151
37 31 290
37 46 268
38 52 65
39 9 20
39 51 96
39 53 168
40 29 216
41 21 202
42 58 42
42 2 162
42 57 276
42 5 56
43 48 70
43 20 142
43 11 87
44 28 152
44 11 0
44 52 179
44 24 12
45 37 195
45 49 91
45 44 58
45 26 2
46 46 36
46 53 270
47 47 3
47 48 58
50 0 63
50 28 275
51 24 131
51 19 145
51 36 227
51 45 62
51 44 90
52 14 236
52 47 46
52 55 45
52 45 92
52 35 36
53 35 98
53 51 207
53 2 248
55 31 176
55 56 150
55 8 48
57 27 297
58 59 46
59 2 164
59 23 82
-1
180
0 41 168
1 55 148
1 51 176
2 18 2
2 21 93
2 27 0
2 8 59
3 3 116
3 47 232
3 59 101
4 13 137
4 27 31
4 57 205
4 47 119
5 56 137
6 58 240
7 40 184
7 54 95
8 8 106
8 51 87
9 36 103
9 4 29
10 39 138
10 53 77
10 19 129
11 21 219
11 57 182
13 28 235
13 30 29
14 37 290
14 15 75
14 52 178
15 51 79
15 7 69
16 49 253
16 16 237
17 56 146
18 35 104
18 22 140
19 6 1
19 28 219
20 1 294
21 28 228
22 46 268
23 17 220
23 3 93
23 4 14
24 50 248
25 58 208
26 9 126
27 58 145
28 18 99
28 45 81
28 10 279
28 59 38
29 28 77
29 53 201
29 15 14
30 27 141
31 13 71
31 6 208
31 34 268
31 49 26
31 41 154
32 32 76
32 8 93
32 1 187
34 25 299
34 36 130
35 6 53
35 50 74
35 29 27
36 51 7
36 12 126
36 8 65
37 4 272
37 56 163
38 44 183
38 55 187
38 58 44
39 12 237
40 53 286
40 53 16
41 16 55
42 44 145
42 40 9
42 8 267
43 28 180
43 19 108
44 24 193
45 54 155
46 49 217
47 50 70
47 22 193
48 57 114
48 1 158
49 59 15
49 27 13
49 37 192
49 16 203
49 17 126
49 38 165
50 5 59
50 10 45
51 38 205
51 33 1
52 0 132
52 4 40
53 1 234
53 49 55
53 47 229
54 16 180
54 10 18
55 10 218
55 0 60
56 23 5
56 5 267
58 29 37
59 1 34
59 55 54
-1
180
0 39 243
0 24 238
1 49 163
1 28 269
2 41 55
2 25 73
2 52 79
3 38 20
3 37 21
3 8 168
4 26 187
4 11 10
5 8 77
5 25 6
5 17 284
6 1 225
6 23 203
7 29 267
7 10 39
8 12 76
8 47 118
8 23 65
8 36 200
8 48 225
8 17 53
10 4 60
11 47 90
11 3 99
12 41 64
12 17 285
12 52 199
12 27 259
13 6 116
13 31 114
14 30 64
14 54 1
15 23 216
15 40 78
15 10 141
16 31 273
17 20 295
17 12 268
17 2 259
17 32 116
17 39 121
17 22 296
18 30 240
19 8 29
19 37 174
19 9 158
20 27 22
20 33 258
20 18 295
21 18 100
21 27 95
21 36 239
23 5 60
23 14 185
23 33 10
24 39 7
24 12 225
24 49 42
24 5 182
27 7 59
27 37 230
27 43 17
27 25 140
30 58 67
31 43 29
31 51 140
32 1 5
32 58 5
32 49 277
32 9 67
32 8 205
33 6 124
34 45 292
34 12 107
35 41 51
35 59 144
35 45 171
35 39 112
36 49 135
36 34 182
37 51 65
37 19 72
38 32 107
38 13 208
39 36 193
39 15 258
39 53 48
40 57 203
40 11 237
40 0 230
41 26 36
42 54 2
43 21 73
44 53 85
45 10 53
46 24 287
46 16 228
46 2 42
48 14 259
48 57 56
48 20 139
49 37 116
49 7 215
49 18 104
49 56 279
49 8 217
51 20 272
51 2 263
52 53 99
53 32 231
53 3 206
53 50 258
53 1 217
54 53 293
54 17 90
54 19 211
54 52 269
54 43 149
55 20 139
55 27 190
55 29 161
55 13 64
56 53 278
58 45 94
58 3 121
58 37 167
-1
180
0 47 250
0 35 56
1 1 282
1 48 182
1 49 177
2 37 217
2 26 296
3 12 175
3 31 71
3 53 71
4 48 258
5 47 29
6 20 186
6 11 118
6 42 243
7 11 98
7 49 182
7 33 272
8 27 41
8 11 124
8 44 132
8 11 119
9 16 139
9 8 29
9 3 25
9 30 228
9 44 255
10 12 157
10 30 273
10 29 61
11 44 110
11 44 119
11 25 75
12 50 5
12 27 282
12 34 54
12 21 175
12 41 30
12 43 106
13 27 58
13 37 171
14 7 48
14 21 257
14 54 149
15 52 89
16 33 270
17 47 25
17 26 161
18 16 64
19 28 34
19 31 13
19 37 206
20 20 288
20 9 44
21 2 268
21 49 74
21 47 105
22 11 111
22 12 145
22 17 158
23 55 20
23 58 210
23 8 182
25 5 288
25 46 227
26 38 60
27 43 99
28 32 237
28 58 41
28 15 191
28 17 242
28 36 19
29 31 286
30 8 12
30 34 233
30 49 23
31 59 10
32 42 44
33 36 271
34 50 216
35 45 94
36 50 111
36 33 73
36 44 81
37 21 293
37 27 8
37 5 278
37 42 181
38 54 231
38 34 273
38 49 197
39 2 277
40 50 177
41 38 69
41 42 82
41 14 38
41 2 127
42 8 207
44 24 108
44 20 20
44 8 285
45 15 130
45 22 280
45 42 103
45 11 193
49 52 68
51 20 79
51 6 70
51 4 267
51 52 92
52 58 229
52 15 228
52 8 75
52 9 42
52 9 202
54 54 210
54 32 2
55 43 165
55 46 48
56 29 250
56 23 222
56 0 158
56 59 196
57 56 204
57 37 285
57 12 215
57 54 235
58 22 92
58 58 161
59 13 5
-1
180
0 8 114
0 49 225
0 17 132
0 28 22
1 37 298
2 25 107
2 43 228
3 34 38
3 32 174
3 23 150
3 34 46
3 56 126
3 1 78
5 47 67
5 48 40
5 48 84
6 25 273
6 55 97
6 58 149
6 54 113
7 54 273
7 34 243
8 41 206
8 53 131
8 28 249
10 16 287
10 13 62
10 56 217
11 40 262
11 2 216
11 15 207
12 18 28
12 7 83
13 29 16
14 36 29
14 19 240
15 45 48
15 30 141
16 19 280
16 1 188
16 51 262
16 32 59
17 16 42
17 2 149
17 14 171
17 10 209
17 16 18
17 3 237
17 43 44
18 54 207
18 17 268
18 23 240
19 47 86
19 4 109
21 30 160
21 33 185
21 37 192
21 32 174
22 40 66
22 3 250
23 47 96
23 25 299
23 52 123
23 48 87
24 45 51
25 48 148
25 23 124
26 10 164
26 14 246
26 50 83
26 36 175
27 55 234
27 20 100
28 25 247
29 0 132
29 1 46
29 8 30
29 53 204
29 0 152
30 36 100
30 1 296
31 3 139
32 38 56
32 15 117
32 8 146
32 4 233
33 52 243
33 10 27
34 32 39
34 39 199
35 18 152
35 1 142
35 27 85
36 35 299
36 55 173
36 25 185
36 37 206
36 18 244
36 5 136
36 48 230
37 38 275
37 59 278
38 10 170
39 45 111
40 49 170
41 29 195
41 26 280
42 49 105
43 32 82
44 19 231
44 54 232
45 20 27
45 53 279
45 30 219
45 33 87
46 35 96
46 51 171
47 22 109
47 51 98
47 24 109
48 0 6
48 13 48
48 8 264
49 5 163
49 12 201
49 16 212
50 46 145
50 47 261
51 37 179
52 5 76
52 27 217
53 20 152
54 56 15
54 36 205
55 43 162
56 37 98
57 58 197
57 58 237
59 55 19
59 9 145
-1
180
0 23 276
0 25 192
1 56 18
2 3 144
2 7 106
2 55 265
3 26 210
4 51 82
4 58 134
4 37 128
4 25 184
4 40 289
5 31 94
5 36 38
6 4 16
7 54 31
8 36 108
8 3 8
8 19 86
8 1 232
8 27 144
9 45 199
9 17 148
9 36 98
9 56 187
10 57 259
11 7 298
12 5 126
12 4 261
13 48 156
13 43 86
14 50 10
14 45 245
14 34 192
15 54 141
16 3 234
16 7 200
16 36 59
16 31 260
17 9 177
17 55 122
18 4 298
19 23 1
19 21 64
20 14 153
20 59 208
21 11 46
22 29 16
23 34 102
23 36 141
24 52 3
24 40 7
24 1 297
25 32 298
25 9 75
25 36 163
25 57 73
27 54 207
28 27 230
29 32 202
30 18 185
30 31 213
31 52 271
31 54 140
32 48 157
32 19 83
32 36 3
32 1 6
32 11 107
33 37 249
33 31 132
33 34 38
33 19 57
33 0 142
33 19 193
34 34 66
35 26 124
35 22 122
35 39 227
38 29 97
38 15 109
38 17 146
38 39 298
39 41 121
39 17 28
39 7 2
40 37 13
40 29 134
41 9 245
41 35 162
41 53 249
42 33 197
42 12 149
43 50 297
43 16 187
44 59 48
44 53 90
44 36 297
44 12 242
44 10 58
45 54 21
45 47 40
47 31 250
47 42 136
47 37 85
47 20 179
48 20 232
48 14 230
48 56 263
48 17 214
50 14 250
50 42 270
51 6 190
51 21 67
51 7 275
52 26 134
52 12 277
53 35 217
54 14 293
54 35 22
54 52 1
55 32 71
55 18 148
56 16 249
56 9 252
56 48 84
56 32 237
56 9 64
56 59 1
57 52 274
57 10 243
57 24 116
57 17 159
57 0 127
58 11 20
58 28 253
59 23 111
59 30 189
59 49 126
59 29 134
-1
180
0 44 42
0 28 49
0 59 283
0 35 11
1 10 141
1 57 80
2 20 112
2 26 291
3 1 268
5 50 62
5 25 296
5 27 156
6 38 189
7 43 248
7 3 251
7 21 99
7 46 120
7 23 119
8 53 247
8 46 208
8 38 281
8 33 31
9 40 219
9 24 114
9 33 129
9 2 109
9 41 228
10 26 65
10 30 41
11 12 0
11 18 101
12 33 198
13 50 20
13 28 164
13 31 144
13 48 193
14 13 98
14 50 149
14 57 221
15 57 254
15 16 182
16 8 158
16 18 105
17 35 50
17 54 85
17 31 296
17 5 66
18 2 47
18 46 4
18 38 256
18 58 232
18 38 264
18 15 254
18 56 136
18 12 286
19 53 269
20 53 48
20 34 38
21 54 199
21 8 267
22 29 281
22 30 214
22 43 292
22 53 210
22 54 102
23 5 295
24 54 85
24 37 82
24 52 136
24 16 259
25 42 187
25 58 136
25 27 271
25 1 269
26 24 116
27 50 63
28 6 253
29 56 5
29 13 208
31 44 72
31 36 261
31 48 248
31 12 138
31 9 226
31 23 118
31 1 221
33 24 20
33 34 27
34 44 211
34 15 153
35 35 83
35 57 57
35 17 192
35 7 38
36 52 69
36 10 259
37 28 112
37 4 144
37 2 257
38 16 272
38 21 197
38 45 184
39 4 191
39 44 292
39 49 262
40 23 263
41 7 54
41 56 244
41 36 178
42 20 98
42 37 251
43 2 258
43 10 193
44 27 86
44 29 7
44 30 98
45 7 28
45 32 75
45 19 269
46 17 196
46 57 190
47 8 200
47 56 141
47 48 221
47 12 237
47 26 95
48 48 127
48 44 172
49 39 27
49 7 54
50 53 19
50 29 106
50 15 76
51 0 150
51 59 27
51 59 44
51 57 69
52 23 3
53 39 44
53 15 271
54 42 285
54 19 14
54 13 183
54 39 192
54 50 114
56 21 257
56 35 284
59 5 241
59 42 133
59 46 262
-1
180
0 49 290
0 40 195
0 21 296
1 25 84
1 53 258
1 6 57
1 23 50
2 49 275
2 53 111
2 23 249
2 8 263
4 4 148
4 13 105
4 16 222
4 32 251
4 5 285
5 1 118
5 48 46
5 0 230
5 1 271
6 38 15
7 52 172
8 54 108
8 45 51
8 27 93
9 18 22
9 38 183
9 35 261
9 5 226
9 5 21
10 33 291
10 28 165
11 22 258
12 55 32
12 56 207
12 23 221
13 49 155
13 30 115
13 9 293
14 32 154
14 53 299
14 37 193
15 32 235
16 44 113
16 33 76
17 48 217
17 37 257
17 54 290
18 5 174
18 26 184
19 55 94
19 31 22
20 3 86
20 47 92
20 27 166
20 45 0
20 54 11
21 0 142
21 59 186
22 41 25
22 35 70
22 44 83
22 51 259
22 26 21
23 27 74
24 24 192
24 4 122
24 59 277
24 5 176
24 26 90
24 51 171
25 30 176
26 53 128
27 39 65
27 26 241
27 39 219
27 29 264
28 10 11
28 38 201
29 1 28
29 34 213
29 53 47
30 8 204
30 23 65
30 22 238
31 20 47
31 29 168
32 52 281
33 30 103
33 8 73
34 51 67
35 25 121
36 29 227
36 13 133
36 49 137
37 21 20
37 6 267
39 11 110
40 47 274
41 23 278
42 31 79
42 58 151
43 36 25
43 46 205
44 43 191
44 40 263
44 15 113
44 32 82
45 21 95
45 57 249
46 25 244
47 55 165
47 56 136
47 12 56
48 17 102
48 27 145
48 15 273
48 22 139
48 38 235
49 55 230
49 52 6
50 29 125
50 50 214
50 26 175
51 0 215
51 15 208
52 12 62
52 23 155
52 45 164
52 33 0
52 29 38
52 58 244
52 33 76
53 58 114
53 33 220
53 32 277
54 40 270
54 28 72
55 46 254
55 23 287
55 30 24
56 14 247
56 21 56
56 16 185
58 27 65
58 19 229
59 7 166
59 46 154
59 39 36
59 36 151
-1
180
0 2 247
0 17 247
1 42 118
1 35 8
1 54 258
2 39 68
3 30 291
4 38 77
5 34 164
6 36 54
6 52 157
6 15 163
6 56 199
6 51 59
7 3 148
7 13 243
7 29 273
8 35 231
8 49 277
8 2 49
9 11 94
9 44 22
9 59 255
9 42 298
11 18 172
12 2 111
12 38 240
12 46 120
13 29 66
14 53 264
14 53 218
15 22 17
15 52 220
15 41 75
16 12 27
16 51 149
16 53 238
17 1 126
17 48 159
17 1 256
17 40 21
18 6 25
18 28 10
18 55 111
18 38 154
19 18 121
19 51 230
19 41 65
20 20 150
20 22 250
20 37 179
21 27 232
22 30 299
22 26 243
23 39 185
23 31 196
23 51 94
23 55 92
23 55 8
24 45 154
24 46 44
24 5 246
25 43 206
26 10 95
26 33 279
26 26 192
27 50 170
28 4 112
28 17 245
28 39 241
28 48 112
29 17 195
29 52 200
29 53 216
29 51 165
29 45 20
30 14 119
30 57 100
30 7 123
31 55 104
31 56 8
32 23 106
32 33 38
33 47 58
33 17 194
33 14 128
34 50 288
34 4 177
34 27 88
34 41 64
34 24 207
35 52 184
35 43 76
35 30 175
35 7 224
35 13 44
35 30 116
36 16 244
36 41 136
36 35 292
36 6 206
37 7 41
38 41 231
38 56 35
38 22 153
39 38 183
39 56 80
40 12 251
40 0 233
40 3 52
40 4 80
40 20 0
42 47 255
43 18 182
43 39 194
43 6 102
44 23 73
44 43 205
45 20 52
45 41 26
46 22 234
47 40 255
48 28 71
49 56 201
50 37 194
50 49 107
51 16 127
52 48 112
52 4 160
52 58 195
53 26 4
54 51 298
54 17 172
54 32 120
54 41 285
54 48 114
54 4 146
54 29 280
54 52 129
55 53 141
55 19 40
56 57 38
56 13 3
56 30 58
56 13 261
56 26 76
57 27 178
57 3 146
57 4 39
57 26 98
58 55 109
58 13 51
59 18 142
59 49 278
59 26 18
59 10 88
59 53 31
59 49 58
59 22 10
59 48 163
-1
180
0 55 13
0 23 220
0 54 99
0 12 222
1 16 172
2 13 78
2 27 128
2 2 228
2 56 141
2 17 177
3 54 11
3 29 220
3 54 165
3 48 136
3 7 64
4 58 142
4 10 256
4 49 85
4 56 56
4 54 230
5 56 273
5 1 149
5 29 294
5 1 54
6 31 155
6 59 257
8 56 199
8 40 162
9 52 274
9 48 166
10 2 134
10 54 157
10 57 231
10 15 259
11 15 237
11 25 89
11 10 15
11 54 16
12 12 237
12 39 92
13 28 185
13 30 100
14 8 270
14 15 113
14 16 299
16 4 294
16 22 65
17 28 241
17 6 194
17 21 50
18 59 121
20 9 32
20 9 208
21 11 192
21 11 142
21 17 15
21 15 158
22 27 273
22 11 11
23 2 209
23 34 200
23 24 245
23 38 253
23 32 57
24 14 155
24 54 25
24 9 200
24 56 243
24 39 116
25 38 106
25 28 187
25 49 146
27 43 128
27 1 177
28 30 222
28 54 180
28 57 286
28 46 8
29 55 102
31 59 108
31 35 288
31 25 171
32 44 9
32 18 211
32 39 198
33 3 25
33 46 172
33 52 178
34 22 208
34 27 287
34 55 260
35 29 273
35 26 37
36 11 237
36 51 260
37 58 100
37 50 71
37 50 230
37 35 97
37 55 206
38 14 13
39 23 107
39 38 270
40 49 212
41 25 236
41 49 148
41 49 46
41 20 283
42 37 19
42 35 257
43 31 101
43 42 266
44 31 107
44 40 64
44 22 198
45 13 209
45 41 89
46 6 104
46 51 244
46 21 298
46 34 295
47 54 50
48 41 89
48 44 54
48 14 297
49 27 267
49 35 103
49 59 221
50 22 24
51 7 135
51 15 208
51 5 289
51 33 19
52 9 99
52 11 138
52 1 47
53 10 125
53 38 206
53 30 253
53 44 297
54 29 119
54 25 149
55 52 53
55 38 148
55 8 70
55 38 183
56 21 285
57 2 195
57 6 154
57 32 125
57 57 70
57 34 247
57 28 222
57 49 19
58 51 101
58 11 193
58 52 71
59 37 245
59 50 216
59 42 153
-1
180
0 22 123
0 35 190
1 35 24
1 14 32
3 26 222
3 5 297
4 21 132
4 57 109
4 13 292
4 40 117
5 21 172
5 19 8
6 32 43
6 59 102
6 20 221
7 7 125
7 19 288
7 59 241
7 18 75
7 43 112
7 7 162
7 24 175
8 51 106
8 56 71
8 27 63
9 11 183
10 12 150
10 49 160
11 27 263
12 38 211
12 28 109
12 29 74
12 46 198
13 1 298
13 43 59
14 31 108
14 23 208
15 15 215
16 53 172
16 46 197
16 12 132
17 35 231
17 21 186
17 33 102
17 59 197
18 31 291
18 5 239
19 36 78
19 33 117
20 35 32
20 43 165
20 22 20
20 31 219
20 10 143
21 30 124
21 1 158
22 43 81
22 11 183
23 1 76
23 57 145
23 48 17
23 25 275
23 43 59
24 56 77
24 19 204
24 53 158
24 53 280
24 33 282
24 12 285
24 26 159
25 23 216
26 19 211
26 49 40
26 26 72
26 11 165
27 20 20
27 55 88
27 26 132
28 46 115
28 31 171
28 30 8
28 23 189
28 42 143
29 29 186
30 41 73
30 39 247
30 51 95
30 57 153
30 44 69
30 13 138
31 33 192
32 36 214
32 51 103
33 39 145
33 32 75
33 31 276
33 9 285
33 59 297
34 34 271
35 5 129
36 4 138
36 42 127
36 0 278
36 54 10
37 34 3
38 53 110
38 29 121
38 30 90
38 26 113
39 44 176
39 21 44
40 7 103
40 17 80
40 40 215
41 50 161
41 2 235
41 19 67
41 56 90
41 41 79
42 19 180
42 32 238
42 45 241
42 2 100
43 10 243
43 26 114
44 13 228
44 11 158
44 51 83
44 29 252
45 14 197
45 45 35
45 23 278
45 54 46
45 44 279
46 56 133
46 25 224
47 20 59
47 18 125
47 40 258
47 1 122
47 47 225
48 28 156
48 44 181
49 9 73
49 24 43
50 39 89
51 26 268
52 15 192
52 38 283
52 30 66
52 42 281
53 24 272
54 17 69
54 39 53
54 0 70
54 50 223
55 56 296
56 9 117
56 42 131
56 34 232
56 57 261
56 39 195
57 37 179
57 22 21
57 45 47
57 48 1
58 27 197
58 17 166
58 48 39
59 17 119
-1
180
0 44 78
0 15 58
0 5 256
0 27 106
0 59 149
1 16 190
1 32 253
1 40 288
1 32 166
1 44 44
2 41 63
2 29 40
3 27 109
3 19 276
4 17 32
4 13 200
4 59 190
4 27 170
5 26 17
5 5 150
5 10 115
5 18 32
6 53 273
7 20 281
7 41 39
9 29 125
9 2 103
9 4 286
10 55 112
10 15 207
10 12 96
10 20 247
11 1 66
11 43 284
11 0 0
11 55 41
11 27 189
12 20 11
12 47 208
12 24 292
12 19 214
12 38 226
12 56 81
13 47 93
13 24 83
13 54 76
14 43 149
16 33 282
16 54 127
16 59 9
17 47 193
17 8 166
17 34 110
18 44 110
18 34 102
18 12 178
19 29 243
19 14 162
19 5 87
20 10 209
20 57 116
20 39 182
21 9 162
21 7 97
22 27 1
22 43 233
22 52 67
23 34 292
23 55 273
23 15 156
23 59 144
24 22 158
24 1 180
24 38 148
24 50 80
24 57 281
25 45 170
26 35 129
27 28 217
27 46 28
28 45 126
28 1 284
29 53 250
29 43 251
30 21 73
31 24 104
31 47 145
31 31 217
31 27 105
31 4 50
31 43 7
31 19 110
31 34 70
32 41 191
33 35 144
34 36 186
34 27 172
34 56 243
34 24 236
34 37 131
35 38 214
35 26 127
36 35 168
36 52 257
36 34 46
37 41 55
37 29 230
37 59 188
37 11 98
37 6 249
37 23 182
39 7 227
39 23 162
39 13 119
39 36 146
39 25 62
39 42 167
39 3 61
39 54 279
40 36 207
40 36 136
41 25 200
41 32 296
41 29 95
41 46 82
41 28 61
42 43 231
43 48 271
43 4 227
43 26 102
43 19 278
44 7 144
44 42 297
45 22 117
45 17 148
45 10 266
46 52 237
46 29 113
46 49 152
47 34 105
47 54 75
47 52 114
47 2 186
48 52 247
48 33 36
48 47 75
49 49 7
49 10 29
50 55 29
51 19 153
51 50 42
51 21 134
51 52 199
51 14 192
52 34 96
52 53 274
52 8 204
53 10 86
54 10 268
54 8 140
54 7 45
55 49 35
55 10 104
55 22 160
55 59 154
56 40 210
56 40 288
56 17 155
57 44 60
58 55 260
-1
180
0 32 186
0 1 5
1 14 170
1 42 19
1 56 45
1 58 290
2 25 226
3 58 137
3 8 176
4 31 48
4 21 164
4 3 183
5 48 230
5 46 197
5 43 155
5 50 123
6 27 197
7 35 169
7 9 125
7 57 228
8 38 257
8 25 116
8 35 24
9 10 232
9 43 277
10 2 31
10 20 131
10 2 88
10 56 160
10 33 81
10 44 284
11 44 217
11 24 93
12 29 26
13 58 61
13 39 37
13 41 59
14 24 89
14 56 183
14 35 183
15 25 245
15 49 174
15 46 104
16 22 195
16 34 101
17 35 239
17 10 227
17 16 52
17 46 80
17 32 251
17 36 172
18 20 49
18 32 235
18 30 82
18 2 179
19 36 145
19 14 229
20 41 189
20 48 258
20 34 31
20 51 53
22 11 283
23 48 292
23 9 11
24 44 194
25 46 229
25 48 61
25 1 62
25 35 280
26 25 102
26 45 237
26 43 136
27 58 137
27 47 149
28 1 273
28 1 43
28 5 212
28 22 224
28 36 111
28 1 215
28 48 299
28 22 142
28 0 285
29 55 116
29 16 27
29 45 163
30 57 278
30 14 38
31 28 206
31 51 14
31 54 257
31 25 53
32 51 33
33 31 87
33 10 247
33 44 96
34 34 196
34 1 237
34 19 274
35 35 195
35 55 54
35 7 225
35 24 271
36 31 95
36 42 148
36 36 55
36 5 231
37 17 295
37 1 39
38 47 0
38 28 91
38 28 270
38 8 119
38 24 189
39 16 277
39 57 156
39 32 15
39 57 120
39 47 249
40 0 126
41 34 59
42 28 283
42 53 210
43 46 55
43 36 191
43 44 162
43 6 99
43 38 162
43 38 18
44 23 90
44 9 115
44 41 116
45 25 292
45 32 129
45 43 246
46 44 288
46 1 263
47 28 210
47 51 134
47 19 82
47 48 9
47 5 12
47 37 181
48 53 107
48 31 58
48 38 101
48 54 23
49 25 7
49 8 145
50 8 128
50 53 56
51 1 207
51 13 124
51 54 31
52 20 79
53 30 83
53 41 205
53 8 199
54 41 92
54 33 129
54 19 235
54 49 265
54 5 210
54 15 162
54 54 230
55 56 289
55 11 205
55 46 237
55 21 6
56 23 0
56 50 116
56 30 185
57 53 223
57 4 185
57 14 8
57 53 0
58 7 28
58 12 39
58 39 210
59 9 75
-1
180
0 50 269
1 54 157
1 35 203
2 24 110
2 51 40
2 8 36
3 49 105
3 52 135
3 54 6
3 35 154
4 46 11
4 4 170
4 8 272
4 3 8
5 57 7
5 44 87
5 47 245
6 39 38
6 34 55
6 17 153
6 23 231
6 19 197
6 30 120
6 19 21
7 25 184
7 44 280
8 0 18
8 37 81
8 17 90
9 4 253
9 1 257
10 0 2
10 58 19
10 19 27
11 57 276
11 47 249
11 29 205
12 19 150
12 26 60
12 41 175
12 20 209
12 51 133
12 2 251
13 21 125
13 58 24
14 26 231
15 22 241
15 16 105
15 45 189
15 57 92
16 40 136
16 26 206
16 16 274
16 15 92
17 10 271
17 36 167
17 24 227
17 19 161
18 17 201
18 15 129
18 59 187
19 9 53
19 40 50
19 33 87
19 0 208
19 41 89
19 22 212
20 38 9
20 45 271
20 11 186
20 32 267
20 40 174
21 56 166
21 46 65
21 32 137
22 18 237
22 4 187
22 36 131
23 32 285
23 14 145
23 54 72
23 17 88
24 14 20
24 47 139
24 44 134
24 57 76
25 22 295
25 49 166
25 36 147
25 21 244
26 2 138
26 20 228
26 26 199
26 45 265
26 25 224
27 46 107
27 19 115
28 58 179
28 22 111
28 57 176
29 13 71
29 28 119
29 46 257
29 17 0
29 44 124
29 13 26
29 22 265
30 25 261
31 33 57
32 38 206
34 2 73
34 40 90
34 19 144
35 0 176
35 44 219
36 56 34
36 21 46
36 54 182
37 51 61
37 21 84
38 41 250
38 25 91
38 41 69
38 57 166
38 38 9
39 41 129
40 18 83
41 2 131
42 1 74
42 12 202
43 58 144
43 54 294
43 59 253
44 17 120
44 10 107
45 54 91
45 58 77
45 42 252
45 22 168
46 50 148
47 49 7
47 10 225
47 59 235
47 55 221
47 51 63
47 43 147
48 45 154
48 58 267
48 45 119
48 20 285
49 30 233
49 9 275
51 12 246
52 6 189
52 16 271
53 15 138
53 25 174
53 21 149
54 33 0
54 39 42
54 48 93
55 43 134
55 29 164
55 7 140
55 2 12
56 31 16
56 37 214
56 19 127
56 25 199
57 6 280
57 46 136
57 23 56
57 29 99
57 40 223
58 6 89
59 56 28
59 32 95
59 49 41
59 4 140
59 0 146
-1
180
0 48 10
0 28 144
0 48 10
1 25 177
1 7 154
1 39 22
1 4 44
1 36 287
1 44 215
2 53 128
3 38 234
3 29 18
4 22 6
4 19 285
5 13 1
5 28 172
6 59 0
6 28 17
6 31 109
7 40 198
7 43 131
7 24 94
7 59 223
7 39 283
8 38 11
9 0 146
9 31 133
9 26 243
10 34 84
10 35 171
10 12 20
10 46 141
11 17 177
11 43 238
11 9 170
12 48 72
12 5 212
12 47 48
12 26 79
13 49 79
13 21 177
13 16 196
13 28 16
14 5 296
15 6 238
15 18 167
15 11 183
15 6 194
15 40 99
15 48 59
15 23 237
15 17 293
16 53 56
16 24 123
16 42 60
17 19 271
18 39 72
18 55 275
18 46 51
18 23 9
18 14 18
19 27 131
20 9 267
20 14 250
20 29 157
20 49 187
20 33 271
21 46 84
21 6 276
21 11 258
21 57 291
21 18 196
21 0 115
21 13 162
22 37 29
23 48 272
23 6 176
23 25 246
24 58 143
24 24 233
24 48 257
24 40 165
24 52 279
24 8 155
24 4 247
24 0 28
26 9 96
27 57 169
27 4 63
28 59 290
28 32 76
28 36 33
29 44 18
30 13 207
30 56 173
30 47 275
31 12 182
32 43 36
32 23 64
32 8 109
32 36 219
32 2 219
34 28 109
34 38 146
34 19 150
34 50 36
35 42 245
35 28 22
36 5 296
36 39 262
36 23 29
36 50 6
36 3 267
37 33 155
37 24 162
37 41 252
37 44 49
38 50 128
38 45 209
38 42 123
38 11 2
39 11 250
40 59 193
40 31 118
40 4 157
40 54 172
41 12 268
41 25 58
41 33 130
43 25 81
43 1 4
43 40 23
43 34 190
43 39 233
43 3 138
43 11 14
44 27 182
45 20 205
45 54 100
46 2 286
46 6 112
46 53 70
46 24 277
46 6 277
47 30 195
47 32 0
47 6 188
47 42 83
47 57 18
47 58 48
48 50 265
48 0 207
48 1 34
48 45 107
49 56 36
49 37 86
49 37 0
49 25 229
50 52 129
50 28 246
51 44 190
51 6 92
51 34 76
51 58 37
51 54 161
52 51 2
52 50 158
52 25 138
52 30 199
52 47 273
53 35 220
53 47 242
54 27 38
54 51 185
54 42 4
55 16 12
55 1 36
56 59 15
56 19 236
56 18 171
56 51 232
57 54 72
57 34 163
58 50 107
58 20 83
58 48 41
58 52 235
59 4 214
59 57 210
59 52 31
-1
180
0 14 286
0 6 291
0 46 195
0 8 28
0 30 198
1 11 95
2 27 57
2 34 276
2 21 263
2 22 12
2 35 67
3 48 272
4 37 106
4 15 106
4 39 215
5 56 206
5 56 271
5 54 186
5 30 64
5 13 148
5 47 168
6 44 23
6 56 284
6 14 299
6 50 64
7 28 104
7 50 278
7 23 62
7 58 225
8 1 241
8 43 221
8 5 246
9 19 289
9 22 294
10 14 220
10 41 150
11 30 148
11 33 230
11 53 53
11 49 272
12 21 221
12 18 161
12 13 39
12 39 90
12 42 186
12 13 109
13 46 85
13 41 241
14 15 98
14 51 2
14 5 249
14 9 33
14 42 244
15 6 291
15 25 23
15 11 18
16 26 153
16 30 146
16 42 55
16 32 2
17 58 248
17 19 99
17 55 71
17 14 31
18 20 263
18 8 223
19 34 27
19 12 207
20 14 185
20 16 203
20 57 57
20 49 90
20 9 140
20 19 196
21 25 30
22 39 109
23 39 222
23 43 233
23 9 81
24 35 32
24 22 168
24 54 111
25 32 242
25 40 290
25 26 89
26 53 116
27 51 200
27 3 136
28 2 90
28 53 112
29 17 155
29 32 206
29 48 228
29 48 74
29 38 255
29 35 52
30 39 42
30 35 42
31 49 204
32 0 3
32 0 17
32 10 143
32 8 237
32 44 145
32 14 264
33 17 174
33 38 289
34 24 3
34 9 207
34 38 101
34 58 46
34 1 130
34 32 97
35 50 279
35 1 123
36 28 195
36 6 287
36 49 152
37 54 124
37 28 259
37 36 93
37 20 254
37 23 194
38 25 274
38 36 23
39 52 206
39 24 105
40 1 106
40 3 207
41 35 58
42 13 249
42 11 148
42 54 238
42 39 201
42 21 129
42 19 177
43 14 85
43 41 78
43 43 176
44 0 173
45 46 72
45 50 175
46 44 263
47 20 280
47 3 138
48 4 12
48 23 99
48 54 204
48 34 299
48 46 157
49 45 124
49 40 29
49 3 166
49 29 88
50 18 4
50 1 59
50 24 238
50 40 5
51 59 226
51 17 128
51 14 95
51 17 9
52 28 237
53 41 148
53 12 95
53 28 175
54 30 55
54 54 128
55 28 98
55 12 135
55 48 219
55 5 39
55 58 204
56 45 88
56 37 104
56 14 290
56 1 148
56 1 14
56 54 64
56 25 178
57 28 172
57 5 234
58 20 52
58 22 186
58 32 27
58 11 63
59 28 130
59 56 80
59 23 24
59 26 197
-1
-2
