210
-1
210
-1
210
3 5 262
8 21 47
11 62 242
16 11 33
19 18 198
33 51 21
34 1 142
39 48 45
42 1 35
49 43 123
-1
210
4 14 24
12 52 237
14 35 18
18 61 153
30 28 147
31 6 228
32 57 55
35 49 10
36 9 146
62 18 204
-1
210
2 40 260
3 11 287
6 11 223
18 50 295
19 47 284
23 34 78
24 3 234
25 66 71
25 44 73
25 17 92
37 60 214
38 41 69
38 3 94
47 12 191
48 34 4
52 20 48
55 6 92
59 33 267
60 43 38
68 34 87
-1
210
0 65 41
4 40 149
6 22 132
9 25 191
11 62 151
14 39 36
15 5 185
19 8 182
25 29 34
30 23 68
34 44 2
39 15 8
49 4 97
49 63 147
53 10 198
55 37 20
56 51 100
64 3 69
65 40 36
69 66 32
-1
210
1 65 54
6 30 207
7 26 286
12 31 131
12 40 72
13 53 221
24 44 176
25 23 72
26 34 281
26 41 116
27 13 1
33 62 107
34 21 15
35 48 268
35 31 134
38 26 250
42 35 54
43 37 253
46 33 151
47 31 169
49 26 297
49 57 65
53 38 212
58 9 290
62 63 15
63 66 73
64 43 212
66 41 191
68 32 34
69 58 56
-1
210
0 35 49
4 64 30
5 40 265
7 32 119
9 26 74
9 53 72
15 60 143
16 24 247
25 37 113
32 66 198
34 20 157
36 50 222
39 60 93
39 40 286
43 17 38
45 31 254
46 41 25
51 23 250
54 63 222
54 20 49
55 42 171
58 43 49
59 11 206
59 64 231
61 22 73
62 18 166
62 19 150
62 62 179
65 47 19
67 64 211
-1
210
1 68 231
4 19 96
5 58 57
8 12 15
9 49 295
10 52 20
12 27 35
12 52 185
12 62 181
16 57 259
18 23 278
18 8 221
18 28 160
19 6 78
21 12 180
21 66 2
22 25 299
25 51 145
25 69 30
25 56 130
35 52 156
35 55 25
35 65 106
36 5 173
37 29 271
41 31 34
42 9 130
49 48 200
51 0 194
52 33 58
57 27 83
59 8 267
60 64 201
61 69 166
61 33 144
61 17 27
62 59 14
63 67 181
63 47 251
69 43 245
-1
210
7 10 293
12 24 39
12 61 261
16 29 164
17 19 233
18 49 119
18 33 33
23 33 240
25 41 155
26 55 48
27 39 209
28 6 244
29 41 121
29 5 115
30 35 31
31 23 78
31 29 258
32 21 23
32 30 190
33 25 75
34 36 244
40 63 57
41 30 162
41 63 130
42 36 292
44 18 180
47 54 190
53 7 236
54 48 80
57 56 46
58 11 136
59 46 39
60 10 295
61 25 221
61 57 100
62 22 282
66 51 54
66 67 187
68 67 176
69 14 265
-1
210
2 46 25
2 16 79
3 61 64
4 41 243
4 25 39
7 53 68
10 10 297
10 55 266
11 57 110
17 20 228
17 33 277
18 52 205
18 45 33
20 14 212
22 30 266
23 65 284
23 26 54
26 59 26
26 36 226
27 25 287
28 32 125
28 53 86
29 19 77
30 14 46
30 39 68
31 40 112
32 4 245
36 37 132
37 49 211
38 24 229
40 66 197
40 4 2
40 53 19
42 28 47
43 13 137
43 65 230
48 45 114
49 29 73
52 49 48
52 22 216
53 37 184
55 43 47
55 44 110
56 51 276
57 51 64
57 53 136
58 64 288
60 60 208
61 60 97
66 38 159
-1
210
1 22 211
2 38 182
3 40 286
4 38 223
5 43 183
5 59 80
5 58 173
7 15 247
13 22 261
15 38 44
15 43 134
18 2 57
19 62 229
22 66 157
24 47 217
25 13 30
26 62 204
28 58 43
28 25 128
29 17 68
30 15 209
31 22 257
35 34 116
35 42 140
35 0 75
36 69 131
38 5 184
39 18 173
40 52 12
40 39 276
42 59 46
44 18 226
47 56 211
47 42 280
47 26 217
48 12 181
50 52 73
56 58 16
56 23 50
59 4 19
61 36 266
61 28 293
62 43 291
63 14 129
63 35 38
65 11 137
66 37 87
66 41 20
67 14 68
67 39 196
-1
210
0 41 27
1 46 152
2 53 186
3 50 49
4 59 186
10 12 40
13 8 230
13 16 193
14 1 71
15 42 188
16 19 295
18 8 252
19 25 246
19 55 31
20 2 97
20 49 141
21 19 280
22 32 122
22 45 53
24 44 88
25 67 170
29 12 0
33 31 235
33 48 249
34 24 83
34 4 214
34 33 286
34 39 277
34 65 52
35 9 71
35 55 152
36 28 118
39 17 104
40 39 44
40 50 265
40 10 228
42 54 61
43 59 225
45 62 48
45 47 42
50 32 37
55 12 82
55 43 154
56 16 109
57 36 116
59 41 215
59 33 152
61 19 71
62 1 245
62 57 157
63 19 257
66 6 135
66 46 35
68 60 92
68 63 39
68 50 226
68 61 174
69 38 10
69 26 219
69 15 219
-1
210
0 56 155
1 64 174
3 60 69
4 52 138
4 25 20
5 45 53
8 28 295
8 55 290
9 63 250
11 11 161
13 67 110
17 28 287
17 40 8
20 67 136
21 38 236
22 41 138
22 5 186
23 11 274
24 24 104
25 67 39
26 2 184
29 10 138
29 35 67
29 21 34
30 19 195
31 0 17
31 31 205
31 24 270
32 7 272
34 45 217
35 23 88
37 42 80
41 24 68
43 67 32
43 12 248
44 0 255
45 53 131
48 13 203
48 53 279
48 39 10
49 5 117
50 42 3
50 45 31
50 6 135
51 36 285
53 69 33
55 2 284
58 13 73
59 49 196
59 62 46
61 21 78
62 0 99
63 38 14
64 51 102
65 8 95
65 49 138
66 29 63
66 5 157
66 3 103
67 7 262
-1
210
0 32 79
1 4 7
1 16 175
2 62 45
2 59 178
3 14 83
4 48 191
5 67 149
7 4 270
7 59 185
7 18 237
8 42 21
10 59 22
11 59 159
12 32 237
12 41 32
12 63 63
13 61 242
14 8 298
15 19 218
16 66 199
18 36 122
19 50 56
21 37 255
21 40 42
24 22 79
25 52 240
25 7 83
26 59 85
28 26 140
29 40 114
32 48 121
34 5 12
35 48 56
35 62 278
38 45 215
39 50 222
40 50 144
40 61 266
40 30 246
42 37 234
42 48 279
43 69 241
46 66 234
49 48 245
49 53 94
50 48 276
50 53 175
51 33 122
52 58 120
55 56 280
57 7 60
57 21 11
58 17 84
58 27 124
60 47 280
61 49 178
61 16 191
61 54 294
62 2 145
63 17 62
64 1 93
64 54 147
64 65 215
64 19 187
65 35 121
66 18 44
67 42 128
68 33 110
69 20 264
-1
210
0 25 227
1 54 147
2 4 264
3 14 214
3 51 202
3 0 7
6 26 168
7 34 102
9 47 297
11 21 142
13 55 29
14 61 217
14 24 84
15 34 9
16 19 204
16 12 287
17 59 5
18 64 218
19 8 167
19 2 111
23 12 249
24 57 138
25 36 249
26 32 118
26 22 196
28 57 194
28 32 138
28 24 101
29 18 40
30 9 295
30 3 27
34 50 99
38 64 182
38 57 110
39 1 243
39 53 77
40 4 5
40 27 94
41 18 45
43 35 188
44 63 177
45 53 251
45 39 89
45 43 143
46 33 22
46 17 41
46 42 204
48 29 20
48 3 108
48 6 29
51 43 215
51 56 194
51 26 297
52 7 178
52 10 128
53 64 204
55 36 285
55 18 227
56 20 90
56 37 213
59 33 243
59 60 190
59 19 149
62 25 249
63 66 85
64 5 188
66 51 172
67 62 171
69 8 212
69 54 122
-1
210
0 61 233
1 53 81
2 12 103
3 37 241
7 40 55
8 6 77
8 34 211
9 9 54
9 2 124
10 52 298
10 57 171
10 17 264
11 22 234
13 5 194
13 50 254
14 6 287
15 52 283
16 19 140
17 53 192
18 6 27
18 64 140
19 22 186
19 57 27
20 8 15
21 50 59
21 32 65
22 54 248
24 63 299
25 9 78
25 55 96
26 45 115
26 60 284
26 56 219
29 55 125
30 13 214
32 11 244
32 39 286
32 6 261
34 66 10
35 19 162
36 55 182
36 40 21
36 5 106
37 12 173
37 42 245
38 67 228
38 4 212
38 11 19
40 32 106
40 14 73
40 15 88
40 14 70
41 18 274
43 5 227
43 18 12
45 24 151
45 62 155
46 33 21
48 60 250
49 2 68
50 8 280
50 16 227
50 51 114
52 62 98
53 62 152
53 65 62
54 49 137
56 48 103
57 36 76
57 36 242
58 54 141
59 35 25
59 2 110
60 3 94
61 0 3
64 68 273
66 55 157
66 33 288
69 34 194
69 61 167
-1
210
0 16 0
0 36 140
0 51 78
2 7 176
2 7 265
2 58 201
3 57 72
4 53 210
5 3 160
5 60 112
6 52 72
7 10 264
8 56 54
8 37 13
8 63 152
10 34 31
11 17 184
12 1 128
12 61 287
13 50 289
13 33 174
14 52 93
14 53 149
15 24 158
15 43 125
16 12 136
16 9 248
18 28 177
18 40 99
18 30 128
21 10 12
24 10 62
24 27 29
24 39 191
25 68 258
25 43 207
29 46 204
33 5 10
35 24 218
35 8 164
35 61 281
36 52 105
36 1 64
39 67 108
40 0 253
40 22 247
41 15 33
41 51 204
41 48 96
42 41 232
44 44 97
44 34 284
44 7 141
45 27 44
46 61 240
47 38 59
47 12 269
47 56 143
47 1 84
49 65 73
49 0 212
51 69 143
51 20 209
51 14 147
51 51 243
56 25 249
56 33 98
57 37 80
58 16 95
58 62 134
59 2 171
60 66 66
60 53 213
62 43 126
62 23 119
65 21 264
66 16 295
67 16 294
67 55 252
68 37 47
-1
210
1 29 230
2 37 138
3 64 260
4 54 33
5 41 262
6 67 276
6 66 150
7 20 7
7 56 88
8 60 298
9 7 151
10 63 126
11 30 61
11 1 219
12 63 95
12 62 294
13 64 6
13 47 2
15 51 225
15 12 4
15 36 99
15 53 2
16 18 109
19 24 30
22 10 196
22 61 190
24 0 228
25 33 183
25 33 109
27 58 150
28 25 171
29 14 116
32 14 93
32 61 70
32 0 3
33 27 288
33 57 172
33 49 153
34 0 77
35 36 78
35 43 90
35 46 194
36 0 258
37 2 75
37 34 162
38 45 66
40 33 37
40 31 129
41 3 116
41 57 76
42 18 280
42 64 145
43 26 147
43 60 87
44 64 33
46 25 53
46 9 237
46 31 187
47 23 150
47 44 92
47 42 49
47 41 238
48 56 229
48 12 108
49 41 170
50 3 22
51 47 125
51 0 49
51 64 86
52 44 9
52 64 272
54 9 150
54 44 56
55 50 189
56 55 54
57 13 205
58 32 16
59 42 82
60 57 68
60 52 255
60 34 172
60 46 249
60 55 247
61 36 113
62 2 285
62 67 47
64 68 124
67 67 115
68 34 38
69 42 265
-1
210
0 50 211
0 0 285
0 18 123
1 31 101
2 49 231
4 51 68
4 22 141
5 12 149
5 66 242
6 2 275
7 14 230
11 21 25
12 33 139
13 2 285
13 47 292
14 51 67
14 41 69
15 68 129
15 57 14
16 19 148
16 9 133
17 9 50
17 59 33
18 56 149
19 65 131
20 16 297
21 45 15
22 11 190
22 54 51
23 36 179
23 41 152
24 10 224
25 41 98
25 1 128
26 49 93
27 42 268
28 18 271
29 30 80
29 68 97
30 9 60
32 6 61
32 51 240
32 43 236
32 39 264
33 16 225
33 4 277
34 61 287
35 64 10
35 54 280
36 61 14
37 29 213
38 57 55
39 19 71
41 34 202
42 17 281
43 21 255
44 44 79
45 31 158
46 6 73
48 11 28
49 17 115
49 22 9
49 54 154
49 40 218
50 29 5
51 58 45
52 19 125
52 5 199
53 22 169
54 35 160
55 29 235
55 12 77
55 62 103
57 1 204
57 62 54
61 64 197
61 33 22
62 16 297
62 52 205
62 68 296
65 0 258
66 40 135
67 52 186
67 42 253
67 42 237
68 52 224
69 24 232
69 63 104
69 62 197
69 62 254
-1
210
0 1 162
1 67 262
2 40 84
3 25 210
3 13 181
5 58 83
6 35 39
7 65 262
7 19 40
9 24 251
10 23 191
10 24 259
11 60 210
12 9 41
12 18 216
12 31 260
13 20 49
13 55 47
13 38 182
15 55 40
15 58 41
15 46 137
15 35 75
16 42 97
17 47 204
17 64 200
18 68 296
18 66 178
19 64 226
20 23 173
22 66 174
22 3 4
22 22 18
23 12 88
25 47 241
25 15 235
26 15 150
26 48 211
27 7 142
28 68 134
28 61 208
28 36 3
29 53 275
29 8 100
29 11 47
31 40 110
31 42 288
31 35 186
33 29 207
37 20 225
39 68 179
40 31 86
40 46 95
40 6 28
40 7 262
41 28 24
41 19 63
41 7 139
42 69 250
43 41 274
43 18 136
44 55 3
45 68 94
45 16 233
47 57 244
47 8 229
48 48 118
49 37 255
53 24 15
54 63 23
56 15 264
57 34 281
57 8 256
57 59 90
57 66 262
58 22 129
58 50 130
59 47 51
59 41 18
59 61 82
59 37 93
59 11 52
61 32 10
63 0 126
64 10 238
64 51 99
65 29 198
65 32 126
66 7 213
67 62 107
67 31 143
67 62 253
67 2 239
68 18 177
68 4 138
68 9 92
68 22 200
69 67 130
69 24 9
69 46 193
-1
210
0 37 91
0 58 40
1 67 151
1 16 49
2 19 49
2 21 85
4 69 85
5 56 24
6 22 187
6 16 32
7 69 210
8 48 140
9 37 89
9 46 197
9 20 121
10 60 7
10 50 104
10 18 64
12 45 287
14 27 146
15 60 143
16 14 3
16 59 81
19 60 76
19 2 197
19 20 40
19 6 73
21 69 78
21 61 224
22 53 185
23 49 147
25 50 244
27 55 168
28 6 97
29 42 140
29 62 83
29 60 148
29 34 22
30 57 233
30 24 26
30 31 50
31 2 237
31 4 114
32 32 186
32 6 114
33 4 28
33 66 72
34 3 94
35 62 129
36 48 239
37 50 225
39 44 250
39 9 122
41 47 190
41 42 293
42 13 33
45 7 214
46 6 221
46 46 68
46 57 270
46 66 153
47 15 166
48 36 254
48 3 272
49 17 163
49 69 184
51 25 110
51 25 153
52 0 111
52 35 149
53 63 28
54 40 225
55 68 195
55 66 15
56 63 185
57 4 228
59 45 263
59 16 199
60 12 70
60 51 253
60 25 60
60 59 132
60 48 238
61 29 2
61 43 274
61 10 58
63 36 175
64 26 292
64 14 225
64 47 94
64 0 25
64 21 264
64 50 194
65 6 1
65 24 23
66 5 239
66 24 173
66 3 136
67 36 97
69 27 21
-1
210
1 29 10
2 45 12
3 3 72
5 29 5
5 32 57
7 60 197
7 56 231
7 16 30
8 64 282
8 4 296
10 7 101
11 52 180
12 1 294
12 33 215
12 26 268
13 45 48
13 22 152
15 41 47
15 67 121
16 7 1
17 1 21
18 0 149
18 24 229
18 69 179
21 13 263
22 41 165
22 24 296
23 44 103
25 63 246
25 31 236
26 32 113
27 62 59
27 15 196
27 49 268
28 7 178
28 35 241
28 22 67
29 32 284
30 45 210
30 61 145
33 24 218
34 35 115
35 28 259
36 68 296
36 19 142
36 42 213
36 27 238
36 61 77
37 20 87
39 40 220
40 9 56
40 18 242
41 69 217
42 68 114
42 4 232
42 53 69
43 12 145
43 12 0
44 28 206
46 67 157
47 33 129
47 30 229
47 4 199
48 51 197
49 5 228
49 37 201
49 20 145
50 15 268
50 16 192
51 36 293
52 41 156
53 48 219
53 66 271
53 14 138
54 49 232
55 48 97
55 40 90
55 28 151
55 57 160
55 59 277
56 20 287
56 31 125
56 53 120
57 47 206
57 26 234
57 64 230
58 2 153
58 16 10
58 69 2
59 18 139
60 36 166
60 44 194
60 27 11
61 51 178
62 22 76
63 32 43
65 8 154
65 7 51
65 33 226
66 58 119
66 68 260
67 34 91
67 9 3
67 17 131
67 51 228
67 19 79
67 12 202
67 4 132
68 69 27
68 55 5
-1
210
0 63 113
2 48 257
3 16 20
3 32 73
3 18 43
4 46 135
4 23 98
5 45 225
5 40 70
5 66 133
6 34 34
6 43 5
8 46 29
9 51 229
9 69 56
10 58 187
10 30 173
10 46 141
10 18 269
12 10 207
12 16 100
12 5 139
12 13 78
13 64 206
14 2 98
14 2 261
15 16 84
15 24 233
16 9 2
16 51 38
17 14 27
18 56 75
18 48 134
18 10 171
19 34 204
20 4 232
20 46 296
21 9 89
21 57 29
23 24 199
23 67 78
25 28 84
26 15 104
26 49 136
27 60 146
29 61 23
29 36 150
30 7 103
30 41 172
31 40 256
31 23 194
33 12 36
33 54 281
33 29 221
34 68 249
34 51 162
34 13 284
34 17 167
36 24 282
36 49 272
37 29 237
38 47 22
39 8 186
40 3 244
41 31 41
41 33 193
41 67 124
42 23 114
42 39 290
43 17 57
44 55 240
45 20 15
45 58 140
45 32 136
47 21 164
47 5 115
49 13 218
50 15 94
50 34 274
51 57 25
51 69 10
52 31 187
52 42 222
52 28 94
52 39 261
54 26 137
54 68 252
55 18 280
57 37 129
59 29 240
59 26 119
60 13 89
61 30 291
61 7 169
61 55 199
62 28 4
62 28 207
62 8 250
64 33 161
64 59 212
64 0 46
65 65 152
65 67 169
65 43 180
66 25 48
67 28 111
67 67 234
67 48 230
68 16 44
68 45 249
-1
210
0 22 245
1 66 213
1 46 293
1 4 93
2 48 127
2 68 284
2 58 271
4 68 33
4 39 44
5 9 178
5 20 192
5 66 197
6 54 204
6 40 86
9 40 173
9 65 63
9 14 287
11 63 297
11 66 70
11 21 278
12 0 65
13 18 63
13 43 249
13 42 186
14 14 24
14 38 39
15 20 3
15 36 246
16 9 116
17 8 283
18 15 249
18 52 22
18 45 128
18 11 163
19 60 31
21 14 4
21 2 52
22 5 75
22 50 202
24 6 125
24 41 243
25 54 179
26 37 199
27 25 158
27 48 212
28 9 299
29 44 70
30 63 287
30 39 15
32 59 92
32 55 35
32 28 177
33 28 24
33 63 210
35 3 145
36 0 83
37 47 44
38 20 56
39 46 247
41 14 219
42 46 52
42 52 31
42 3 132
43 51 11
43 14 4
44 5 193
44 48 120
45 24 29
45 56 40
45 9 40
46 38 265
47 18 67
47 48 190
48 19 34
48 60 15
49 14 105
49 55 211
50 21 224
50 7 69
51 54 208
51 29 113
52 1 22
52 12 41
53 35 48
54 55 122
54 52 195
54 59 236
54 54 192
55 11 45
55 43 22
55 62 264
55 32 54
55 28 18
57 39 280
57 24 79
59 27 22
59 25 272
59 35 52
60 12 188
61 29 261
61 61 23
61 57 152
61 54 68
62 53 9
62 38 168
62 32 274
64 69 111
64 56 39
64 68 249
65 46 251
65 24 55
66 37 149
66 32 41
66 37 167
67 63 171
67 33 26
67 39 194
68 14 62
68 20 41
68 12 159
-1
210
0 54 265
0 48 7
1 23 284
1 29 38
1 44 30
2 20 86
2 36 137
3 35 215
4 46 97
5 50 227
5 60 293
5 7 193
5 24 168
6 2 54
7 37 25
7 58 157
9 27 184
9 26 210
10 41 129
10 41 121
11 9 197
12 54 41
12 18 118
12 0 17
12 36 151
14 37 101
14 45 205
15 2 195
16 9 50
17 9 153
18 11 191
19 60 88
20 28 154
20 38 144
22 6 45
24 46 179
24 32 101
25 44 44
26 65 151
26 18 241
26 49 49
28 17 229
28 14 223
28 55 125
28 12 228
29 42 269
29 68 61
31 24 157
31 12 278
31 0 123
31 67 229
31 6 107
32 48 62
32 33 148
34 59 140
34 4 94
34 5 224
34 28 49
35 41 171
36 6 69
36 31 104
37 17 137
37 25 216
37 39 108
39 7 18
40 67 272
40 1 286
41 52 19
41 16 35
41 33 199
41 56 128
41 41 166
42 42 285
42 63 127
44 33 273
45 51 252
46 63 29
47 38 111
47 27 54
48 39 158
49 3 47
49 25 99
50 63 94
50 60 163
50 7 83
51 35 180
53 58 78
53 19 292
53 7 61
54 6 77
54 19 135
55 32 91
56 13 293
56 64 107
56 47 25
56 3 36
57 21 7
57 17 180
57 43 284
57 35 236
57 44 226
59 52 169
59 57 133
59 47 178
59 26 115
59 57 165
59 9 298
62 10 99
62 17 45
64 3 240
65 57 29
65 54 119
65 65 152
66 66 9
67 67 283
68 6 224
68 39 177
69 54 12
69 69 192
69 55 27
-1
210
0 10 146
0 32 27
0 60 202
0 18 268
1 57 197
1 26 19
1 28 137
1 22 15
2 26 206
2 55 227
3 63 219
3 53 168
3 10 208
4 48 215
5 3 207
5 5 18
6 16 36
7 16 55
7 57 201
8 8 139
9 2 127
9 16 291
9 47 253
10 52 16
11 61 156
12 64 52
12 65 218
13 59 166
14 45 185
14 54 194
15 29 216
15 9 276
16 41 87
16 52 265
17 65 32
17 45 214
17 28 12
18 57 266
19 21 43
19 55 121
20 47 71
20 68 66
20 43 209
20 57 197
21 48 131
21 12 64
22 5 33
24 68 1
25 52 153
25 50 44
25 46 190
26 18 228
26 42 171
27 45 94
27 34 69
28 19 3
29 14 232
29 57 195
29 47 1
30 1 245
31 53 212
31 32 4
31 29 104
31 11 84
32 29 285
32 39 175
35 25 297
35 60 28
36 66 287
36 19 96
36 35 219
36 46 14
37 41 186
38 23 60
38 31 266
38 35 8
38 3 233
38 23 104
39 9 82
41 33 230
43 26 173
44 8 272
45 33 205
45 8 283
45 67 124
45 61 243
45 21 239
47 29 176
47 65 282
48 37 268
48 1 277
49 10 58
50 63 135
52 29 276
53 22 193
53 55 46
53 64 41
53 56 149
54 29 32
55 0 237
55 46 87
56 4 296
56 63 273
57 20 287
57 17 260
57 2 98
58 9 10
58 65 113
58 60 5
58 20 76
59 21 219
59 44 271
59 29 283
60 0 34
60 22 285
62 48 45
62 30 259
63 66 2
63 64 144
63 22 74
64 51 214
65 18 222
65 55 36
65 58 253
66 16 199
67 12 50
67 4 82
68 23 97
68 15 166
69 64 220
-1
210
0 1 262
1 6 38
1 63 219
1 10 199
1 33 7
2 10 138
2 4 21
2 27 21
2 18 164
3 58 114
3 25 77
3 12 63
3 19 262
4 38 234
4 8 182
5 55 121
5 13 221
5 69 98
6 58 297
6 67 169
6 60 90
6 21 108
8 69 261
8 8 2
9 0 23
9 30 30
11 55 275
11 32 236
11 46 83
11 48 186
12 28 5
12 39 261
13 60 285
13 28 41
13 64 101
14 38 136
14 42 25
14 30 274
15 64 245
15 23 62
16 17 8
16 39 75
16 9 129
19 23 100
20 18 236
22 44 72
22 7 41
23 40 240
24 69 210
25 26 184
26 42 153
27 45 72
29 41 119
29 59 90
29 8 249
29 10 210
30 53 263
31 50 277
31 17 140
31 6 95
31 25 263
31 47 165
32 67 171
32 64 13
33 25 10
33 28 196
35 65 194
35 66 193
35 11 265
36 28 296
37 17 228
38 50 43
38 26 225
39 18 102
40 33 35
40 11 136
41 52 52
41 17 148
41 27 266
42 62 194
45 63 267
46 14 249
46 54 140
46 12 226
47 37 131
47 68 91
47 29 144
47 28 225
49 48 210
50 39 141
50 14 298
50 12 276
50 54 78
50 68 69
51 51 259
52 58 281
52 5 54
53 60 67
54 42 22
54 36 290
55 30 50
55 16 243
55 35 186
55 60 248
56 63 254
57 11 20
58 53 266
58 44 98
59 40 234
59 34 295
61 11 124
61 5 279
61 2 234
62 10 164
62 53 150
63 63 36
64 66 131
65 63 227
65 53 27
65 38 164
65 28 108
66 21 287
66 50 23
67 52 94
67 49 143
68 43 76
68 55 233
68 45 102
68 39 254
69 54 94
-1
210
0 68 168
0 21 153
1 47 221
1 65 138
2 59 61
3 8 114
4 60 212
6 55 21
6 49 95
6 10 101
7 24 291
9 59 240
10 56 204
11 30 252
11 59 51
11 22 72
12 33 102
12 13 241
12 9 94
12 54 19
13 3 260
13 63 13
14 31 269
15 54 67
15 21 292
15 38 202
15 37 166
16 68 143
17 2 204
17 22 160
18 22 128
18 36 271
19 54 174
19 69 120
20 37 125
20 43 179
20 62 26
21 39 103
21 11 120
22 67 226
22 59 143
22 34 215
23 50 10
24 16 167
24 17 118
25 48 3
25 22 44
27 27 191
27 67 5
27 24 228
28 5 270
28 40 218
28 40 85
29 23 182
30 32 80
32 18 229
32 1 95
34 3 58
34 32 221
34 28 50
34 69 79
35 60 205
36 25 277
36 0 6
37 2 40
37 17 156
37 0 29
37 8 9
37 12 75
38 50 280
38 2 99
38 22 216
38 24 196
38 61 43
38 35 233
39 44 230
39 47 115
39 48 79
39 44 107
40 54 221
40 22 292
40 6 131
40 29 50
40 45 185
41 5 197
41 38 125
41 5 295
41 7 72
42 55 210
42 25 157
43 20 82
45 37 72
45 68 222
46 35 216
46 54 19
47 10 273
47 46 185
47 15 124
48 59 284
49 22 27
50 41 165
51 26 47
52 51 221
52 22 279
53 25 65
54 24 251
54 60 220
54 38 23
54 5 282
55 14 18
55 56 145
56 24 55
56 22 96
56 30 247
56 58 113
56 39 246
57 16 117
57 5 25
58 38 286
59 25 191
60 54 81
60 17 5
61 8 57
61 46 48
62 26 216
62 53 220
62 64 254
63 41 89
63 32 122
63 38 41
64 57 145
64 35 60
66 33 157
66 58 277
66 62 269
67 43 34
68 52 156
68 28 200
69 0 104
69 28 247
-1
210
0 36 217
0 20 63
0 18 63
0 27 197
1 18 241
1 62 75
1 67 67
3 35 147
6 0 241
6 31 39
6 43 119
6 15 252
6 48 68
6 13 173
6 62 71
7 4 147
9 41 61
9 30 113
9 40 88
11 2 128
11 51 15
11 28 2
12 15 277
14 48 148
15 28 273
15 56 223
16 66 95
17 7 11
17 6 213
18 63 249
18 39 257
19 11 44
19 10 161
20 45 183
20 39 120
21 16 111
21 46 92
21 19 89
22 29 40
23 56 295
23 5 5
23 41 271
23 48 49
24 35 186
24 50 299
24 2 123
25 59 86
25 67 18
25 67 165
26 55 278
26 52 45
26 9 226
28 53 36
28 19 185
29 50 99
30 40 58
30 8 27
30 51 102
30 5 13
31 58 246
32 20 271
32 38 163
32 32 189
33 4 189
33 16 280
33 31 170
33 27 204
34 34 25
36 61 238
36 48 210
36 35 276
38 24 206
38 18 267
38 54 161
38 67 58
38 1 2
38 6 99
39 5 167
39 25 42
40 51 118
41 6 206
42 35 202
43 44 110
44 67 268
45 56 217
45 13 139
46 49 65
46 15 15
46 67 0
46 64 178
47 44 215
48 48 69
48 31 50
49 30 259
49 69 265
50 51 128
50 53 255
50 53 46
50 15 85
51 58 240
51 12 186
51 2 183
51 52 267
52 25 154
52 16 206
52 40 297
53 2 39
53 24 292
53 14 212
53 39 141
54 18 82
54 22 41
54 25 89
55 9 227
55 23 208
55 48 89
57 60 240
57 67 32
58 54 60
59 35 265
60 45 189
60 67 195
60 35 28
61 31 10
61 11 229
61 27 198
61 1 2
62 32 78
63 24 196
64 21 64
65 57 91
65 11 280
66 38 118
66 18 144
67 53 2
67 23 41
67 37 101
68 27 171
69 7 285
69 52 149
-1
210
0 32 100
1 48 53
1 42 13
2 19 41
2 60 225
3 7 10
3 1 51
3 21 102
3 6 85
3 43 42
4 25 178
4 23 203
5 55 147
5 11 252
5 6 59
6 23 124
6 17 293
6 18 150
6 59 223
7 68 81
7 65 89
7 17 294
7 53 160
7 52 151
8 55 2
8 48 231
8 17 241
8 37 127
8 67 290
9 44 143
9 3 56
9 30 48
10 14 177
11 28 296
12 8 112
12 46 119
12 40 60
12 38 10
13 39 253
13 58 116
13 61 261
15 65 292
16 15 162
17 68 120
18 58 73
18 3 40
18 51 293
18 51 67
19 33 281
21 29 13
21 52 92
23 18 278
23 26 93
24 38 96
25 22 52
25 15 153
26 1 225
26 51 297
26 54 159
27 48 115
28 46 217
28 67 61
28 34 97
28 26 135
29 48 2
30 44 174
30 14 38
30 15 11
31 51 240
31 36 184
32 52 265
33 42 47
34 63 71
34 65 143
34 68 277
35 36 131
35 4 198
35 3 96
36 44 241
36 66 72
36 28 92
37 8 202
37 17 202
37 67 194
38 58 296
39 16 207
39 67 139
40 46 228
41 36 71
41 52 165
41 3 114
41 35 261
41 44 41
43 35 166
44 28 153
44 60 241
44 41 178
45 10 238
45 61 78
46 30 274
46 58 256
46 37 111
47 31 145
48 18 257
48 33 261
48 6 203
48 35 2
49 2 148
49 40 59
50 40 89
51 45 8
51 63 88
51 23 266
52 27 31
53 1 23
53 25 224
53 35 203
53 57 148
54 12 218
54 53 142
54 32 201
54 36 20
56 8 235
56 25 95
57 54 240
58 12 199
60 4 127
61 36 196
62 65 171
62 0 68
62 1 134
63 41 126
63 49 205
63 69 178
64 61 36
64 11 82
64 55 129
64 30 1
64 29 8
65 68 112
65 19 213
65 8 43
65 39 228
65 65 292
66 50 178
67 59 268
68 66 280
68 7 269
69 7 142
69 17 180
-1
210
0 48 296
0 18 155
1 56 294
1 51 24
1 24 20
1 17 206
2 52 115
3 19 97
3 13 161
4 2 245
5 44 257
5 46 285
6 61 252
6 17 278
7 54 181
7 45 196
8 0 262
8 57 295
8 69 222
9 4 27
9 2 104
10 60 212
11 36 257
11 28 243
12 45 171
13 69 199
13 54 272
15 2 100
15 61 103
16 30 153
16 32 135
16 41 291
17 32 78
17 34 199
18 50 79
19 9 271
20 47 179
20 21 111
20 47 113
20 48 77
21 62 193
21 13 188
22 13 149
23 10 170
23 54 50
23 49 138
23 42 114
23 22 217
24 19 169
24 69 217
24 31 190
25 60 76
25 5 222
27 1 271
27 6 241
27 8 79
28 61 212
28 69 43
29 68 164
29 47 270
29 1 185
29 1 299
30 68 228
31 42 158
32 40 234
34 54 159
35 39 88
35 22 76
36 38 20
36 35 274
36 58 282
36 26 285
36 6 46
37 21 161
37 13 161
37 9 156
37 46 26
38 15 180
38 21 148
38 42 204
38 46 74
38 7 271
38 40 112
39 54 98
39 68 93
40 20 103
40 4 97
41 14 33
41 66 45
41 35 235
42 18 11
42 6 271
43 9 94
44 68 161
45 55 240
45 64 121
45 68 116
45 64 207
46 13 250
46 2 263
46 67 235
47 3 48
47 42 272
47 24 9
47 11 161
47 8 246
48 61 23
48 57 76
49 50 296
49 66 221
50 68 191
51 13 253
51 63 83
51 11 3
52 69 114
52 25 288
52 3 185
53 23 289
54 54 126
54 11 30
57 0 27
57 30 66
57 63 104
58 3 9
58 9 84
59 25 148
60 49 24
61 34 277
61 41 240
61 38 23
61 6 264
61 26 264
61 69 234
62 36 40
62 16 94
62 30 85
63 60 39
63 25 10
64 41 113
64 0 28
64 68 233
65 13 253
65 45 43
66 64 8
67 43 112
67 8 178
67 10 88
68 22 16
69 63 177
69 65 244
-1
210
0 28 126
0 51 296
1 18 76
1 28 122
1 43 266
1 54 52
2 32 226
3 41 273
3 66 190
3 20 12
4 63 143
4 40 281
4 53 19
5 6 41
6 51 171
6 1 56
6 42 124
8 4 154
8 56 254
8 20 297
8 58 193
9 47 100
10 34 155
10 33 136
10 49 67
11 44 217
11 11 18
11 15 113
12 47 261
12 54 138
12 26 195
12 50 43
13 65 263
13 5 10
13 16 46
13 69 129
14 9 118
15 42 66
15 3 188
16 45 170
16 47 205
19 40 101
19 43 90
19 7 62
20 27 37
21 20 255
21 49 153
22 17 176
22 26 123
23 25 298
23 39 251
23 43 9
24 19 237
24 62 111
25 0 243
25 4 152
25 51 223
26 43 22
26 53 47
27 9 151
27 68 137
27 27 176
27 40 247
28 36 107
28 6 143
29 22 74
30 24 77
30 31 281
30 52 264
30 27 214
31 28 55
31 19 52
31 68 246
34 37 83
34 38 52
34 30 294
34 36 189
35 46 51
36 32 43
36 30 251
36 66 16
36 17 295
37 14 222
37 64 128
37 50 46
38 44 137
39 64 3
39 23 160
39 65 76
39 27 297
40 56 2
42 2 279
42 3 55
42 68 119
42 13 276
42 5 12
43 48 242
43 51 171
43 32 221
44 23 252
44 58 259
44 61 251
46 1 162
46 10 233
46 62 124
47 45 166
47 8 213
47 29 120
48 5 25
48 16 152
48 2 54
48 60 294
48 43 157
49 50 278
49 57 14
50 27 237
50 40 181
50 9 261
50 35 264
51 22 26
51 55 292
53 2 249
53 20 12
53 21 90
54 46 91
54 6 71
54 21 179
55 0 295
55 9 117
55 4 75
56 7 221
56 21 204
56 43 93
56 29 91
56 27 172
57 67 37
57 38 126
57 21 171
57 44 24
58 16 211
58 26 235
58 35 259
58 44 241
59 28 33
59 35 297
59 15 297
59 1 127
59 17 227
62 22 223
63 50 202
64 12 196
64 22 239
65 30 99
66 23 198
67 64 138
67 53 184
68 44 227
69 51 101
69 2 130
69 50 241
-1
210
0 22 298
0 2 133
0 32 288
0 15 228
0 23 295
0 5 290
1 63 108
1 13 79
2 2 193
3 52 188
4 39 126
6 22 142
6 64 70
7 53 84
7 3 239
8 28 30
9 46 132
9 57 93
9 37 298
10 49 149
10 58 296
11 51 182
11 32 81
11 30 113
11 46 59
12 18 185
12 69 284
12 13 5
12 31 23
13 44 7
14 26 58
14 29 172
14 4 147
14 27 296
16 39 209
16 34 17
16 56 160
16 55 216
16 8 119
17 59 40
17 1 233
17 16 232
17 43 84
17 50 79
17 67 75
17 64 100
19 22 219
19 35 73
20 34 286
21 53 107
22 16 5
22 40 135
22 59 169
22 46 153
23 69 265
24 49 7
24 59 265
24 30 186
25 36 236
25 48 211
25 39 279
26 26 96
26 22 77
26 56 176
26 46 235
28 48 265
28 36 32
30 46 215
30 42 293
31 51 224
32 52 244
32 27 231
32 63 64
32 48 175
32 54 143
32 47 98
33 63 66
33 29 183
33 1 7
33 54 14
34 69 236
34 41 5
34 27 162
34 1 60
35 55 255
36 45 252
36 63 223
36 43 225
38 42 44
38 11 234
38 11 164
38 43 35
39 49 297
39 16 65
40 66 45
40 19 85
41 18 136
41 0 225
42 41 64
42 38 8
42 18 201
43 50 269
43 49 191
43 29 121
43 62 223
43 38 270
43 46 32
44 12 110
44 49 277
44 45 249
44 25 194
45 45 244
45 40 207
46 53 71
46 47 27
47 18 159
47 31 206
48 4 266
48 16 66
49 48 22
49 64 175
49 20 13
50 39 178
52 4 12
53 57 120
53 2 62
54 48 283
56 44 63
57 26 169
57 69 41
57 11 135
57 44 292
58 64 255
58 30 96
58 2 213
58 39 18
58 18 128
59 46 219
59 43 80
59 30 179
60 2 169
60 33 95
61 53 191
62 4 200
62 15 63
63 65 239
63 4 35
63 8 80
64 9 180
64 37 43
64 64 262
64 35 184
64 26 291
67 49 257
67 18 78
67 49 235
67 31 263
67 8 255
68 40 161
68 47 183
-1
210
1 41 270
1 25 8
1 59 61
1 23 61
2 0 109
2 7 83
3 4 57
3 1 249
4 16 5
5 33 232
5 62 143
5 55 195
5 17 25
5 39 147
6 28 58
6 34 37
7 25 230
8 31 290
8 68 66
8 36 276
8 40 68
8 10 100
8 22 50
9 42 268
9 19 295
9 38 31
9 38 129
9 51 264
10 13 143
10 25 217
11 21 68
11 37 111
12 38 195
12 25 48
12 17 55
12 21 148
13 18 140
13 63 40
13 15 69
14 67 40
14 2 233
15 54 107
15 68 146
15 28 142
16 22 11
16 50 118
17 2 46
17 1 143
19 63 108
19 17 39
19 13 201
21 31 184
21 10 10
21 36 279
22 56 176
22 34 116
23 16 159
23 65 268
24 66 248
24 25 259
24 17 3
24 19 101
25 66 149
25 0 148
25 12 194
26 25 190
26 11 210
27 61 147
27 35 17
29 3 14
29 31 185
29 9 185
30 0 83
31 21 232
31 10 62
32 8 26
32 45 109
33 42 40
33 61 76
34 55 187
35 6 16
35 37 128
36 63 114
36 15 46
36 22 176
36 25 192
37 1 123
37 28 108
37 45 169
37 61 297
37 29 201
38 26 69
38 47 17
39 39 107
39 48 200
40 37 275
40 3 107
40 67 106
40 47 58
40 32 175
42 24 108
43 50 196
43 57 169
43 35 91
44 32 64
44 62 100
44 46 151
44 23 243
45 11 165
45 60 277
45 51 145
45 36 25
46 22 250
46 66 263
46 67 238
46 3 181
47 64 283
48 37 241
49 31 137
49 26 118
49 4 40
50 17 191
50 50 22
50 24 108
50 55 284
50 39 175
50 13 71
51 39 234
51 57 43
51 5 44
52 66 150
52 52 121
52 67 269
53 17 60
53 52 268
53 62 65
54 66 35
54 54 52
55 40 122
55 61 262
57 24 252
57 52 175
57 1 266
58 16 217
59 52 271
59 49 26
59 51 298
59 39 245
61 37 202
61 19 257
61 5 124
61 3 145
61 62 255
62 52 128
62 28 147
63 18 222
63 16 128
63 58 58
63 21 215
64 35 59
65 44 176
66 24 170
67 67 151
67 46 251
67 55 268
67 45 293
67 28 218
68 56 196
69 20 22
69 4 267
-1
210
1 32 270
1 28 110
1 57 151
2 55 101
2 58 222
4 11 10
4 53 198
4 24 34
4 20 60
4 58 52
4 2 66
4 67 188
5 10 289
5 66 172
5 6 178
5 55 66
6 34 191
6 18 170
6 55 160
6 13 119
7 5 298
7 17 155
8 54 194
8 6 70
8 8 20
8 54 152
9 11 254
9 33 112
9 26 206
9 49 194
9 37 294
9 59 169
9 3 68
10 29 85
10 28 255
11 9 216
11 41 240
11 55 296
11 46 267
12 59 59
13 31 95
13 2 161
13 19 159
14 7 250
14 2 276
15 20 69
15 61 37
15 40 165
15 69 235
15 40 3
15 25 36
16 22 268
16 4 189
17 56 212
18 7 107
18 18 173
18 64 200
19 33 66
21 7 272
21 42 58
21 43 13
22 55 235
22 15 276
22 37 209
23 1 213
24 13 221
24 5 268
24 7 271
24 14 19
25 47 29
25 11 136
25 24 284
26 32 49
27 22 117
27 33 120
28 7 124
29 41 261
30 47 86
31 30 215
31 35 244
31 69 61
33 8 264
33 7 12
33 39 92
34 54 20
34 10 170
34 25 55
35 64 164
35 38 47
36 28 91
36 17 289
37 30 172
38 0 286
38 69 75
38 23 242
39 22 209
40 55 141
41 9 127
41 21 114
41 49 21
42 38 233
42 45 163
42 23 102
43 30 242
43 13 101
43 47 166
43 8 240
44 56 269
44 18 29
45 34 40
46 59 243
46 30 110
46 62 133
47 43 275
48 7 46
49 50 246
49 29 276
49 1 201
50 62 199
50 63 17
50 51 188
51 11 185
51 44 22
52 37 70
53 34 225
54 50 250
54 5 27
54 35 163
55 31 177
55 16 118
56 22 296
56 21 187
57 5 63
57 21 69
57 26 208
58 44 159
58 37 56
59 35 67
59 28 280
59 69 46
59 34 279
60 44 58
61 51 96
61 17 81
61 21 60
62 17 104
62 4 195
62 40 168
63 38 127
63 63 256
63 6 36
63 32 81
63 36 184
63 7 186
63 28 161
63 64 163
63 7 267
64 63 262
64 50 52
64 1 13
65 7 257
65 4 85
66 23 272
66 33 70
66 54 209
68 12 70
68 31 70
68 57 105
68 5 273
69 67 103
-1
210
0 54 154
0 17 97
0 16 49
1 2 96
1 28 73
1 42 225
2 28 47
2 8 152
2 9 243
2 48 112
2 9 12
2 45 49
3 2 13
3 4 132
3 56 134
3 53 298
3 11 190
3 55 110
4 47 160
5 25 40
5 17 33
5 30 96
5 42 32
6 39 202
6 22 95
7 32 42
7 38 156
7 45 128
8 32 144
8 58 234
8 54 261
9 35 36
9 1 117
9 33 63
10 13 220
10 7 189
10 16 4
11 5 214
11 3 91
11 3 176
11 18 184
12 21 12
12 22 291
12 45 174
12 14 96
13 38 42
13 39 256
14 1 154
15 29 88
16 24 35
16 10 10
16 43 197
17 57 16
17 23 65
18 49 46
19 68 76
19 34 102
19 39 31
20 23 194
21 44 163
21 38 236
22 61 219
22 67 105
22 66 8
22 39 292
23 66 5
23 67 51
24 58 110
25 53 204
25 35 193
26 67 64
26 58 178
26 51 73
26 7 241
26 35 81
26 43 117
27 20 269
28 66 176
28 61 93
29 37 3
29 54 198
29 57 127
30 2 211
30 63 86
30 40 57
31 3 280
32 38 112
32 35 283
32 40 188
33 60 60
33 56 223
33 64 18
33 53 105
33 15 191
34 7 83
35 9 285
35 35 182
36 33 153
37 28 110
38 4 142
38 13 40
38 62 208
38 18 255
39 11 112
39 66 70
40 1 258
40 32 80
41 13 0
41 68 99
41 43 202
42 30 133
43 16 84
44 49 4
44 22 124
44 33 184
44 37 136
46 21 179
46 69 286
47 19 236
47 49 109
48 45 179
48 56 191
48 58 60
48 63 252
50 46 12
50 58 94
50 0 202
50 39 159
51 10 206
51 0 200
51 1 128
51 27 124
53 45 72
54 11 169
54 42 138
54 23 230
55 15 129
56 46 135
56 14 176
56 25 11
56 15 48
56 10 211
57 26 134
57 25 287
57 36 141
58 37 50
58 12 101
58 68 212
59 58 237
59 53 156
59 3 104
59 58 118
59 39 52
60 68 181
60 7 271
61 31 163
61 47 287
61 54 77
62 32 61
62 38 254
62 56 7
64 11 204
64 49 204
65 4 40
65 33 12
65 67 194
65 17 278
65 4 45
66 31 168
66 7 253
66 19 213
66 5 164
67 8 230
68 30 80
69 54 125
69 23 19
69 7 38
69 57 270
69 27 206
69 54 220
-1
210
0 25 124
0 40 253
0 26 192
0 55 9
1 59 3
1 50 107
1 18 290
1 16 3
1 9 99
1 35 280
1 54 148
1 56 297
1 9 124
2 33 259
3 41 197
3 30 287
3 9 213
4 60 298
4 57 240
4 6 217
5 36 30
5 50 166
5 42 50
5 21 48
6 69 278
6 63 9
6 51 234
7 20 188
7 32 125
7 54 3
8 56 80
10 45 294
10 39 72
12 27 44
12 59 8
13 68 56
13 49 40
13 15 96
13 45 97
14 67 117
15 20 93
15 43 295
15 7 117
15 25 295
16 19 274
16 35 254
16 46 84
17 52 79
17 29 114
18 51 182
19 46 23
19 46 116
19 12 114
20 15 179
22 69 284
22 10 155
23 42 18
24 16 120
24 49 132
24 6 123
25 56 171
25 66 215
25 24 124
25 10 285
26 58 233
26 11 70
26 26 88
27 50 161
28 8 197
28 4 133
29 60 35
29 45 109
30 6 203
30 8 157
30 17 56
30 24 42
30 65 161
30 13 236
30 35 115
30 32 188
31 32 204
32 23 148
32 37 102
32 25 274
32 32 282
32 46 29
33 67 261
34 62 24
35 39 272
36 29 233
36 1 269
36 59 62
37 11 287
37 24 95
38 62 273
38 51 54
38 19 46
38 57 251
39 50 228
39 46 247
39 18 257
40 45 216
40 9 240
41 29 277
41 12 9
41 41 273
41 18 103
42 20 183
42 3 130
42 10 22
42 66 256
42 36 278
43 58 199
43 57 74
44 39 76
44 67 199
45 54 173
45 52 119
46 65 117
46 18 221
47 14 259
47 23 83
47 25 246
48 35 126
48 7 192
48 36 92
48 12 206
49 36 102
49 60 54
49 7 144
50 16 77
50 55 37
50 45 266
50 33 138
50 9 150
51 58 286
51 18 296
51 14 82
52 43 280
54 57 268
54 48 221
54 22 7
54 15 188
54 3 2
54 42 100
55 5 281
55 27 32
58 34 198
58 44 65
58 10 39
60 49 165
60 47 106
62 3 111
62 32 86
62 54 73
63 5 283
63 6 163
63 9 186
63 21 38
63 40 93
63 49 106
63 27 54
63 20 156
65 7 232
66 53 164
66 57 28
66 52 26
66 26 298
66 61 63
67 35 39
67 12 251
68 30 64
68 58 82
68 7 153
68 14 126
69 62 236
69 37 182
69 10 137
69 61 195
69 43 247
-1
210
0 60 145
1 1 74
2 20 102
2 39 100
2 63 226
2 63 107
3 11 108
3 46 34
4 49 295
5 5 75
5 37 90
5 60 141
5 40 136
5 26 64
5 59 159
5 30 107
6 2 8
6 34 255
6 60 212
6 29 102
6 20 245
7 31 259
7 31 142
7 29 275
7 6 38
8 7 92
8 60 193
9 27 131
10 69 274
10 59 154
11 24 65
11 60 180
11 58 33
11 18 9
11 67 227
12 45 21
12 46 174
12 13 65
12 56 154
13 38 288
13 44 18
13 21 104
13 6 166
14 50 44
14 38 130
15 51 53
15 58 295
17 11 257
17 4 284
18 48 252
19 38 172
19 10 232
19 42 299
20 65 29
20 5 54
20 36 191
20 45 60
20 42 248
21 46 45
21 32 50
21 43 174
21 68 7
22 20 199
22 3 240
23 49 246
23 24 172
23 20 130
23 56 29
24 18 194
24 32 291
25 10 186
25 47 288
25 7 69
25 39 132
25 1 167
26 38 215
26 15 231
27 28 250
27 41 90
28 59 182
28 1 150
28 12 50
28 32 49
28 31 44
29 10 92
29 37 141
29 22 134
30 41 204
31 12 159
31 0 69
31 40 44
32 5 235
32 57 75
32 44 38
33 41 254
33 45 110
33 4 265
34 26 6
34 43 230
34 51 168
35 41 42
35 37 278
35 26 70
36 27 118
36 30 224
36 52 275
37 19 224
37 26 151
37 64 200
38 14 149
38 13 71
39 14 30
40 37 28
40 13 185
40 64 81
40 60 135
41 13 245
41 67 218
41 44 237
41 2 93
42 28 19
42 11 149
44 6 35
44 52 87
44 27 32
44 61 11
44 54 182
45 46 229
45 15 214
46 41 204
47 27 278
47 26 282
47 46 115
47 31 175
47 24 266
47 64 4
48 53 102
48 59 257
48 23 231
48 23 197
48 55 100
49 3 263
50 8 262
51 41 93
51 64 66
51 40 255
51 44 235
51 38 88
53 55 217
53 11 211
53 27 13
54 20 112
54 38 131
54 56 30
54 46 20
55 6 3
55 0 31
57 50 227
57 66 150
57 14 39
58 55 189
58 51 251
59 0 151
59 4 244
59 62 180
59 67 193
59 6 181
60 6 168
61 42 151
61 28 128
62 42 289
62 51 199
62 56 243
63 50 187
64 13 243
64 10 227
65 60 48
65 22 20
65 17 64
65 12 172
65 14 155
66 11 230
66 15 7
67 40 0
67 26 143
67 34 235
68 26 179
69 64 14
69 3 159
69 48 259
-1
210
0 29 10
0 28 146
0 23 23
0 12 283
1 50 244
1 58 218
1 1 284
1 67 184
2 18 172
2 12 133
2 1 31
2 10 12
3 44 240
4 7 170
4 27 64
5 18 258
6 6 98
6 30 290
6 65 22
6 44 76
7 58 164
7 37 248
7 43 120
7 21 182
7 47 98
7 34 130
7 24 236
8 47 298
8 59 41
10 66 150
10 61 220
10 14 199
10 11 130
10 47 126
11 50 219
12 15 236
12 51 227
12 17 226
12 63 63
12 43 23
13 2 141
13 20 53
13 36 67
13 62 113
14 41 289
15 7 169
15 2 47
15 6 108
16 27 218
16 7 19
16 6 27
16 34 212
17 61 164
18 23 200
18 16 24
19 14 76
19 37 29
20 9 24
22 17 199
22 8 48
23 68 73
23 9 99
24 61 212
24 3 270
24 66 26
25 49 237
25 43 125
26 27 280
26 48 136
27 45 177
27 42 6
27 58 4
27 69 62
28 46 294
28 30 275
29 55 174
29 44 33
29 63 168
29 43 23
29 19 31
30 55 72
30 22 49
30 17 175
30 42 41
30 39 136
31 20 119
31 29 174
31 31 268
31 14 37
32 16 74
33 56 230
34 57 134
34 43 81
35 66 261
35 9 277
35 38 131
35 1 191
35 65 60
35 41 136
36 42 195
36 55 50
36 38 270
37 26 174
37 40 126
39 68 34
39 0 116
39 52 136
40 48 228
40 69 59
40 52 126
40 10 60
40 38 177
41 53 236
41 22 110
42 32 246
42 50 264
42 18 165
42 35 118
43 1 187
44 36 244
44 8 205
44 67 209
44 22 208
46 11 202
47 54 27
47 14 131
47 28 69
47 3 224
47 53 120
48 27 233
48 51 154
48 42 33
48 69 116
48 52 277
49 59 142
49 33 298
49 34 23
50 45 51
50 0 148
50 61 46
50 34 271
50 47 31
50 49 164
51 35 159
51 8 223
51 10 277
52 35 174
52 59 214
52 6 211
53 16 255
53 63 275
54 46 177
55 55 38
56 67 251
56 35 113
56 34 208
56 49 283
57 59 146
57 44 212
58 17 138
59 52 29
59 46 249
59 39 41
59 66 220
59 63 293
59 13 285
59 32 248
60 57 244
60 48 214
61 58 216
61 11 107
61 22 147
61 20 44
62 63 42
62 25 90
62 18 283
62 22 35
62 24 32
63 27 54
63 66 280
64 55 182
64 5 270
65 9 227
65 23 98
66 40 89
66 19 202
66 62 45
68 1 217
68 33 70
69 40 0
-1
-2
