240
-1
240
-1
240
0 62 135
5 75 192
5 3 206
15 27 164
22 42 55
23 73 39
41 73 110
41 36 101
42 37 153
75 18 92
-1
240
18 32 210
26 39 145
29 52 146
33 76 72
50 47 40
54 21 153
58 54 115
66 46 103
69 50 293
77 25 154
-1
240
1 69 31
4 17 76
9 47 115
15 57 104
16 21 152
17 11 199
25 29 96
32 10 276
43 61 265
47 68 4
47 64 10
49 79 271
53 72 215
54 46 80
57 70 158
65 51 11
71 42 130
71 60 29
74 75 141
79 18 95
-1
240
9 71 186
12 20 145
17 34 31
21 6 287
28 39 255
29 22 274
30 36 180
34 73 188
36 79 240
37 19 16
46 8 119
48 44 142
52 64 288
64 50 207
69 58 79
70 54 290
73 28 144
75 17 27
75 48 67
76 19 114
-1
240
1 24 251
1 6 36
7 12 90
12 23 267
17 37 16
19 41 207
20 18 108
23 48 62
25 19 45
29 14 210
32 40 296
34 21 145
37 14 116
40 51 54
46 13 218
47 75 145
53 39 180
53 55 41
55 27 37
56 7 93
59 1 145
61 12 276
63 77 297
67 19 232
68 79 139
69 57 168
72 8 269
76 8 211
77 20 102
77 22 246
-1
240
4 56 212
14 78 196
18 0 256
20 53 247
20 76 184
24 65 54
26 49 49
32 3 198
32 54 27
32 14 278
35 61 6
36 48 298
39 77 75
39 68 285
43 28 258
43 44 109
47 43 64
50 75 175
51 44 282
53 48 82
54 41 173
54 67 80
55 28 240
56 37 233
61 56 257
62 43 272
64 59 183
70 16 185
73 2 92
77 79 131
-1
240
0 7 25
2 10 132
3 76 179
7 11 22
9 39 154
10 5 165
10 73 273
14 2 265
18 44 116
18 42 211
26 68 2
26 1 223
29 9 138
29 37 91
30 56 188
31 41 113
33 25 220
34 11 0
38 39 28
39 33 291
43 25 7
49 53 211
51 17 162
53 51 158
53 22 237
55 9 182
56 57 260
56 76 129
56 30 36
58 4 46
59 49 231
59 12 168
60 49 13
63 43 231
68 16 246
68 48 78
70 46 7
71 22 187
75 58 119
79 50 194
-1
240
1 56 43
1 16 223
6 31 179
7 60 136
8 56 130
14 31 78
15 1 91
24 32 26
26 29 135
30 47 83
31 57 89
34 32 73
41 48 288
43 6 128
43 10 183
44 5 48
44 79 169
46 12 243
47 29 132
48 55 0
50 68 124
57 60 60
57 39 77
59 33 98
60 62 293
65 8 135
65 19 63
66 37 223
66 30 265
68 0 95
68 22 53
68 7 130
68 10 134
69 3 111
70 6 81
72 9 132
74 32 182
77 1 108
77 57 97
77 30 254
-1
240
0 64 58
0 50 189
5 54 246
5 26 226
11 2 138
14 73 56
14 17 191
16 71 188
19 16 270
19 28 182
20 19 134
21 12 84
23 75 213
24 75 212
24 69 145
25 41 64
25 5 145
26 33 88
27 73 239
28 3 268
28 63 139
31 56 5
33 27 273
44 27 259
48 47 266
49 39 126
50 47 104
51 79 282
51 12 225
51 45 118
51 13 89
52 33 272
52 56 16
54 43 120
55 59 56
55 66 96
57 1 240
58 8 204
59 61 152
59 76 266
62 52 110
69 68 77
70 46 282
70 5 35
70 41 8
72 35 229
74 22 266
76 36 238
77 18 255
77 37 71
-1
240
1 0 262
1 62 226
2 77 282
2 21 233
4 45 39
8 18 121
8 25 115
12 13 146
14 66 115
15 32 261
20 78 198
20 18 72
21 70 100
22 10 104
22 72 232
23 19 5
25 64 9
25 52 99
28 7 100
29 46 193
30 32 118
32 63 77
33 71 83
33 52 107
37 74 179
38 50 294
39 79 51
39 34 224
41 52 277
42 28 165
42 41 88
42 1 45
46 78 106
46 10 114
53 3 270
55 76 247
58 77 199
64 29 91
65 13 62
66 33 279
67 57 268
70 26 66
70 21 184
71 40 291
72 34 207
72 24 179
74 55 72
74 50 51
77 56 275
79 10 212
-1
240
0 76 7
1 45 38
2 19 106
3 40 61
5 62 41
5 55 242
6 15 291
6 23 118
7 61 106
9 4 99
10 31 251
10 32 199
12 64 167
13 17 34
15 70 152
17 7 24
18 58 159
18 49 5
19 26 142
19 9 198
21 69 189
22 5 110
23 20 108
25 61 149
26 3 29
28 13 299
28 17 172
29 74 190
29 35 275
30 64 172
31 53 47
31 48 155
33 69 41
33 71 21
34 76 60
35 13 149
35 5 257
37 77 73
40 23 133
41 57 32
44 10 105
46 47 37
47 38 101
48 31 232
53 33 249
54 70 95
58 29 247
58 7 170
58 48 281
62 10 228
64 74 10
65 49 39
68 34 32
68 51 24
69 32 16
73 61 275
75 30 236
77 61 187
78 63 229
79 25 192
-1
240
1 20 271
2 25 228
3 21 246
6 40 119
6 15 150
7 32 146
7 32 76
7 50 180
8 51 37
11 40 257
11 8 183
13 78 114
13 60 102
13 77 97
15 41 121
18 44 123
21 17 26
22 21 107
23 63 241
24 12 106
25 3 133
25 41 121
26 29 12
26 76 131
28 77 108
30 49 77
33 74 38
36 26 286
37 46 296
37 74 48
39 56 218
39 7 221
39 28 50
39 31 253
41 64 107
42 4 180
45 44 25
46 64 135
46 24 73
48 10 159
51 58 101
53 21 239
55 28 223
56 49 63
56 35 62
59 31 45
62 7 127
63 21 282
63 22 143
66 75 0
67 45 175
68 73 67
69 31 169
72 45 255
72 64 206
73 57 150
74 18 25
74 74 280
74 52 290
77 53 25
-1
240
0 72 225
0 51 36
0 51 153
1 30 217
3 0 287
3 59 193
3 71 254
4 73 270
4 5 170
6 54 128
6 41 109
7 8 19
7 11 289
10 43 240
11 4 297
12 32 143
15 15 155
15 56 292
16 27 16
16 63 140
17 3 125
18 63 169
20 65 213
23 75 40
23 3 116
24 79 6
24 34 259
24 58 191
25 22 272
26 3 88
26 61 149
26 76 179
27 21 7
27 57 228
31 14 221
32 79 210
33 53 287
35 14 138
35 45 86
35 23 243
35 63 124
36 57 299
36 20 119
39 44 261
40 56 194
40 68 262
44 36 188
45 31 128
46 64 222
46 74 200
46 39 281
49 48 11
52 53 253
54 24 0
55 48 181
56 64 185
58 78 150
58 40 266
60 70 259
60 61 230
61 44 73
63 33 97
65 70 111
68 10 92
69 41 207
73 28 78
73 73 193
73 40 32
76 34 212
77 20 204
-1
240
0 54 224
0 60 273
5 27 246
7 16 56
10 73 272
10 45 237
10 61 54
15 3 239
16 8 23
16 34 276
17 13 181
17 62 291
18 45 105
18 11 193
19 41 59
20 37 8
21 51 141
21 16 1
21 30 84
23 70 69
25 6 27
27 64 276
28 26 196
28 71 181
29 32 223
29 76 118
29 50 230
29 37 295
31 71 248
31 25 46
31 56 275
35 77 87
36 22 125
38 20 161
39 17 50
40 46 270
40 30 205
41 36 6
41 9 253
41 75 114
43 5 269
46 9 86
47 14 86
47 13 223
49 14 297
50 65 246
52 67 243
53 48 160
56 21 237
57 65 44
57 59 277
60 55 195
67 38 235
67 51 180
68 1 296
68 72 58
70 23 207
72 32 173
72 30 227
73 68 63
73 29 190
74 58 204
74 39 8
74 35 227
75 9 156
76 27 170
77 27 145
78 40 127
78 31 132
78 64 219
-1
240
1 0 236
2 42 3
10 3 147
10 79 93
11 18 0
12 66 208
15 48 13
16 17 29
16 68 31
18 53 200
18 44 142
20 12 146
21 74 299
21 3 140
23 55 265
23 76 297
24 68 85
24 57 250
26 55 24
27 14 67
29 17 195
29 38 141
29 50 229
29 59 15
30 52 254
30 46 107
31 33 198
32 13 279
32 51 265
33 28 174
33 59 214
33 5 97
35 0 106
36 77 219
37 13 120
37 56 16
38 7 243
38 44 286
41 33 96
41 62 287
41 28 268
42 35 247
42 21 173
42 4 24
43 32 292
44 9 64
46 62 255
46 22 201
48 79 202
48 41 112
48 30 99
49 7 114
49 10 263
50 64 128
51 69 52
51 38 106
52 75 53
53 3 206
55 71 138
56 60 207
57 60 118
59 55 236
59 16 51
59 15 198
66 74 247
66 59 146
67 64 98
68 56 23
69 9 184
69 17 255
70 40 175
70 29 276
71 45 201
72 23 190
72 6 192
75 77 55
75 65 85
77 29 224
77 71 8
79 5 63
-1
240
0 0 81
2 25 154
4 10 94
6 46 136
6 78 191
9 48 72
9 0 80
11 75 37
13 20 58
13 52 144
14 17 212
16 52 246
19 68 257
19 23 149
19 56 108
21 16 281
26 46 187
27 77 171
28 78 158
28 26 241
29 57 108
31 47 24
32 70 238
33 57 239
34 5 216
35 31 299
36 70 95
36 32 26
37 73 238
37 34 243
38 2 167
38 0 37
39 71 201
39 16 181
43 37 114
45 34 19
47 62 275
49 32 57
50 77 259
51 22 291
53 5 203
54 5 48
54 61 164
54 19 174
56 74 72
56 76 273
56 0 248
57 68 266
59 52 57
60 77 179
61 39 17
61 4 119
61 51 208
62 6 294
62 19 103
62 71 295
64 13 154
66 16 35
67 54 163
67 70 185
68 47 125
69 60 202
69 22 107
70 76 35
70 21 12
70 60 193
71 27 44
72 55 110
72 60 163
73 16 91
73 24 267
73 48 50
74 15 162
76 76 10
76 59 264
77 63 219
78 70 104
78 43 263
79 29 29
79 56 44
-1
240
0 68 46
1 77 66
3 58 284
4 23 282
4 30 276
4 77 111
4 65 136
11 48 185
12 7 95
12 31 2
13 79 122
13 28 127
13 75 8
13 66 170
14 74 57
15 31 253
16 64 31
17 77 21
18 63 112
18 47 103
19 53 262
21 10 93
21 51 143
22 42 298
23 78 234
24 44 57
25 54 189
26 67 157
26 66 173
27 74 28
29 48 249
30 28 243
30 58 10
32 30 290
33 59 256
33 47 31
34 74 66
35 0 74
35 17 103
35 68 18
36 26 226
36 65 143
38 62 263
39 66 155
41 79 119
42 32 288
43 17 270
46 29 130
46 51 42
48 66 254
48 18 52
48 38 131
50 65 91
51 69 230
52 63 187
54 70 212
57 7 206
58 68 243
59 19 291
59 69 293
60 76 56
60 52 203
61 52 58
62 21 111
65 37 181
65 6 258
66 22 263
67 14 114
67 43 236
68 79 256
68 78 216
69 3 189
69 19 146
71 53 195
72 54 241
73 59 202
74 15 107
74 31 162
74 8 124
75 54 34
75 56 97
75 68 237
75 77 299
75 63 129
76 3 236
76 54 88
77 76 66
77 68 242
78 57 68
79 18 12
-1
240
0 26 293
0 12 7
0 68 157
0 67 128
1 30 103
2 21 2
2 31 258
2 66 136
4 0 163
5 63 109
6 45 60
8 13 244
9 17 125
10 36 147
12 65 169
12 2 248
14 71 193
15 28 82
16 39 16
16 31 273
17 12 86
17 34 98
19 36 10
20 27 270
20 43 161
20 54 55
20 28 107
21 75 106
22 73 145
23 37 121
23 20 20
25 31 169
28 39 28
28 37 259
28 52 104
29 11 178
29 4 113
29 25 197
29 18 61
30 51 206
30 37 235
31 32 269
31 71 270
32 59 171
34 14 227
36 10 276
36 54 6
37 42 61
41 29 238
41 13 106
41 62 33
42 67 36
44 69 276
45 63 294
45 47 46
46 48 40
47 29 127
50 48 149
52 28 53
52 45 117
53 67 234
54 33 254
54 31 172
55 28 243
56 70 249
56 0 128
56 40 21
57 2 250
57 12 290
58 63 228
59 65 210
60 41 74
61 25 263
62 29 24
62 0 87
64 79 185
64 2 40
65 31 66
66 67 5
67 15 145
68 56 132
70 57 12
71 35 219
72 19 106
73 54 45
74 58 89
74 71 48
77 8 156
77 51 247
78 0 74
-1
240
0 62 73
0 76 228
1 52 175
1 60 200
2 66 92
2 6 124
2 54 248
4 61 277
4 58 133
5 62 294
7 52 92
8 61 58
8 5 132
9 12 202
9 26 34
11 44 286
11 30 30
12 55 98
13 74 251
14 12 81
16 19 215
19 36 103
19 59 61
19 5 293
19 34 195
20 71 126
21 13 202
22 13 14
23 40 198
24 7 95
25 34 42
25 18 268
26 35 235
27 64 37
29 8 88
32 26 254
33 15 261
35 47 38
38 67 221
39 3 268
40 6 283
40 47 136
41 48 217
42 48 13
42 44 62
43 20 292
44 39 127
44 7 48
45 28 50
46 17 146
46 73 66
47 24 287
49 33 221
50 42 65
51 26 153
51 18 57
51 9 22
53 30 146
53 19 29
57 3 53
57 26 191
57 0 243
58 43 122
59 74 23
59 68 282
59 19 128
59 31 27
59 17 266
59 67 237
60 64 41
61 24 279
61 49 137
61 64 102
62 51 280
62 75 220
62 7 104
64 38 209
65 61 46
66 66 20
66 27 171
67 41 99
67 76 4
68 27 123
68 8 57
69 55 112
69 2 47
70 22 241
71 15 205
72 42 195
72 37 80
74 78 47
74 44 48
75 14 71
75 3 211
75 76 15
76 55 25
77 60 126
77 1 52
78 64 177
78 56 270
-1
240
0 35 267
1 6 56
2 54 211
2 8 70
3 1 25
3 34 18
4 32 215
4 53 68
4 30 86
4 64 279
5 38 256
6 73 271
6 39 269
7 51 224
9 74 297
9 56 165
10 44 20
10 39 140
11 73 194
12 29 83
13 15 12
14 67 246
14 74 213
16 38 276
16 63 185
16 32 9
21 56 248
24 22 147
24 52 63
24 20 155
25 22 297
25 4 103
26 36 193
27 12 279
29 17 183
33 27 53
33 60 25
33 16 136
35 63 230
36 6 17
37 1 156
37 27 239
37 18 198
38 57 78
39 39 52
41 59 285
41 21 38
42 1 118
42 0 2
42 67 283
42 23 134
42 29 1
44 62 108
46 45 10
47 66 102
47 59 108
47 4 143
47 8 294
48 6 126
49 78 295
50 79 189
50 14 287
51 68 27
53 61 298
53 11 76
53 75 247
54 27 111
54 17 235
57 34 273
59 3 174
60 17 222
60 18 95
63 3 20
64 23 83
65 70 159
65 77 108
66 61 45
67 53 198
67 9 288
67 9 223
69 38 110
69 74 250
70 49 228
70 2 106
73 26 68
73 6 282
73 71 72
73 2 7
74 2 122
74 5 42
74 28 195
75 31 287
75 16 54
76 28 29
76 76 177
77 18 222
77 62 83
78 30 151
79 26 275
79 72 40
-1
240
0 54 41
0 20 179
2 73 36
3 61 280
3 57 217
5 7 169
5 56 185
6 6 109
6 24 92
7 3 152
7 56 68
9 1 103
9 19 239
9 34 20
10 32 147
10 32 233
10 25 153
10 66 44
11 31 51
11 72 119
11 20 271
11 68 80
12 69 247
15 73 16
17 10 225
17 49 223
18 51 46
20 56 77
22 2 101
23 36 167
23 46 119
23 21 146
26 48 113
29 13 92
29 22 121
29 12 89
31 53 152
32 31 2
32 77 41
32 35 218
34 0 141
35 8 41
36 61 48
36 47 279
37 46 245
37 6 161
37 23 286
37 20 178
37 72 171
39 28 259
39 0 173
39 23 244
40 34 247
41 25 76
41 66 239
41 67 250
42 46 66
42 13 62
42 67 247
43 62 38
44 33 34
45 23 100
45 75 56
45 21 280
45 74 170
46 79 67
46 4 67
46 11 191
47 57 0
48 31 38
48 62 229
48 17 53
49 18 55
50 54 139
51 68 155
51 67 191
53 34 175
53 20 294
56 43 77
56 5 54
58 0 264
58 24 77
60 35 92
60 19 185
60 34 182
61 68 233
61 44 130
63 3 217
63 15 35
63 9 57
64 9 150
67 6 50
67 63 2
69 76 68
69 15 236
70 44 192
70 0 158
71 33 90
71 67 159
71 75 28
72 19 54
72 68 183
74 65 82
76 75 173
76 68 230
77 40 282
77 73 122
78 69 185
79 39 61
79 78 95
-1
240
0 37 260
2 17 48
2 48 20
3 72 128
5 45 86
6 57 75
6 23 73
7 65 58
7 0 79
7 39 55
9 74 199
10 9 61
11 36 183
12 42 125
13 12 49
13 62 188
14 2 269
15 47 52
15 72 101
15 42 48
16 53 121
17 49 46
18 60 193
19 35 155
19 13 56
20 65 179
20 54 250
21 18 221
21 0 50
21 60 269
22 18 96
23 27 203
23 67 249
23 47 40
26 45 111
26 75 58
26 0 42
27 29 220
27 28 103
28 30 101
28 18 101
29 33 122
29 78 52
29 76 37
30 77 126
31 7 83
31 39 11
31 2 9
31 3 274
32 48 14
32 64 287
33 57 291
33 77 279
34 68 61
36 25 234
38 16 208
38 25 176
40 6 289
41 74 50
41 47 32
43 45 95
44 44 185
44 68 16
45 7 61
45 20 76
46 0 182
46 3 3
47 38 178
48 14 274
48 65 128
49 27 191
50 4 86
50 62 197
50 69 57
52 59 235
54 9 108
54 36 250
54 9 234
54 61 290
54 29 219
55 65 78
56 36 298
56 13 243
57 9 275
57 34 232
58 64 1
60 51 223
60 68 192
60 51 126
61 78 74
64 71 274
64 71 174
64 14 166
65 8 291
67 53 89
69 14 154
70 39 82
70 26 94
74 12 81
75 50 227
76 9 113
76 22 209
77 25 185
78 42 286
78 19 193
79 47 215
79 59 97
79 44 46
79 73 254
79 33 131
-1
240
0 51 22
0 57 38
1 58 282
1 4 115
2 51 293
2 33 59
4 72 80
4 54 105
5 40 57
5 43 64
5 63 72
6 37 137
6 9 192
7 43 249
7 77 258
7 58 99
9 65 217
9 2 126
11 62 138
11 74 7
11 14 36
12 47 34
13 78 280
13 57 197
15 40 29
17 18 154
17 35 277
17 40 85
20 63 105
20 77 239
20 75 96
20 14 72
21 46 87
21 66 276
21 43 110
21 13 53
21 46 231
21 3 88
21 54 174
22 52 89
22 74 51
23 16 23
23 10 180
23 23 107
23 56 51
24 49 36
24 15 172
25 69 114
26 28 288
27 48 126
27 11 274
29 12 220
29 65 252
29 48 299
30 12 113
30 24 158
31 56 233
31 65 92
32 71 281
33 52 49
34 7 77
34 68 99
35 5 247
36 30 15
37 54 69
37 68 243
39 14 122
40 78 25
40 76 268
42 60 16
43 29 147
43 67 184
45 18 283
45 25 165
46 34 228
47 45 83
47 41 129
48 14 206
49 52 39
51 21 223
51 45 146
51 62 70
51 67 296
51 66 217
51 79 287
52 48 198
55 44 36
56 71 109
56 35 124
56 12 124
57 9 205
58 69 95
58 14 180
60 72 241
60 57 258
60 32 236
61 22 106
62 48 244
62 45 272
63 21 189
64 29 81
65 1 227
65 76 166
66 61 256
67 51 175
67 21 240
68 71 130
71 47 157
72 18 206
73 74 110
73 34 39
73 1 228
74 20 125
74 48 33
75 53 244
77 15 266
77 61 127
79 39 149
79 59 144
79 70 191
-1
240
0 52 142
4 68 270
5 51 283
5 64 0
5 50 190
6 32 62
7 11 296
8 45 210
10 27 148
11 53 263
14 32 161
14 1 259
14 66 63
15 22 188
16 10 123
16 75 90
17 11 243
17 74 284
17 70 84
18 68 9
18 6 15
19 57 158
19 36 288
21 9 139
21 48 171
21 78 173
21 57 140
22 63 34
23 15 34
24 20 230
24 77 141
25 61 125
28 45 52
30 56 185
31 75 144
31 26 184
32 36 171
32 68 147
34 58 289
34 50 158
34 33 141
35 17 109
35 76 50
36 2 16
36 72 107
36 25 94
38 9 146
38 55 73
39 70 216
40 29 48
42 65 180
42 52 120
43 73 193
44 75 153
44 66 101
46 44 243
46 52 253
47 54 107
47 26 8
48 56 206
48 36 258
49 40 265
50 76 92
50 21 261
51 79 241
53 30 61
53 74 93
53 58 97
53 39 297
53 73 190
54 35 204
54 23 67
54 15 168
54 32 244
54 5 13
55 61 123
55 63 103
55 20 67
55 21 6
55 75 54
56 48 156
57 27 28
58 76 179
58 7 272
59 62 167
59 40 252
60 38 8
60 36 255
61 43 14
61 36 82
62 6 183
63 61 237
64 48 9
64 72 25
64 52 272
65 57 81
65 68 180
66 15 16
67 75 242
68 8 232
68 65 50
68 23 258
69 61 182
69 51 193
69 24 10
70 56 244
70 64 36
70 10 194
71 48 91
72 68 192
73 12 235
74 20 83
74 56 201
76 29 4
77 8 209
77 1 153
78 53 33
79 74 40
79 67 17
79 58 182
-1
240
0 1 251
2 26 121
2 9 89
2 77 293
4 23 198
5 12 31
6 45 218
6 13 251
6 46 256
9 67 8
11 37 250
11 41 160
12 62 175
13 75 57
13 32 218
13 54 112
13 69 49
14 0 163
14 64 27
15 21 272
15 65 22
16 14 207
17 18 150
18 35 271
18 68 224
18 14 188
18 5 280
18 59 249
19 34 102
20 25 122
21 66 180
22 12 131
22 54 24
22 38 167
22 69 200
23 59 285
24 3 219
24 60 200
24 2 271
25 40 82
25 35 90
25 2 106
25 75 227
27 24 128
29 45 26
29 44 286
29 3 162
30 68 221
30 63 159
31 33 107
31 39 53
33 8 150
33 51 64
33 33 145
34 31 170
34 12 170
34 46 263
34 1 253
34 36 80
35 37 119
36 64 109
37 13 143
37 2 295
37 23 194
38 8 270
38 30 246
39 6 160
39 31 197
40 67 170
41 1 160
42 67 155
42 32 7
43 55 253
43 31 254
45 13 27
45 45 201
45 2 102
45 46 126
47 24 278
47 44 19
48 9 230
48 42 191
49 72 213
50 4 87
50 44 201
51 49 284
51 16 2
51 66 280
51 52 124
52 9 25
52 50 138
53 52 90
53 23 135
55 4 74
55 47 163
56 38 182
56 31 116
56 37 12
57 33 218
57 48 198
58 27 206
58 52 273
59 61 34
59 12 214
60 0 258
63 1 28
63 25 73
64 41 40
65 29 95
65 79 21
66 25 217
68 34 90
69 45 64
69 22 254
70 23 54
72 57 92
72 21 244
73 49 159
74 42 81
74 77 195
74 57 9
75 72 290
76 8 114
76 26 220
76 7 85
77 64 86
78 2 159
78 61 293
79 1 186
79 54 123
-1
240
0 28 259
1 32 17
2 70 175
3 22 222
4 39 200
4 28 200
5 43 73
5 15 179
5 25 260
5 32 247
6 77 108
7 35 243
7 49 240
7 45 222
7 37 148
8 57 224
8 38 63
9 55 145
9 11 189
9 43 84
10 26 206
10 7 57
10 33 37
11 44 228
11 16 194
12 52 277
12 35 285
13 15 166
14 18 10
15 76 91
15 78 268
15 21 293
15 13 280
16 51 49
17 43 116
17 31 213
18 13 147
18 35 223
18 67 16
19 42 53
20 23 207
20 62 124
20 55 68
21 57 238
21 41 19
21 7 150
23 45 287
24 42 229
24 8 165
24 70 109
24 65 297
25 69 57
25 21 197
26 56 271
28 59 238
30 3 82
31 40 168
31 56 104
31 9 94
31 9 228
32 18 204
32 4 254
32 42 79
33 33 63
33 54 45
33 46 46
33 51 133
35 3 12
35 66 280
35 45 273
36 40 184
36 12 121
38 54 49
38 51 53
41 44 92
42 15 107
44 52 284
45 78 103
45 48 26
46 61 12
46 65 50
46 74 297
47 76 72
48 27 158
49 18 198
52 25 81
52 40 292
54 38 211
54 31 201
55 51 130
55 62 5
55 55 40
55 70 262
56 67 52
56 0 67
56 55 220
56 11 54
57 27 6
57 32 36
58 46 62
58 13 93
59 79 70
60 56 170
61 50 63
62 50 82
63 13 101
63 55 57
63 20 221
63 7 283
64 30 41
64 16 136
65 60 235
65 28 172
66 49 290
67 15 114
68 45 19
68 32 157
69 70 153
69 69 122
70 23 144
70 53 226
72 26 224
72 47 299
72 46 44
73 73 43
73 12 29
73 36 263
74 7 291
76 46 161
76 20 250
-1
240
2 52 270
2 74 149
3 70 189
3 40 109
4 2 169
5 68 286
5 43 201
6 52 81
7 41 6
7 46 8
8 52 287
8 13 148
9 17 155
10 51 98
10 76 30
10 17 279
12 24 239
12 27 236
12 64 116
12 52 252
13 75 13
13 15 201
13 33 12
13 28 0
14 75 45
15 42 111
16 25 238
16 62 41
16 45 46
16 21 32
18 73 124
18 46 272
19 27 47
19 79 146
21 28 113
24 15 143
24 5 104
24 34 83
26 32 130
26 65 81
27 41 257
27 15 262
28 68 101
28 29 57
28 67 107
28 14 192
30 7 15
30 72 190
30 25 144
32 51 52
33 39 134
33 57 27
33 7 282
34 13 216
34 0 113
34 77 23
34 74 201
36 71 2
36 30 199
37 63 283
38 55 180
39 60 131
40 69 104
40 75 176
40 75 8
40 75 47
40 63 265
41 52 254
42 78 230
43 30 223
44 58 128
45 79 218
45 30 136
45 19 139
45 60 294
45 7 228
46 60 10
46 39 143
47 28 147
48 40 120
49 22 185
51 13 213
53 61 211
54 69 220
54 51 81
54 45 247
55 79 290
55 12 262
55 24 279
55 14 51
55 45 123
55 73 67
56 34 38
56 42 128
57 71 109
57 77 75
58 77 88
59 64 108
59 67 71
59 65 103
60 64 95
60 49 270
60 23 63
61 47 252
62 22 106
62 31 65
62 20 165
63 20 125
63 12 147
64 2 248
64 70 55
64 78 16
66 76 125
66 8 72
67 40 262
67 5 77
68 35 162
69 29 73
70 41 69
70 59 278
71 73 166
72 70 228
72 18 72
73 34 126
73 12 23
74 21 67
74 72 285
74 45 193
75 55 171
75 65 48
76 47 5
76 25 169
76 48 279
76 51 259
77 78 180
77 30 153
77 6 199
78 14 149
79 43 188
79 63 115
-1
240
0 43 210
0 4 229
2 25 74
2 76 2
2 40 165
3 77 2
3 30 126
3 39 193
4 21 79
4 18 115
4 64 210
5 0 106
5 54 244
5 65 23
5 31 172
7 79 203
8 1 217
8 71 272
10 71 52
10 19 85
10 75 30
10 20 284
10 34 158
11 41 160
12 21 268
13 54 130
13 50 102
13 48 27
14 64 274
14 72 213
14 64 160
15 73 213
15 78 80
15 52 290
15 67 166
16 52 115
17 15 168
17 7 4
17 69 45
18 47 253
18 50 190
19 29 139
19 55 17
19 30 291
20 70 13
20 77 188
20 18 199
22 29 101
22 75 228
22 6 178
23 23 179
25 39 49
26 44 95
26 70 225
26 76 114
27 8 59
27 28 278
28 64 223
28 24 119
28 78 104
29 11 17
29 5 67
30 18 61
30 71 297
32 32 276
33 70 283
33 59 267
34 23 224
34 65 111
34 49 251
36 33 105
38 71 242
38 66 77
39 65 35
39 17 263
39 62 73
40 13 24
40 65 184
41 69 157
42 20 231
43 75 197
44 66 292
45 62 75
46 39 119
46 10 122
47 67 6
48 16 249
48 56 105
48 74 284
48 7 198
49 55 153
50 10 220
50 36 131
51 18 284
52 59 263
52 19 256
52 42 259
53 77 134
54 9 39
55 32 180
55 63 217
56 42 67
57 11 256
57 12 263
57 40 92
57 19 18
58 25 274
59 53 43
60 60 185
61 21 233
62 52 78
62 12 16
63 50 216
63 20 80
64 37 1
64 39 174
65 22 75
65 24 54
65 1 83
67 53 247
68 14 93
68 23 19
68 36 51
69 27 23
69 49 115
69 78 1
71 14 254
72 59 225
73 21 144
73 46 74
74 68 27
75 52 165
75 66 65
76 27 209
76 33 178
77 54 98
78 39 5
79 79 283
79 10 278
79 4 4
-1
240
0 49 109
0 28 132
0 76 161
1 29 45
1 75 200
2 45 297
5 5 289
5 48 132
5 66 71
5 67 75
5 76 251
6 49 105
6 67 124
7 20 243
8 54 119
9 74 182
9 7 39
9 13 15
10 76 196
10 77 103
11 3 246
11 42 288
11 24 241
12 66 198
12 26 179
13 21 230
14 11 288
15 45 101
16 47 81
16 1 148
16 77 106
19 46 126
19 31 210
19 78 112
20 61 221
21 6 51
22 72 184
22 31 67
23 2 184
23 0 28
23 14 182
23 63 207
24 39 177
24 67 44
24 22 185
25 55 106
25 27 23
26 27 180
27 47 282
28 61 50
29 68 166
29 37 190
30 67 213
31 60 254
31 73 70
31 67 135
31 41 5
31 51 2
32 37 43
32 68 285
33 78 71
35 21 268
35 53 103
35 23 125
35 65 73
36 16 92
40 64 201
40 26 280
40 19 244
41 9 55
41 36 175
41 51 297
41 18 215
42 51 252
42 45 260
42 5 115
42 52 291
42 40 290
43 59 223
43 20 229
45 1 71
45 49 5
45 35 299
46 25 133
46 10 201
46 60 218
47 5 8
48 17 103
49 24 110
49 50 272
49 9 16
50 31 100
50 66 10
50 67 132
51 77 185
51 2 120
52 16 156
52 62 16
53 72 69
53 30 243
54 19 166
57 18 17
57 46 243
57 25 75
58 59 135
59 72 182
60 38 114
60 60 145
61 67 148
61 43 298
62 25 124
63 68 255
63 19 252
63 50 224
63 12 44
64 33 122
65 2 132
65 11 220
65 55 93
66 55 57
66 58 120
66 10 5
67 5 241
67 48 110
68 75 217
68 78 260
69 57 144
69 29 273
70 37 257
70 22 250
70 29 38
70 44 214
71 70 58
71 49 12
71 46 62
71 27 191
72 75 86
73 68 125
74 40 199
74 25 166
75 31 186
75 32 67
75 73 219
75 0 176
76 7 77
77 21 268
78 33 22
78 32 61
79 51 265
79 51 13
-1
240
0 70 234
1 38 108
1 42 96
2 42 105
2 54 106
4 56 25
5 76 1
6 22 124
7 65 256
7 2 50
8 69 168
9 44 259
9 2 165
9 78 65
9 59 103
10 4 17
10 27 114
10 18 103
10 26 268
10 28 280
11 39 211
11 25 284
11 39 66
12 5 194
12 79 273
12 43 129
13 70 288
15 72 82
15 43 248
16 16 74
16 39 296
16 12 74
17 73 58
18 26 271
18 15 69
20 73 150
20 31 136
21 7 219
21 32 267
21 71 62
21 64 71
21 45 64
25 57 46
25 52 207
25 52 108
26 72 235
26 24 77
26 51 231
27 75 129
27 54 240
27 6 278
28 7 23
28 44 271
29 75 44
30 28 287
31 70 247
31 11 16
31 3 239
32 22 37
33 39 197
33 2 66
34 71 80
34 0 219
34 7 112
36 4 47
37 64 121
37 69 51
37 60 214
40 48 214
40 31 187
41 77 106
42 47 82
42 74 242
43 1 284
43 0 57
43 31 272
44 20 220
44 17 168
44 18 188
45 64 281
45 67 155
45 53 200
45 49 70
45 64 259
46 68 246
46 18 165
46 12 280
47 37 236
47 15 56
48 29 226
48 67 249
49 5 145
49 51 21
49 57 263
50 78 205
51 38 257
52 0 185
52 10 194
53 6 202
53 43 242
54 67 82
54 78 263
55 49 74
55 33 125
55 45 74
55 60 294
57 13 128
58 14 275
58 24 295
60 20 137
60 45 54
60 59 280
60 43 54
60 24 81
60 27 154
61 20 206
63 65 260
63 67 97
63 22 211
64 45 184
64 18 99
65 49 37
65 71 94
66 5 65
66 19 82
67 55 168
68 53 130
68 13 120
69 29 248
70 19 72
71 39 188
72 54 231
72 28 187
74 10 62
74 2 174
74 57 211
76 68 259
76 66 222
76 29 224
77 40 275
77 12 73
77 17 235
78 76 272
78 70 114
79 25 120
79 37 165
79 49 88
79 37 293
79 22 173
79 74 240
-1
240
1 36 16
2 67 231
2 28 13
2 30 21
2 66 287
3 5 71
4 71 129
4 13 16
4 30 17
5 33 32
5 26 96
7 52 270
8 2 295
8 55 106
8 20 176
9 1 184
9 60 283
10 45 243
10 78 198
11 24 18
12 63 251
12 8 210
12 32 37
13 16 61
13 8 236
14 79 73
14 31 100
14 5 200
14 43 199
15 42 21
15 35 217
15 44 218
15 46 168
16 0 80
17 76 273
17 33 48
17 72 163
17 55 147
18 48 200
18 50 176
18 43 196
19 36 59
19 0 291
19 12 290
20 4 220
20 15 216
21 58 31
21 11 280
21 10 211
22 75 219
22 21 117
22 41 69
23 73 216
23 41 79
24 71 231
24 0 240
25 66 284
25 34 232
26 29 17
27 38 216
28 22 232
29 21 104
30 56 101
31 64 155
32 78 117
33 57 148
33 55 54
34 46 134
34 61 12
35 68 141
35 56 15
36 37 31
36 5 104
37 11 50
37 31 167
38 67 190
38 12 182
38 10 158
41 77 185
41 69 211
41 17 297
41 58 299
42 31 59
42 48 119
42 16 73
43 64 115
44 9 139
44 42 222
44 32 203
45 60 25
45 65 35
46 59 151
46 8 272
47 29 98
47 4 100
47 51 32
47 26 76
48 54 191
49 51 183
49 52 297
50 48 80
50 45 132
50 49 215
50 47 22
50 47 56
50 31 238
51 12 249
51 39 223
51 18 1
52 61 57
52 33 147
54 14 50
54 63 89
55 9 85
55 72 207
56 67 79
57 36 87
58 2 232
58 34 143
59 63 131
60 22 22
61 57 29
61 30 284
62 34 133
62 9 252
62 5 187
63 61 275
63 35 110
63 23 162
65 43 48
66 23 150
66 75 170
66 9 109
66 69 250
67 13 137
68 55 199
68 47 165
71 53 66
71 50 88
71 7 293
72 42 129
72 47 51
73 20 33
73 47 167
73 38 92
73 56 141
74 44 49
74 50 183
74 22 39
74 3 267
74 59 148
74 28 172
75 33 70
75 3 260
76 63 267
76 63 100
77 23 203
78 40 230
78 58 291
79 77 65
-1
240
0 0 260
1 66 112
1 38 242
1 42 153
3 70 103
4 75 137
4 20 52
4 62 21
5 63 205
6 72 206
6 17 63
6 31 105
7 16 41
7 37 115
8 36 114
9 58 205
10 19 6
10 76 145
11 77 59
12 68 73
13 19 256
13 73 54
14 37 136
14 12 174
14 72 175
15 8 234
15 38 138
16 47 280
16 56 258
16 36 214
16 28 259
17 45 80
17 70 126
17 23 136
17 71 233
18 67 52
18 43 172
18 20 118
18 2 233
18 70 163
19 12 102
19 36 101
20 67 23
21 56 191
22 6 137
22 19 280
22 58 46
22 64 138
22 54 23
23 72 166
25 39 210
25 34 115
25 0 194
26 50 273
26 79 119
27 10 81
29 63 38
29 1 224
30 1 101
31 6 214
31 3 229
32 32 170
32 52 295
32 18 260
35 75 250
35 79 97
35 28 66
37 48 161
39 12 107
39 34 101
39 47 151
39 24 20
40 14 128
40 22 38
40 43 44
41 63 232
41 47 17
41 6 31
42 57 105
43 5 115
43 54 203
44 8 161
44 60 226
45 55 53
45 57 56
46 8 67
47 18 201
47 77 20
47 57 161
47 77 120
48 31 79
48 68 164
48 46 145
48 20 251
49 25 162
50 48 229
50 41 130
50 1 194
50 71 57
51 49 89
52 5 5
53 40 15
53 37 183
53 11 229
54 54 22
55 18 270
55 27 29
56 21 142
56 57 172
57 23 38
57 41 190
57 53 30
57 14 70
58 47 55
59 27 142
60 47 243
60 17 176
60 73 286
61 36 200
62 58 115
62 30 115
62 58 268
63 13 227
63 32 169
63 59 106
63 11 37
63 72 68
64 69 163
65 41 230
66 4 24
66 33 72
67 67 9
68 75 34
68 44 266
68 64 29
69 15 268
69 50 2
69 21 133
69 10 54
70 22 7
70 71 21
71 74 117
71 64 27
72 59 63
72 36 206
73 4 93
73 48 113
73 10 138
73 75 93
73 69 175
73 76 231
73 40 211
74 19 53
74 58 167
75 71 228
75 60 172
75 76 200
75 64 238
77 8 99
78 39 135
-1
240
1 1 174
1 18 87
2 32 43
2 67 21
3 50 225
3 28 81
3 16 110
4 65 185
6 79 290
6 3 209
6 25 228
7 8 261
7 17 3
7 7 232
7 32 182
7 64 160
8 7 192
8 52 159
8 22 247
8 73 159
9 75 189
9 56 224
10 8 37
10 40 56
10 6 138
13 23 101
14 13 100
14 47 259
14 44 202
15 27 269
15 9 203
16 6 140
16 66 131
17 39 43
17 2 258
19 27 13
19 37 282
20 7 59
20 51 271
20 16 217
21 31 180
21 33 267
22 30 51
22 45 270
23 53 93
23 48 276
23 20 296
24 40 165
24 72 43
25 44 190
25 1 137
26 43 146
26 18 181
27 34 291
27 58 274
27 66 160
28 40 106
30 10 90
31 16 224
31 24 269
32 17 94
32 70 129
33 45 134
34 21 5
34 78 128
35 37 115
35 6 275
35 7 215
35 57 243
36 31 13
37 17 36
38 26 107
38 4 121
38 67 194
39 68 297
39 34 51
40 33 35
40 35 35
40 57 41
40 6 177
40 69 107
42 42 294
43 65 241
45 35 212
47 20 140
47 57 84
48 76 39
48 51 133
48 42 252
49 45 158
49 52 79
49 58 200
50 72 247
51 14 18
51 14 293
52 60 191
52 41 95
52 73 129
54 77 269
54 9 35
54 43 245
55 75 81
55 65 297
56 47 136
56 49 271
56 61 216
57 32 202
57 73 239
57 74 33
57 11 125
57 27 35
57 67 189
57 69 68
58 62 215
58 54 79
58 18 52
58 21 45
58 13 208
59 43 203
59 47 273
59 26 99
59 30 245
59 73 209
60 66 9
60 34 83
60 72 294
60 71 143
60 6 13
60 70 86
61 56 24
61 22 285
61 5 87
63 50 130
63 11 146
63 43 216
64 27 293
64 19 242
64 35 290
64 58 250
64 13 67
65 39 113
65 67 196
66 12 223
67 40 294
67 44 215
67 69 90
67 39 195
68 52 163
68 31 59
68 72 295
68 4 291
69 47 81
70 14 82
70 47 274
70 79 136
70 54 256
70 53 44
71 14 37
72 36 212
72 25 250
74 17 178
74 76 78
75 28 13
75 25 29
75 61 294
76 74 257
77 64 145
78 2 82
79 14 131
79 25 218
-1
240
0 9 41
1 48 172
1 74 204
1 40 73
1 39 181
2 20 115
2 47 68
2 33 296
4 39 34
4 35 257
4 1 188
5 57 77
6 75 188
6 65 292
7 20 39
7 42 224
8 56 36
8 22 67
9 32 170
10 58 215
11 41 114
11 52 52
11 67 207
12 5 153
12 31 35
12 44 77
13 4 292
13 5 168
13 63 81
13 76 160
13 10 217
14 36 177
14 25 8
15 69 35
15 29 26
15 7 72
16 31 177
16 67 215
17 63 74
17 42 51
17 14 258
17 37 243
17 2 46
18 19 294
19 7 137
19 31 12
19 9 47
19 44 143
21 57 35
21 13 292
21 3 196
21 70 131
21 63 143
21 78 293
22 40 140
23 4 79
23 50 80
23 14 276
24 3 252
24 51 105
24 45 261
25 21 182
26 34 28
27 1 257
28 34 75
28 73 264
28 23 154
29 36 122
29 30 140
29 63 184
29 2 253
30 34 204
32 8 123
32 16 149
33 43 218
33 9 68
34 74 45
34 53 253
35 31 268
35 3 42
36 32 220
36 18 224
36 10 113
37 73 291
38 40 82
38 24 288
38 8 12
39 71 53
40 70 180
40 9 249
41 42 196
41 6 65
41 11 269
42 61 159
42 36 129
42 54 200
42 57 293
43 29 79
43 30 289
44 56 283
44 69 117
45 52 175
45 1 91
45 52 122
45 52 113
46 37 222
46 78 105
46 36 272
47 52 242
47 73 21
47 14 171
47 68 222
48 10 228
48 47 122
49 34 293
49 68 177
51 8 134
52 24 113
54 44 52
54 38 206
55 76 156
55 25 136
56 45 17
56 13 243
57 79 0
60 17 243
60 24 226
61 63 30
61 46 241
61 36 89
62 15 140
62 34 199
62 54 170
63 39 85
64 77 55
65 34 52
65 18 169
65 22 178
66 65 210
66 15 136
67 60 14
68 16 54
68 25 54
69 76 202
69 4 186
69 54 75
70 29 270
70 56 237
70 4 269
71 75 174
72 60 157
72 45 69
73 35 286
73 15 18
73 45 22
75 21 178
75 61 226
75 74 45
76 15 250
76 44 144
77 72 12
77 16 260
77 2 31
77 36 18
78 37 239
79 36 244
79 41 144
79 15 202
79 68 99
79 70 164
-1
240
0 69 107
0 51 253
0 11 34
1 54 184
1 32 12
2 67 209
2 20 204
4 51 252
4 70 39
4 79 31
5 30 213
5 14 81
6 9 169
7 56 282
7 22 211
7 21 9
7 14 211
7 24 293
8 28 169
9 31 126
9 27 194
10 56 222
10 75 3
10 48 241
11 51 144
11 79 34
11 51 36
13 2 261
14 59 289
14 71 248
14 69 77
14 37 281
17 52 295
18 30 93
18 71 240
18 71 166
18 29 209
18 32 69
19 68 287
19 11 110
21 47 126
21 61 278
21 16 53
21 79 29
22 52 144
22 57 0
22 64 0
23 26 162
23 68 55
24 56 149
24 4 175
24 72 130
24 14 264
24 2 140
25 2 295
25 52 255
26 75 230
26 3 176
26 59 236
26 54 27
26 4 52
26 58 31
26 16 182
27 61 88
27 69 219
28 71 182
28 20 103
28 79 159
28 2 79
29 47 215
29 11 215
29 37 10
29 6 293
30 51 120
30 14 17
30 7 199
30 0 176
30 73 88
31 28 116
32 79 279
32 8 152
32 37 249
33 13 299
33 50 197
34 55 45
34 55 51
35 65 146
35 61 256
35 22 280
35 44 289
36 67 187
36 58 170
36 65 44
36 45 210
38 8 134
38 5 4
38 24 112
39 21 20
39 26 215
39 51 201
39 17 125
39 5 152
40 45 220
41 47 253
42 74 159
42 32 33
42 10 178
43 70 114
46 56 179
47 71 55
47 7 280
47 37 272
48 2 16
49 20 43
49 55 295
49 25 174
50 36 75
51 37 180
51 11 180
51 67 111
51 67 229
52 78 102
53 72 153
53 24 190
53 4 75
53 79 217
55 52 274
55 64 234
55 10 202
55 25 171
55 34 134
56 67 143
57 73 264
57 45 91
57 28 52
59 11 226
59 52 254
59 66 205
60 16 47
60 26 6
60 73 85
61 38 231
62 43 170
62 56 206
63 59 220
64 48 57
66 78 113
66 9 106
66 7 173
67 7 280
67 64 170
68 67 181
69 27 245
69 54 278
70 13 197
70 8 87
70 67 294
71 4 69
72 43 100
72 65 27
72 50 208
72 72 117
73 15 124
73 31 73
73 30 161
73 6 88
73 11 23
74 74 268
74 16 38
75 61 36
75 68 245
76 52 281
77 40 52
77 79 199
78 59 149
78 76 284
79 77 80
79 43 92
79 22 122
79 74 110
-1
240
0 4 146
0 69 286
1 70 172
1 18 121
1 6 9
1 58 292
1 72 224
2 15 264
2 4 282
3 19 269
3 24 32
3 3 27
3 29 204
3 16 74
4 78 53
4 42 90
4 56 140
4 19 215
5 0 12
5 46 281
5 56 64
5 18 3
6 19 76
9 53 88
10 13 277
10 44 7
10 28 11
11 3 26
12 47 263
13 31 220
13 23 157
13 7 66
14 43 144
14 27 214
14 41 130
15 14 172
15 63 7
15 65 216
16 19 111
16 37 66
16 79 101
17 17 9
17 37 270
17 31 135
18 3 12
19 75 65
19 40 231
19 58 10
20 64 64
20 63 255
21 67 250
21 29 268
21 57 82
22 67 177
22 2 274
23 9 77
23 3 228
23 5 24
23 25 108
24 8 278
25 30 290
25 0 184
26 23 219
26 46 10
26 29 74
27 69 116
28 69 279
28 14 237
28 59 48
28 52 34
29 62 294
30 23 188
30 28 188
30 70 123
31 28 41
31 48 280
33 69 238
34 18 47
34 35 184
34 24 217
34 3 175
35 29 55
35 58 214
36 79 106
36 19 295
37 53 104
37 59 88
37 13 186
37 61 100
38 7 59
38 5 101
39 66 74
39 55 212
40 4 102
40 19 19
41 28 262
41 62 181
42 66 203
42 0 61
43 24 134
43 2 261
43 71 42
43 67 202
44 16 139
44 50 250
44 40 57
45 46 241
45 38 67
45 25 39
46 45 178
46 72 9
46 9 159
46 5 105
47 32 63
47 24 220
47 37 268
47 51 184
48 64 96
48 67 172
48 31 11
48 68 259
48 27 292
49 48 93
49 73 261
49 10 68
49 56 66
49 4 33
50 39 32
51 71 41
52 10 241
54 41 96
54 69 11
54 73 223
57 41 296
57 4 102
60 20 195
60 17 266
61 25 224
61 54 43
61 23 42
62 19 136
62 56 31
62 9 166
64 21 170
64 51 248
64 72 188
64 15 209
64 21 76
64 49 240
65 31 116
65 54 142
67 27 71
67 78 194
68 16 173
69 56 219
69 31 199
69 19 127
70 79 135
71 0 289
71 77 165
71 31 90
72 73 8
72 15 79
72 6 216
72 56 198
72 77 13
73 72 9
73 26 65
73 42 196
73 13 194
74 11 160
74 67 116
75 14 209
75 34 14
75 31 175
76 58 1
78 9 63
78 71 39
79 41 64
79 49 156
-1
240
0 12 72
0 2 12
1 7 244
2 21 23
2 50 127
3 25 294
3 68 163
3 67 167
4 17 69
4 71 22
4 39 150
5 9 207
7 56 13
7 45 298
7 29 195
8 64 41
8 24 246
9 9 94
9 19 101
9 60 165
9 45 50
9 74 233
10 68 55
10 40 47
10 3 194
11 73 151
11 32 221
12 8 263
12 76 238
12 64 194
12 61 253
12 61 170
12 38 30
13 20 133
13 0 160
13 50 121
13 21 219
15 29 170
16 47 272
16 22 221
16 70 55
16 73 251
17 53 90
17 24 169
18 48 281
19 26 239
19 15 251
19 36 94
20 46 271
20 44 163
20 53 268
22 33 32
23 54 207
24 68 46
24 44 252
24 29 92
24 40 274
25 4 265
25 22 133
26 18 82
26 18 101
26 75 266
26 19 168
27 0 275
27 70 251
27 41 53
27 55 245
28 15 209
28 34 174
28 62 299
29 17 21
29 34 30
30 25 29
31 53 43
31 75 137
31 36 34
31 75 260
32 37 91
33 60 62
34 13 123
34 31 281
34 40 287
35 50 227
35 60 106
35 24 55
36 41 114
36 33 157
36 4 152
37 55 204
37 17 136
37 16 43
37 71 182
38 66 257
38 33 137
39 68 265
40 35 209
40 44 141
41 50 46
41 72 87
41 69 224
43 28 182
43 6 17
44 7 101
44 25 207
44 23 147
44 31 12
45 29 39
45 0 155
46 23 240
46 35 37
46 31 99
47 43 266
47 27 276
48 32 240
48 67 102
49 29 142
49 7 15
49 4 164
50 30 249
50 18 167
50 2 254
51 62 131
51 75 121
51 19 33
52 73 106
53 57 278
53 3 298
53 67 88
53 60 123
53 13 149
53 18 78
54 6 136
54 6 214
54 10 270
54 30 192
55 46 250
56 77 180
56 3 225
56 14 185
57 38 108
57 61 66
57 70 39
59 49 21
59 18 11
60 35 239
62 38 71
62 61 189
63 60 298
63 48 272
63 63 152
63 6 201
63 26 139
64 30 157
64 14 280
64 37 10
65 14 216
66 39 87
67 51 24
67 15 115
67 1 144
67 35 8
67 38 36
68 74 73
68 60 101
68 28 79
69 72 138
69 24 253
69 44 273
70 72 69
71 53 80
71 76 226
71 44 166
71 13 144
71 75 271
72 28 259
72 48 188
74 11 84
74 53 2
74 29 273
74 51 69
74 69 137
75 56 20
76 49 149
76 63 103
76 43 112
76 73 12
77 39 109
78 40 18
79 54 114
79 70 40
-1
240
0 21 61
0 25 53
1 35 42
1 39 23
2 9 290
2 23 117
2 4 120
3 41 135
4 36 89
4 72 290
4 14 56
5 59 170
5 65 244
6 2 199
6 12 106
6 49 248
7 24 41
8 25 154
8 57 287
8 43 156
8 5 56
9 75 152
9 54 4
10 60 256
10 30 102
10 73 212
11 46 109
12 27 194
12 47 250
13 21 261
13 21 204
14 12 236
14 78 287
14 22 280
15 23 223
15 23 132
15 65 187
15 45 133
16 44 249
16 61 144
16 70 249
16 3 39
16 79 211
17 65 152
17 65 194
18 35 143
19 75 133
19 19 103
20 31 121
22 48 28
22 2 151
23 15 81
23 65 278
24 69 288
24 1 170
24 57 41
24 22 296
26 62 56
26 19 264
26 52 269
26 68 181
26 59 5
27 14 166
27 75 64
27 50 66
28 15 151
28 79 213
28 75 47
28 21 208
29 32 187
29 74 175
29 34 220
30 62 242
30 67 267
30 11 69
30 62 10
30 25 153
31 63 252
31 18 56
31 53 228
32 13 109
32 25 132
32 75 94
33 41 146
34 34 95
34 69 245
34 78 296
35 38 230
36 64 29
36 63 169
36 41 71
37 45 36
37 7 170
38 19 170
38 47 77
38 49 275
38 68 96
38 30 85
39 6 58
42 70 220
42 51 33
42 13 238
43 48 216
43 35 295
43 19 33
44 34 45
44 15 189
46 67 97
46 16 6
46 43 75
46 2 39
47 74 120
47 42 145
47 36 52
47 54 268
48 44 89
48 27 188
48 55 209
48 25 22
49 71 65
49 66 291
49 37 292
50 73 20
50 50 79
52 24 194
54 2 111
54 28 14
55 59 12
56 5 273
56 50 157
56 3 209
56 0 26
57 53 252
57 40 239
57 21 282
57 42 189
57 24 210
58 55 63
58 35 87
58 77 268
58 74 99
59 53 275
59 0 35
60 10 240
60 61 291
60 25 74
60 69 168
61 8 243
61 79 27
62 25 101
62 41 128
63 76 227
63 73 149
63 1 136
64 0 298
64 30 180
65 38 154
65 37 8
65 71 66
65 77 13
65 31 179
66 78 278
66 22 96
66 21 5
66 4 64
67 41 86
69 29 35
69 30 179
71 30 89
71 60 133
72 12 175
72 18 196
72 8 262
73 23 28
74 36 76
74 23 29
74 31 228
74 78 88
75 72 83
75 36 126
76 57 28
76 8 223
77 76 78
77 13 153
77 41 154
78 53 204
78 51 219
78 26 170
78 70 67
78 67 8
-1
-2
