270
-1
270
-1
270
0 40 248
21 57 55
28 27 138
28 0 84
39 49 1
46 80 200
50 15 119
53 89 231
63 53 264
84 3 42
-1
270
5 66 249
30 48 167
41 43 236
48 58 223
49 45 182
53 14 1
55 26 282
64 79 263
67 38 57
73 47 26
-1
270
3 65 155
6 79 97
7 33 289
10 34 60
11 79 89
25 43 109
29 86 195
38 77 49
38 71 166
40 14 145
41 11 35
44 79 213
60 18 155
65 18 33
68 31 166
72 45 115
72 23 71
77 36 203
82 83 215
85 73 59
-1
270
2 85 99
9 2 148
16 57 224
31 55 35
31 47 285
32 15 83
34 59 13
34 67 89
37 73 67
41 10 262
46 64 59
50 6 198
52 38 111
55 79 264
62 85 124
64 28 85
68 2 67
73 30 101
75 87 81
89 13 232
-1
270
4 16 274
7 17 58
9 2 23
15 58 37
17 76 268
18 25 111
19 17 168
19 65 174
22 63 155
23 83 200
26 59 285
33 65 195
36 0 88
37 32 59
39 22 53
40 28 197
41 83 178
43 28 205
46 44 279
50 84 283
53 38 137
53 4 47
53 0 163
58 23 6
64 25 291
73 42 180
75 25 32
77 77 258
81 75 261
86 6 150
-1
270
7 48 219
11 36 267
11 84 56
15 58 199
17 38 63
17 79 52
26 25 79
30 73 200
32 35 68
38 42 294
39 68 123
43 28 121
44 3 110
44 17 2
48 2 37
50 55 157
51 20 230
52 36 9
57 61 30
58 71 185
63 71 63
66 39 246
67 85 226
69 70 255
69 80 283
71 39 201
74 16 30
80 39 97
81 33 195
85 2 209
-1
270
10 25 47
10 22 77
12 45 63
12 70 119
13 85 81
14 59 232
16 9 59
16 30 178
17 84 39
18 83 188
28 36 67
28 55 238
30 58 286
30 32 264
30 33 235
30 31 152
31 52 201
34 9 162
35 43 212
35 56 77
36 42 192
38 3 224
39 16 275
39 77 94
40 11 261
43 82 57
45 8 253
46 32 100
48 80 78
50 72 252
64 46 199
73 81 80
76 76 150
81 81 290
81 41 249
81 54 160
83 82 31
88 70 38
89 54 190
89 13 47
-1
270
0 17 212
2 67 281
5 54 249
9 59 5
13 34 45
14 28 243
15 36 282
15 18 204
16 54 207
20 87 267
22 10 55
23 11 267
27 67 124
29 12 97
29 26 29
30 34 15
30 2 246
34 63 37
35 54 257
37 13 104
43 71 110
48 55 224
52 78 3
54 55 202
57 50 12
58 21 208
64 48 243
65 35 11
65 28 93
65 81 10
69 67 215
72 40 263
74 78 129
75 63 120
78 10 5
80 58 37
82 64 154
84 88 238
88 46 67
89 15 78
-1
270
1 69 140
2 56 291
2 17 244
3 45 134
6 16 88
10 69 135
11 33 14
11 38 230
11 44 216
12 65 21
13 62 182
14 49 223
14 62 254
15 23 88
16 41 198
18 53 257
19 11 109
24 48 247
29 2 265
31 60 162
32 40 60
34 28 35
34 17 285
36 37 48
37 79 87
38 51 35
40 40 183
42 82 104
42 69 198
43 65 187
45 1 279
46 37 139
46 36 210
47 5 296
47 44 110
47 77 77
49 34 279
55 33 76
56 78 164
57 21 144
60 13 25
62 70 43
62 85 208
64 4 224
64 19 245
69 7 124
74 47 45
77 59 276
78 31 280
89 55 195
-1
270
3 63 100
4 83 170
5 12 116
6 33 165
13 34 39
15 4 246
16 1 286
17 41 291
20 85 275
22 27 8
26 34 247
26 26 18
29 26 157
32 14 83
33 74 180
35 29 182
35 3 35
36 26 59
39 41 265
42 16 286
43 34 260
43 64 33
44 27 213
44 68 47
44 67 243
46 12 106
46 4 291
54 29 203
56 20 258
61 80 153
62 38 244
63 47 27
63 39 287
65 49 198
67 30 267
68 27 156
68 48 25
69 82 73
74 21 244
74 83 164
77 70 40
77 31 165
77 74 130
81 66 232
82 18 295
84 70 252
85 68 48
85 22 149
86 54 46
88 59 216
-1
270
1 43 37
2 35 103
4 71 105
5 20 84
8 76 35
9 28 172
12 69 234
13 21 81
18 22 195
21 85 263
26 77 168
27 68 134
28 69 248
29 67 287
29 83 128
30 25 158
31 65 57
34 52 271
35 21 28
36 18 16
37 63 80
38 36 112
38 4 238
40 65 211
40 62 75
42 63 209
42 72 256
42 53 231
46 45 281
47 66 56
47 70 26
48 83 58
49 77 69
54 9 84
58 52 204
58 78 187
59 25 291
60 30 153
60 24 241
61 86 144
62 39 78
66 35 216
67 54 125
68 68 276
71 28 84
72 10 242
72 65 41
73 9 48
76 26 241
77 15 126
77 11 41
77 79 259
78 53 167
80 88 111
80 2 259
82 58 275
85 29 131
87 24 249
88 23 186
88 46 82
-1
270
1 67 102
1 86 173
1 71 131
3 61 115
5 74 223
5 49 108
6 50 196
6 16 16
7 58 262
12 52 146
12 22 202
18 14 195
19 66 191
19 50 54
21 46 137
22 42 8
25 47 122
26 27 164
28 26 84
29 47 172
29 50 263
30 12 61
32 28 18
36 81 19
39 63 9
40 30 195
44 80 62
44 52 57
45 84 149
47 5 164
48 17 276
48 26 205
49 89 68
52 0 23
54 55 205
54 44 154
54 37 89
57 23 51
57 53 92
59 66 134
59 12 184
60 73 215
61 47 79
65 86 37
65 38 77
65 18 159
67 8 118
68 39 57
69 27 86
70 81 19
71 6 209
76 47 224
76 22 143
78 75 272
82 45 134
85 24 223
87 83 267
88 62 213
89 68 127
89 73 107
-1
270
0 36 136
1 73 183
2 23 105
3 41 289
3 25 293
4 3 47
5 7 179
9 4 91
9 36 228
10 4 162
12 4 294
13 18 103
13 76 135
14 39 106
16 11 39
17 7 156
18 28 149
19 84 130
19 31 83
19 72 282
21 15 170
22 63 7
24 15 169
24 11 181
25 82 283
26 0 249
27 80 149
28 40 288
28 8 179
29 89 9
32 33 135
32 73 149
34 14 11
35 51 50
36 60 77
37 23 285
38 46 58
39 16 211
43 88 67
43 52 174
44 46 14
47 40 219
47 65 9
47 57 193
48 79 205
48 41 24
49 48 217
51 18 9
52 23 161
52 35 74
52 73 239
53 24 185
54 21 139
57 36 246
62 81 266
65 14 25
65 51 223
68 44 54
69 51 70
70 48 42
71 75 270
75 17 194
75 19 126
75 24 111
81 32 281
81 23 85
82 7 56
83 89 24
84 60 107
89 12 178
-1
270
0 48 92
0 65 146
3 40 74
4 18 293
4 74 7
5 16 25
5 76 149
9 13 201
12 42 232
13 23 233
14 11 162
15 87 149
16 18 128
17 1 83
19 34 40
20 20 50
24 26 258
26 24 87
27 17 57
30 22 147
33 72 15
35 9 157
35 82 228
35 69 291
36 35 98
38 82 92
40 5 60
42 76 55
45 37 1
46 39 87
46 46 144
47 13 132
48 44 262
48 62 290
49 33 254
54 68 290
54 69 58
56 23 298
58 81 94
59 3 101
60 73 230
60 26 223
60 86 217
60 57 176
62 27 114
63 1 224
63 8 216
65 10 49
65 37 142
68 23 298
68 18 274
68 24 158
68 84 207
69 29 73
70 30 276
70 82 239
70 60 70
71 29 166
73 44 255
74 70 293
75 32 252
78 61 281
78 52 43
79 79 197
80 28 274
81 86 83
83 69 245
83 43 167
87 8 40
88 19 273
-1
270
0 50 270
0 86 198
0 26 33
2 8 277
3 89 183
6 26 148
7 58 42
9 35 187
10 0 138
11 60 129
13 71 13
14 82 185
14 78 135
15 25 53
15 6 9
16 78 179
18 89 294
18 0 191
22 37 131
23 72 19
25 38 85
25 15 7
27 21 226
28 37 181
33 13 107
33 61 190
34 9 223
36 41 4
38 79 118
38 25 204
39 73 104
39 66 125
40 70 77
40 8 227
41 11 129
44 20 142
45 42 217
46 24 75
47 75 61
47 46 140
49 37 155
50 50 25
50 64 51
50 66 70
51 37 37
51 36 200
52 36 65
53 22 38
53 45 283
53 42 17
53 18 264
53 10 184
60 77 165
60 26 191
61 12 90
63 79 237
64 16 35
64 69 67
68 54 296
68 4 22
68 8 149
70 24 186
71 12 6
71 6 92
72 33 74
77 16 152
81 60 298
82 66 221
82 4 34
83 55 213
85 87 66
86 10 0
86 69 212
86 20 297
87 62 149
87 78 67
87 69 15
87 4 13
87 33 175
89 25 48
-1
270
0 76 266
6 18 167
7 64 178
8 46 98
9 11 57
11 85 70
12 68 242
12 45 288
12 52 115
14 32 132
15 10 90
16 85 176
16 43 26
20 78 299
21 2 5
23 58 50
24 11 95
24 74 167
25 13 36
25 36 124
26 76 5
27 87 86
27 86 125
28 28 273
28 19 242
30 38 280
30 79 272
30 69 193
32 78 117
33 17 107
34 80 293
36 28 77
38 48 205
39 3 298
40 22 168
41 57 259
43 0 4
44 25 103
46 3 40
47 10 204
47 79 91
48 41 199
48 37 23
50 83 18
52 16 263
56 56 275
57 3 100
58 9 195
58 32 202
59 2 238
62 50 117
64 35 298
64 60 189
65 47 220
66 83 223
66 42 82
68 25 198
71 19 142
72 48 298
73 61 40
75 79 230
76 14 259
77 30 22
78 19 295
79 67 46
79 7 165
79 30 161
80 85 45
80 76 180
81 47 73
81 25 250
82 15 174
83 7 216
84 84 80
84 20 132
85 88 119
86 10 107
87 41 129
88 12 228
89 31 69
-1
270
1 4 104
1 67 2
2 9 183
3 37 27
4 29 182
5 14 50
7 30 132
8 65 106
9 50 184
10 56 42
11 25 50
11 15 5
15 27 58
16 25 86
16 26 233
16 14 22
18 37 158
18 48 234
18 77 39
19 26 48
19 43 140
21 86 51
21 74 17
21 43 149
22 33 291
23 57 27
25 17 287
26 9 64
27 45 222
27 16 247
28 38 253
29 74 233
30 36 283
30 38 4
31 0 133
31 6 80
31 73 171
31 89 47
31 30 223
34 14 72
34 13 288
35 70 262
36 22 270
39 20 187
41 27 46
42 9 85
44 2 97
44 87 247
44 30 94
46 65 229
47 43 233
47 26 81
51 31 93
51 25 113
53 27 23
55 23 290
56 80 35
57 37 173
57 50 222
59 38 94
59 20 192
59 79 64
60 40 229
60 73 215
61 87 198
62 82 109
63 26 232
63 64 230
63 24 204
63 28 15
65 54 4
67 60 188
71 62 107
71 54 182
71 67 134
72 84 57
78 22 128
79 46 87
80 69 31
80 85 115
81 19 65
83 5 239
83 66 114
84 75 36
84 37 174
85 61 91
87 57 272
88 87 294
89 13 123
89 19 87
-1
270
0 18 43
0 46 104
1 61 142
2 22 163
2 53 165
5 64 78
5 52 113
6 56 91
6 48 285
7 19 130
7 7 116
7 6 111
9 39 182
10 49 123
10 40 210
10 39 55
11 47 298
12 88 89
13 8 144
13 35 178
13 36 89
13 63 141
14 74 89
14 5 296
15 36 211
16 57 28
18 2 285
20 65 78
20 72 132
20 1 182
20 34 296
23 12 112
24 3 221
24 27 208
26 54 1
27 65 204
29 19 132
31 0 81
31 23 156
31 11 254
33 87 270
35 71 172
36 31 106
37 55 81
37 23 47
38 84 131
38 27 55
41 37 298
42 33 139
43 64 285
43 52 290
45 9 103
46 16 268
46 89 185
46 23 299
51 7 102
52 86 155
55 63 44
58 44 99
60 43 123
62 39 50
63 14 142
64 33 261
64 31 235
66 26 171
67 77 166
68 8 295
68 25 159
69 42 115
71 46 220
75 47 215
76 75 88
77 13 20
79 11 20
80 36 265
82 84 270
83 74 187
83 21 100
84 21 13
84 85 186
85 25 275
86 40 186
86 47 256
86 70 294
86 0 109
86 83 211
87 79 292
88 59 243
88 29 195
88 23 23
-1
270
0 75 225
0 13 112
0 63 147
0 42 187
1 15 267
2 80 108
5 24 132
5 10 202
6 62 260
7 0 296
9 75 186
10 46 280
11 37 223
12 53 275
12 86 96
12 70 218
13 22 239
14 40 65
15 32 287
16 39 73
18 16 285
21 62 66
22 21 43
22 13 244
22 38 140
23 22 196
23 61 60
24 68 242
25 40 128
25 23 116
26 52 145
26 25 51
26 29 244
29 62 0
30 52 106
31 52 251
31 2 192
32 34 263
32 56 159
32 77 105
33 1 201
34 55 146
34 70 155
34 46 56
37 4 163
37 47 81
37 15 119
38 50 57
38 60 102
38 45 236
38 26 77
39 30 139
39 14 248
40 89 249
42 16 88
43 84 147
44 62 272
44 1 195
47 82 131
47 10 182
47 58 199
47 20 285
49 58 215
49 41 249
49 11 136
51 82 180
51 32 12
53 85 243
54 65 210
55 42 66
55 89 246
56 1 69
57 81 107
60 49 208
61 77 136
61 77 99
62 32 22
63 31 256
63 35 205
64 10 118
66 19 249
66 72 31
69 24 4
73 64 118
74 79 234
75 55 9
76 0 1
77 41 152
79 68 55
79 77 26
79 47 212
79 20 5
79 34 204
79 83 60
82 10 271
83 15 108
87 26 31
87 43 62
88 7 97
88 66 61
-1
270
2 5 91
2 63 291
2 66 210
4 14 150
5 86 137
6 55 251
7 12 56
7 88 20
7 18 159
8 39 188
10 7 271
10 68 249
11 26 190
13 54 259
14 44 57
15 69 169
16 71 110
16 35 234
20 28 290
20 72 244
21 43 138
22 60 111
22 55 227
22 80 79
23 50 210
24 56 21
25 47 99
25 21 135
25 18 155
25 34 206
25 29 79
26 71 172
27 2 68
28 28 218
30 33 88
30 82 57
30 26 172
31 67 119
31 4 266
31 67 139
32 21 245
33 43 54
34 15 285
35 41 45
35 66 36
36 15 153
36 87 281
39 18 100
39 71 22
41 0 289
46 3 79
47 5 269
48 66 281
49 13 259
49 45 227
50 34 237
50 60 32
52 15 230
53 78 125
54 48 49
54 31 82
54 1 117
56 45 288
57 76 199
58 52 116
60 41 227
62 70 121
62 83 42
62 22 157
64 11 266
64 61 60
64 82 204
65 20 119
65 78 73
66 89 169
67 52 22
67 82 229
68 63 262
69 70 147
70 59 292
73 60 43
74 29 252
74 38 37
74 86 109
75 79 33
76 38 158
77 63 4
77 18 50
77 46 290
79 55 269
80 69 158
81 41 110
83 13 222
83 12 112
83 43 8
84 79 81
85 55 210
86 64 259
88 64 276
89 25 292
-1
270
0 4 228
0 26 111
1 88 20
4 35 208
5 57 148
7 45 121
9 7 89
10 13 196
11 70 58
12 72 207
13 83 141
13 55 273
14 8 230
14 59 53
15 29 202
15 71 270
17 8 224
18 62 81
18 39 260
19 74 223
20 56 97
21 10 223
23 12 100
23 54 180
24 32 1
24 49 287
24 18 179
26 57 127
28 87 255
29 62 208
30 83 291
30 69 84
31 18 192
31 66 175
33 65 43
33 55 158
34 80 292
34 21 263
35 14 237
35 53 24
36 3 274
36 51 287
38 56 62
38 7 194
39 11 158
40 82 179
40 10 190
42 46 224
43 72 132
44 76 115
44 82 280
45 70 18
45 4 199
47 12 210
48 17 51
48 33 174
49 5 181
51 85 123
52 57 188
53 8 90
54 33 295
54 72 57
54 49 24
55 82 265
56 86 105
56 20 184
56 14 29
57 13 289
57 57 15
59 25 287
60 39 247
61 74 238
61 53 257
64 31 83
64 58 277
65 11 267
65 47 135
65 78 44
66 58 39
66 3 242
66 31 147
66 87 211
68 35 229
69 39 160
69 62 48
70 68 185
71 59 23
73 35 67
73 32 108
75 60 64
76 60 168
76 15 150
76 49 172
76 88 131
77 1 151
79 43 235
80 52 261
80 44 242
81 77 234
82 56 13
83 27 100
84 48 80
85 17 117
86 87 245
86 68 25
86 28 61
87 58 285
87 2 237
88 71 144
88 16 2
-1
270
0 54 81
1 33 128
1 53 188
2 82 3
2 12 20
2 17 72
2 77 33
2 79 31
3 45 145
4 44 193
4 79 157
5 5 73
5 73 17
8 38 124
13 37 161
15 24 22
15 14 175
16 34 230
16 71 147
17 59 24
18 36 8
19 77 18
21 52 289
22 24 217
23 63 275
23 15 19
23 4 254
24 15 248
24 62 31
25 72 151
25 53 139
25 57 106
25 56 80
30 73 125
30 54 25
30 74 98
31 39 19
33 39 238
33 24 186
36 77 223
37 47 182
37 15 259
38 10 50
38 36 253
39 63 237
39 15 234
40 72 70
41 8 83
41 35 209
41 16 191
41 24 187
42 76 55
43 78 244
44 77 246
44 39 281
44 61 276
44 35 58
44 78 265
45 32 167
45 31 169
46 49 296
46 3 69
48 84 235
48 76 290
50 17 296
51 72 132
52 48 107
53 79 156
53 42 144
53 64 111
54 78 48
56 68 251
57 55 28
57 73 244
57 54 75
58 75 134
58 77 147
58 35 175
60 42 74
60 14 165
60 62 28
61 88 130
63 11 296
64 62 236
65 10 121
66 61 121
67 55 221
68 12 61
68 54 159
69 8 208
71 89 1
71 85 45
71 33 115
72 38 238
72 69 268
75 3 105
75 85 99
76 54 250
77 3 146
81 20 49
82 6 231
82 2 169
83 17 229
83 54 66
83 66 93
84 32 149
87 40 155
88 76 30
88 78 205
89 52 123
-1
270
0 12 128
0 56 104
1 16 217
2 34 273
2 75 219
3 1 115
3 81 26
4 10 191
5 72 243
6 80 50
6 75 219
6 71 35
6 45 3
6 10 56
7 59 272
7 36 111
10 11 231
11 56 149
13 80 27
13 64 8
14 44 33
16 43 83
17 4 283
18 20 84
18 56 292
18 22 230
18 31 38
19 31 173
21 53 80
21 82 182
22 22 154
22 83 166
23 37 233
25 50 60
27 53 281
27 50 299
27 2 33
29 83 58
29 61 151
29 2 9
33 36 246
34 54 103
34 7 164
34 44 60
34 10 179
35 80 53
35 0 126
36 77 206
38 19 285
38 37 11
38 39 276
38 5 45
40 59 147
40 68 124
40 14 72
40 28 2
40 41 210
40 83 235
44 68 84
45 59 99
45 58 63
46 55 227
46 28 230
47 36 244
48 63 8
48 45 38
50 23 33
50 2 80
51 36 52
53 3 227
56 6 214
59 74 150
60 88 243
60 27 283
61 47 213
61 61 263
62 81 244
63 33 271
64 0 250
64 9 222
65 17 215
66 38 187
66 49 236
66 13 97
66 83 189
66 3 298
66 42 199
67 1 244
69 63 142
71 75 4
73 34 12
73 14 80
74 30 137
74 67 156
74 25 46
75 76 242
76 83 29
77 32 4
77 34 16
78 65 118
80 51 53
80 85 283
80 69 98
82 0 61
82 50 103
82 43 17
83 19 206
83 58 238
83 83 73
84 65 168
85 24 265
85 10 275
85 71 211
86 19 7
86 26 208
87 8 237
88 76 209
88 20 138
89 58 2
89 46 137
-1
270
0 6 249
0 70 217
0 54 111
1 53 215
2 65 227
2 56 149
3 83 31
3 80 258
4 34 146
4 48 237
7 86 166
7 81 171
9 40 245
9 18 159
10 9 152
13 72 92
15 6 168
16 73 74
17 58 204
17 26 52
18 33 3
20 19 269
21 68 278
22 37 114
22 26 271
23 6 84
23 43 77
24 30 213
25 77 28
26 6 37
27 68 103
28 7 124
29 72 270
29 46 170
30 82 85
30 11 162
30 79 128
31 45 87
32 68 156
32 66 93
34 35 260
34 59 221
34 41 165
35 75 126
37 71 12
37 28 152
37 59 230
38 77 77
39 52 207
39 54 127
40 54 18
40 4 105
40 23 258
41 82 10
41 42 160
41 8 225
42 52 255
43 79 295
43 64 107
44 28 28
45 39 21
46 80 181
47 38 78
48 53 13
48 37 68
48 79 271
50 3 103
50 81 109
51 13 264
51 71 259
58 67 2
59 88 63
61 83 132
62 28 211
62 37 144
63 57 269
64 69 98
64 31 2
65 74 296
65 89 28
65 62 101
65 52 50
65 3 3
68 37 22
68 15 268
68 46 119
70 30 36
70 30 246
71 33 182
71 52 137
71 15 143
72 14 181
73 34 152
74 46 76
75 40 167
75 78 102
75 61 127
76 27 243
76 3 202
76 54 113
77 13 17
78 60 48
78 47 234
78 32 247
80 41 83
80 24 184
80 70 13
81 2 73
83 18 73
84 79 59
85 80 134
85 18 249
85 61 62
85 79 94
86 27 280
86 19 92
86 43 50
87 54 43
88 72 108
89 62 44
-1
270
0 26 214
0 46 34
0 19 286
0 26 134
0 11 113
1 83 43
2 23 37
2 64 119
5 72 286
5 3 270
6 81 47
6 5 285
6 7 296
6 29 184
7 72 15
8 80 46
8 3 42
8 23 216
11 26 65
13 20 208
14 49 204
17 16 222
18 54 226
18 54 222
18 5 288
19 15 285
20 1 124
21 6 237
23 35 210
23 11 154
23 88 268
24 80 298
24 68 242
25 17 254
26 43 206
26 9 207
27 47 115
28 47 11
28 15 80
28 79 167
29 43 136
29 40 294
29 78 117
29 14 194
30 29 129
30 56 264
30 31 109
31 59 49
31 82 263
32 89 137
33 9 263
33 51 189
34 30 278
37 55 17
39 72 0
40 45 5
41 59 59
41 83 2
42 57 245
44 46 296
45 22 220
45 82 67
46 81 89
46 35 268
46 10 204
47 75 187
47 30 282
48 9 35
48 19 78
48 48 10
48 25 111
48 11 64
49 46 13
50 53 179
51 38 27
53 23 151
53 11 248
53 79 171
54 26 137
54 35 90
55 85 256
55 55 15
56 45 292
56 18 13
57 62 85
57 22 97
57 70 55
57 81 237
58 33 137
58 74 74
58 27 68
59 87 188
59 44 172
60 60 266
61 73 111
63 65 275
65 49 184
67 14 276
68 35 90
68 59 298
68 81 25
69 52 28
69 24 129
70 74 49
71 36 0
72 48 26
72 8 158
72 87 16
72 1 41
72 45 58
72 42 90
73 23 36
76 26 189
77 47 260
78 33 88
78 21 168
80 66 191
81 83 237
84 89 235
84 5 255
85 5 148
85 76 39
86 68 271
86 54 91
87 0 244
87 49 280
88 89 224
88 82 273
89 36 145
89 50 56
-1
270
1 51 223
2 51 277
4 44 68
4 28 26
4 85 20
7 42 3
7 84 214
8 37 165
8 83 70
8 31 243
10 16 295
11 85 26
11 35 59
11 27 285
12 78 54
12 2 60
15 50 68
15 74 198
15 75 130
16 41 272
16 64 59
17 44 189
19 25 46
19 73 270
19 22 107
19 24 289
20 31 237
21 78 1
23 73 181
23 61 172
24 3 148
24 78 196
26 47 128
27 5 109
27 61 0
28 46 195
28 28 151
28 23 166
29 5 106
29 37 76
30 17 213
30 45 119
30 73 119
33 50 188
34 15 74
34 87 298
35 24 154
36 82 102
36 59 240
36 70 133
37 10 263
37 62 167
37 85 36
39 87 17
39 55 1
39 65 55
40 81 220
40 31 122
40 64 66
41 26 244
42 16 93
45 82 159
45 71 248
45 88 299
46 9 130
46 4 73
46 69 110
47 51 133
47 12 77
47 38 199
47 59 256
50 10 108
50 32 141
50 35 284
50 14 291
50 12 291
51 88 163
51 64 116
52 11 176
53 55 242
53 16 75
54 50 81
54 52 231
58 21 68
58 37 290
59 55 168
59 43 143
60 13 238
60 1 110
60 29 210
61 41 276
61 64 92
61 47 40
62 27 175
62 26 249
62 36 267
62 21 281
64 19 152
65 28 174
65 26 128
66 86 91
66 12 224
67 68 231
68 28 292
69 68 11
70 61 174
71 62 169
72 73 164
73 32 163
73 52 270
74 78 95
74 18 44
74 82 112
75 65 251
76 35 203
76 69 261
76 79 10
77 63 40
79 65 40
79 16 31
80 44 236
80 1 134
81 2 296
82 5 205
83 0 131
84 64 255
84 1 166
87 63 23
88 58 114
89 81 88
-1
270
0 2 63
0 29 227
1 43 21
1 73 124
2 35 149
2 5 206
6 11 206
6 29 118
8 39 127
8 26 119
9 85 12
9 73 268
10 42 225
11 8 255
11 54 171
12 77 256
13 23 235
14 47 187
14 7 284
16 82 166
16 48 249
16 43 299
16 32 279
18 7 84
19 53 64
19 55 14
20 82 197
21 1 111
21 12 274
22 35 125
24 52 8
25 71 151
26 50 82
27 47 161
28 42 291
30 68 171
30 35 162
30 84 239
31 44 57
31 36 10
32 43 242
32 44 54
32 64 229
33 5 278
33 13 91
34 57 248
34 11 24
36 78 203
37 51 135
37 16 115
38 19 293
39 79 167
39 50 299
41 2 267
41 16 110
41 87 97
42 5 10
42 19 202
42 0 103
43 56 209
44 70 269
44 42 73
45 78 171
45 33 179
46 48 137
46 52 179
46 43 244
47 41 96
47 71 277
48 3 162
48 72 270
49 68 78
49 64 192
51 65 102
52 35 140
53 67 42
53 23 47
55 64 147
55 59 276
56 48 112
57 20 150
58 59 266
58 51 32
59 52 103
59 44 176
59 14 20
59 15 82
60 60 258
60 7 63
61 83 296
63 76 294
64 68 176
64 31 285
65 86 100
66 53 40
68 5 33
68 6 291
69 0 274
69 18 126
70 88 266
70 42 206
70 42 103
70 70 276
72 77 268
72 76 130
72 59 101
72 86 143
72 49 296
73 81 142
74 47 81
74 74 114
74 67 21
74 51 133
75 22 97
75 37 213
76 49 0
76 19 43
76 3 143
76 38 180
76 71 75
76 80 173
76 67 9
77 34 183
79 47 53
80 36 24
80 8 102
81 25 214
81 68 237
81 58 15
81 65 88
82 19 142
83 60 113
83 81 39
83 1 245
83 38 130
84 38 228
86 65 122
87 21 113
87 12 197
89 14 242
-1
270
0 44 205
1 17 204
1 63 181
2 60 199
3 72 288
3 62 30
5 76 57
6 67 109
6 75 16
6 38 210
7 45 192
7 55 239
7 87 144
7 8 23
7 7 226
9 32 233
10 40 237
10 0 241
10 23 8
11 48 47
11 64 38
11 18 8
11 84 183
16 47 213
16 13 197
17 5 32
18 18 148
19 72 33
19 70 39
20 1 153
21 89 34
23 61 163
23 18 274
25 56 75
25 44 227
26 5 116
26 84 217
26 66 216
29 44 257
29 9 9
29 7 95
29 82 61
30 38 247
31 72 163
31 46 114
32 33 210
32 40 238
34 14 72
35 2 176
35 54 98
36 86 133
36 16 177
36 45 158
37 25 109
38 16 9
38 86 72
39 74 74
39 32 131
40 56 137
41 66 247
41 48 262
42 14 22
44 86 185
44 58 99
44 13 250
44 43 174
44 25 200
45 7 192
46 39 159
46 88 293
46 29 95
47 20 243
47 25 223
48 47 131
48 35 75
48 20 203
50 64 184
51 37 19
51 15 239
51 42 75
51 88 226
51 32 243
52 11 293
53 35 215
54 68 287
54 83 258
55 63 77
55 1 0
55 14 98
56 53 91
56 88 162
57 52 76
57 23 149
58 29 283
59 2 199
59 0 28
59 33 53
60 44 208
61 84 144
62 45 70
63 44 63
63 37 69
64 64 232
64 25 102
64 55 262
65 89 14
65 69 255
65 25 253
68 63 152
68 15 99
68 45 98
69 11 34
69 57 201
69 59 95
70 52 72
70 60 20
70 45 2
71 41 106
72 47 146
74 67 234
78 69 91
79 41 202
79 79 106
79 49 131
80 63 256
80 84 57
81 11 95
81 1 140
82 27 10
83 33 267
83 22 88
85 85 174
85 81 61
86 70 212
86 17 286
86 45 192
87 12 8
88 51 153
89 52 37
89 65 209
-1
270
0 37 266
0 80 254
0 79 25
1 38 131
2 22 2
3 2 241
3 42 82
4 0 151
6 70 188
7 5 153
7 33 189
7 39 103
7 82 117
7 3 286
8 41 168
8 89 46
9 25 295
9 48 185
9 22 78
11 23 40
12 67 299
12 78 208
13 85 180
13 19 239
14 51 227
14 59 156
14 83 215
15 57 111
15 46 278
17 24 223
17 69 110
17 46 17
18 34 27
18 29 260
19 79 162
21 60 198
22 57 263
22 2 110
23 20 229
23 43 183
24 26 208
25 47 56
26 45 212
26 51 55
26 72 99
27 42 137
28 60 252
28 5 19
29 58 283
29 33 27
30 8 201
31 82 142
33 78 203
34 34 221
34 79 110
35 75 113
35 68 2
35 50 210
35 44 160
37 55 166
37 62 164
37 22 152
38 29 178
38 68 185
39 7 210
40 6 133
42 12 280
42 67 183
43 34 263
45 61 181
46 28 107
47 71 131
47 46 224
48 44 16
48 60 252
50 46 223
52 42 213
52 3 136
54 64 109
54 73 84
54 64 71
55 65 208
56 65 213
57 52 62
58 79 204
60 68 107
60 24 33
60 19 294
60 74 132
60 36 218
61 18 287
62 52 232
62 58 88
63 33 248
63 34 267
63 13 146
64 29 198
65 6 136
66 32 106
66 72 17
67 77 266
67 1 151
67 71 165
67 8 236
67 44 130
68 53 228
69 77 214
69 37 281
69 48 11
70 57 34
70 64 257
70 58 112
71 37 90
72 12 136
72 54 102
72 65 12
73 9 81
73 14 53
73 10 35
74 55 217
74 19 177
74 45 131
75 41 5
76 26 105
76 87 238
77 63 242
77 63 133
77 61 122
78 16 24
78 66 141
78 9 299
78 20 218
79 12 122
79 0 40
80 4 51
81 17 49
82 49 172
82 84 219
84 69 185
84 21 191
84 89 38
84 53 142
84 38 267
86 68 255
86 47 25
87 76 215
88 12 146
88 27 245
88 60 223
89 78 31
-1
270
0 5 114
0 86 265
1 43 28
1 5 70
1 33 35
2 76 179
3 63 196
5 42 95
5 74 81
5 49 123
6 35 52
6 17 204
6 76 191
7 85 254
8 68 8
9 5 156
10 64 46
10 89 181
11 76 80
11 72 159
12 67 134
12 83 237
12 11 112
13 73 124
14 19 217
14 82 84
14 72 298
14 73 181
16 30 277
17 21 199
17 60 242
17 17 175
18 5 209
19 34 78
20 14 156
21 12 134
22 20 50
22 35 194
23 72 130
23 60 94
23 5 170
24 69 218
25 74 196
26 20 98
26 30 227
26 60 32
26 59 108
27 56 80
27 3 230
28 33 78
28 75 242
28 9 96
29 15 162
30 68 72
33 34 245
33 55 136
35 74 274
35 33 26
36 44 188
36 57 68
36 54 56
37 9 68
37 28 52
39 73 91
39 38 226
40 73 184
41 82 128
41 59 239
41 61 113
41 31 21
41 26 196
41 7 112
41 2 204
42 40 145
43 6 106
43 76 142
43 72 72
44 89 246
45 47 72
46 71 253
47 27 68
48 62 155
49 76 253
49 79 56
49 60 290
50 87 275
50 31 88
51 89 224
51 85 54
52 35 272
52 75 57
53 77 185
55 80 240
56 56 65
57 80 165
58 17 292
58 53 149
58 5 90
59 5 156
59 82 59
60 70 263
61 38 46
62 81 140
63 58 176
63 49 90
64 86 260
64 37 210
65 69 268
66 32 243
67 24 203
68 0 37
68 24 195
68 59 25
69 12 39
70 10 93
71 9 95
72 13 239
72 61 124
73 88 276
73 19 10
73 75 195
74 65 279
75 62 272
76 41 265
77 83 224
77 1 44
78 10 83
78 2 223
79 79 226
79 39 125
79 30 31
80 27 260
80 89 103
80 27 195
81 69 159
82 89 3
82 34 284
83 5 33
83 50 40
84 81 274
85 60 268
86 21 122
86 88 204
87 3 48
88 36 0
88 12 236
88 77 76
89 55 287
89 31 176
89 84 65
-1
270
0 28 195
1 86 59
1 66 22
1 75 82
2 33 13
2 83 297
3 40 202
3 66 245
3 82 232
4 15 5
4 48 42
4 5 198
5 8 151
5 25 124
6 31 120
6 40 134
7 41 281
7 54 155
8 75 136
8 62 95
8 12 187
8 37 95
9 63 248
10 4 224
10 81 182
10 86 6
10 8 93
10 12 2
11 54 245
12 13 142
14 69 276
14 71 114
14 27 23
15 45 142
15 74 130
15 25 180
16 20 120
17 1 218
17 59 80
17 59 219
17 53 265
18 49 82
18 81 287
18 34 255
18 8 63
19 40 222
20 87 78
20 47 218
20 25 116
21 28 111
21 17 257
22 12 258
24 6 262
25 12 180
25 34 253
26 16 243
26 73 107
27 35 255
28 61 264
28 39 163
28 5 134
28 67 282
29 66 85
29 76 62
29 22 224
30 86 165
31 58 27
31 26 183
32 73 293
33 62 259
33 88 125
34 15 75
36 9 14
36 27 197
36 69 45
39 29 270
39 31 97
39 80 267
40 29 283
41 11 29
41 12 123
42 72 147
44 26 159
46 2 72
46 3 163
46 48 162
46 73 196
48 10 281
48 89 285
49 73 12
49 16 0
49 10 134
50 16 96
50 28 19
50 12 88
50 26 53
51 76 2
51 89 137
51 86 93
52 39 250
52 16 76
52 26 80
53 57 193
55 68 127
55 27 250
55 44 200
55 38 240
55 68 172
55 15 242
55 77 93
56 83 131
57 68 116
59 20 167
59 13 136
60 17 287
60 8 184
61 30 194
61 48 52
62 24 37
63 5 179
63 41 114
64 37 264
64 75 229
64 32 175
65 15 51
67 8 295
67 1 24
67 60 128
67 3 8
69 45 71
69 28 132
69 26 101
70 61 23
70 39 106
71 35 216
72 52 197
72 35 103
72 45 211
73 27 85
74 22 228
77 60 193
78 6 150
78 6 265
78 59 102
79 25 27
80 76 156
80 47 11
82 53 68
83 64 237
84 24 237
84 15 62
84 30 262
86 54 248
86 36 143
87 0 45
88 88 43
88 67 76
88 5 98
88 23 290
89 66 19
-1
270
0 37 123
0 41 236
0 79 100
1 5 259
1 57 162
1 55 90
2 31 113
2 54 227
3 30 36
3 62 105
3 33 97
5 72 240
8 25 268
8 12 248
9 77 1
9 29 65
9 1 294
10 28 123
12 74 283
12 51 162
13 80 156
13 49 35
14 17 268
15 11 262
16 72 210
16 63 32
17 8 173
17 86 266
17 64 87
17 43 33
18 42 12
18 86 29
19 84 115
19 52 179
22 17 203
22 87 196
23 15 197
23 36 74
24 14 193
24 75 259
24 35 71
24 34 9
25 2 206
25 57 131
26 57 198
26 13 126
26 61 269
26 26 139
27 51 205
27 71 67
28 60 14
28 12 225
29 45 190
30 13 104
30 49 121
30 50 41
31 52 197
33 36 139
35 17 14
35 72 198
35 21 117
35 80 172
36 39 40
37 39 275
37 21 258
38 41 57
39 81 131
40 67 111
44 5 240
44 7 272
44 54 175
44 88 275
45 57 258
47 26 144
47 39 169
48 60 185
48 41 10
48 15 93
49 86 227
50 1 223
50 55 31
51 79 257
51 56 185
51 71 296
51 13 123
52 55 1
52 34 148
52 87 258
52 68 139
53 71 113
54 50 224
54 5 257
55 14 208
56 6 173
57 31 194
58 31 125
59 87 126
59 61 180
59 57 106
59 2 162
60 20 249
60 67 125
61 37 78
61 45 252
63 33 8
63 86 284
64 4 35
65 82 129
66 79 148
67 23 281
67 1 15
68 7 29
68 12 101
68 20 257
68 78 290
68 78 194
70 83 239
70 6 91
71 47 192
71 32 46
71 11 131
71 2 25
72 23 159
72 75 262
73 45 233
74 7 117
74 38 48
75 43 141
75 72 152
75 30 298
75 52 210
76 81 226
76 89 65
77 12 264
77 15 48
78 80 71
78 7 263
79 5 114
80 71 289
81 16 118
81 40 130
81 75 184
82 85 149
82 47 208
83 71 188
83 13 26
83 26 123
83 19 138
84 7 102
84 15 157
85 15 169
86 2 0
86 2 101
86 7 57
88 52 63
88 23 245
88 85 156
88 72 240
88 84 92
89 23 116
-1
270
0 0 6
0 30 280
1 56 73
1 32 155
1 41 245
1 14 256
1 50 91
1 80 156
2 44 210
2 81 76
2 16 120
2 53 96
3 32 160
5 45 96
6 82 105
7 50 34
9 0 48
9 8 296
9 71 242
10 0 71
10 67 88
10 49 5
10 22 24
10 57 24
11 14 66
11 44 80
12 69 92
12 28 151
13 14 119
13 73 216
14 53 148
14 22 105
14 55 177
15 78 24
16 31 5
16 2 220
17 70 52
17 24 78
19 87 261
19 85 141
20 4 144
23 7 101
24 15 216
25 23 209
25 84 119
26 7 233
26 12 296
27 40 38
27 33 288
28 3 206
28 48 118
28 22 48
29 78 60
29 14 249
29 32 289
30 68 58
30 22 21
30 87 197
31 30 27
31 30 261
31 44 71
32 6 103
34 55 228
34 37 248
35 81 74
35 47 204
36 0 183
36 58 36
37 6 4
37 56 229
37 70 159
37 84 20
37 81 209
37 22 247
38 70 47
38 38 227
38 47 169
38 9 53
39 42 35
39 70 164
41 40 30
42 40 260
43 72 231
43 37 13
43 69 119
44 89 66
45 67 18
45 82 52
45 83 181
46 73 97
47 23 260
48 21 12
48 82 151
49 11 220
49 24 272
49 38 63
50 50 264
50 49 137
51 30 290
51 17 229
51 37 19
52 86 171
52 58 106
52 70 34
52 80 242
52 9 167
53 61 274
53 12 140
53 73 232
55 82 265
56 84 113
56 34 207
56 58 278
56 54 204
57 84 150
57 86 96
58 65 124
61 57 165
62 34 56
62 0 263
62 5 150
63 45 72
63 11 222
63 19 74
63 65 261
63 86 253
64 60 226
64 33 139
65 61 213
65 15 207
65 80 229
66 30 16
67 25 282
68 67 37
69 58 73
70 1 205
70 30 109
71 56 103
73 12 242
73 30 228
74 86 114
74 69 96
74 10 221
75 68 39
75 75 117
75 45 132
76 30 141
77 89 8
77 36 261
78 78 49
79 84 113
80 43 227
80 4 90
81 63 139
81 4 156
81 1 215
81 77 45
82 87 275
83 80 136
83 30 117
84 34 171
84 10 289
84 17 34
85 0 143
86 24 102
87 71 137
87 2 177
88 6 217
89 54 212
89 39 142
-1
270
0 28 232
0 34 284
1 59 270
1 75 144
3 35 65
3 14 91
4 60 158
4 3 14
4 68 74
5 38 141
5 1 171
5 85 211
6 82 236
6 81 270
6 77 161
8 51 120
8 61 280
9 7 230
10 85 277
10 42 6
11 29 2
11 7 145
11 68 277
12 47 109
12 12 253
12 4 162
13 34 74
13 19 53
14 54 155
14 19 136
15 74 167
16 37 31
16 86 168
17 57 235
17 86 42
17 81 90
19 46 53
19 29 79
20 8 108
20 19 69
20 12 138
20 1 191
22 61 177
24 70 240
24 70 77
25 54 239
25 3 164
25 54 113
26 70 239
27 58 54
27 43 181
28 37 87
28 48 90
29 48 43
29 32 49
29 80 160
30 8 219
30 11 148
30 72 92
31 3 57
31 66 297
32 5 67
32 72 132
32 47 249
33 38 233
33 80 2
34 43 50
34 81 233
34 69 172
34 53 184
36 69 265
37 80 135
38 62 54
38 51 97
39 40 29
39 40 142
39 2 106
40 28 79
40 16 198
40 82 99
40 22 143
41 35 166
42 48 152
42 0 1
42 40 50
42 16 77
42 73 4
43 46 2
43 33 256
45 2 162
46 56 100
46 58 281
46 65 82
46 43 80
47 15 85
48 12 121
48 4 81
50 80 155
50 58 56
50 78 270
50 84 90
50 43 150
51 80 167
51 30 280
53 18 240
54 30 139
54 3 0
55 68 14
55 22 219
56 74 54
56 65 163
56 39 276
57 48 227
57 78 29
59 73 296
59 28 174
59 60 175
59 79 249
60 70 4
61 28 191
64 48 60
64 33 72
64 23 133
65 55 246
66 81 58
66 71 163
66 87 93
66 78 33
67 27 17
68 67 117
68 71 61
68 27 216
69 74 162
70 89 186
70 43 13
70 40 60
70 9 281
71 35 97
71 7 236
71 46 212
71 31 25
72 70 15
72 51 98
72 0 181
74 35 10
75 71 119
77 67 63
78 73 296
78 14 6
78 79 122
79 18 95
79 50 54
79 79 120
80 3 152
80 26 86
80 89 221
82 19 34
82 2 14
82 51 107
82 23 58
84 62 235
85 77 103
86 23 206
86 34 187
86 52 22
87 1 251
88 66 109
88 67 167
89 33 233
89 2 262
-1
270
0 34 196
0 6 267
0 86 257
0 40 19
1 4 71
2 37 117
3 89 282
3 28 212
3 11 227
4 24 89
4 35 36
4 54 216
7 68 296
7 12 166
8 19 262
9 51 185
9 68 178
9 56 55
10 41 192
10 36 209
11 85 20
11 42 57
11 71 108
11 7 260
12 88 265
13 20 299
13 69 109
13 43 181
14 50 18
15 65 267
15 81 17
15 9 168
15 46 292
15 72 217
15 8 227
15 49 176
15 75 55
15 12 135
16 40 19
16 84 16
16 8 48
17 60 32
18 66 173
18 46 278
18 75 91
18 85 53
18 61 50
19 9 107
19 39 170
19 2 203
20 48 215
20 77 191
20 18 255
21 49 94
21 32 206
25 27 247
28 13 104
29 49 43
29 38 4
29 43 50
29 57 111
29 30 292
29 1 71
30 60 183
30 29 172
30 55 162
31 16 281
31 41 256
32 83 278
32 8 12
32 52 127
33 84 94
33 7 282
33 79 91
34 34 229
34 9 152
36 2 138
36 72 45
36 13 78
37 82 186
37 19 168
38 71 109
38 1 288
38 34 64
39 6 83
39 13 296
41 31 52
41 7 218
42 3 14
42 9 82
42 45 166
43 32 220
43 44 108
44 28 111
45 57 8
46 25 17
46 31 75
47 59 169
47 81 68
47 72 98
47 61 73
47 49 246
47 52 18
48 4 287
50 51 165
50 24 56
51 12 211
53 69 201
53 8 193
53 54 251
54 19 3
54 21 255
54 53 184
54 14 206
54 30 243
55 16 44
55 33 94
55 18 224
55 60 204
55 1 165
56 64 131
57 56 216
57 45 192
58 30 290
58 46 297
58 38 79
59 23 149
59 40 111
60 45 182
60 35 141
61 57 243
61 37 237
61 38 298
62 35 60
62 77 289
62 52 41
63 29 161
63 75 152
63 28 70
63 14 87
63 19 5
63 62 131
64 24 150
64 15 5
65 87 26
67 52 241
70 37 154
70 84 192
70 10 97
70 12 218
71 82 257
71 83 218
71 38 149
73 72 225
74 52 285
74 62 222
75 10 173
75 47 246
75 88 8
75 81 185
75 42 81
75 21 214
76 77 259
77 81 268
78 1 270
78 25 263
79 28 271
80 25 60
80 89 211
81 7 44
81 68 50
82 34 78
82 13 128
84 62 217
85 80 260
86 60 291
86 27 193
87 48 159
88 76 280
89 10 64
-1
270
0 68 190
0 86 155
2 63 135
2 39 142
2 61 156
3 13 98
3 44 59
4 84 115
4 40 181
5 22 13
5 35 254
5 11 240
7 65 226
7 49 193
7 61 197
8 47 241
8 6 221
9 66 85
9 86 46
10 69 286
10 0 63
11 9 261
11 38 23
11 20 11
12 7 27
12 66 51
13 79 252
14 88 3
14 24 187
14 67 63
14 44 189
14 32 71
14 70 121
15 12 284
15 51 61
15 0 173
15 71 273
16 53 174
16 18 260
16 13 10
16 3 0
17 44 144
17 80 251
17 23 15
18 69 227
18 37 240
18 5 66
18 23 24
18 59 235
19 50 99
20 28 18
21 35 164
21 86 42
22 23 192
22 62 277
23 75 68
27 34 135
27 53 183
28 53 25
30 75 286
30 53 167
30 0 28
31 47 202
31 46 32
32 60 73
32 89 52
32 61 63
33 1 35
33 6 282
34 79 103
34 43 154
34 88 39
35 51 41
35 58 16
36 51 277
37 22 231
37 55 125
38 30 37
38 12 298
38 54 120
38 2 276
41 38 112
41 39 191
42 83 74
44 51 177
45 67 168
46 53 141
46 16 115
46 73 144
46 82 203
46 55 133
47 0 277
47 6 28
48 87 58
48 33 243
48 31 252
48 83 97
49 23 94
49 28 84
50 6 256
50 75 131
51 32 98
51 2 208
51 59 171
52 87 100
52 69 70
52 70 204
53 63 126
53 47 171
53 51 174
53 75 254
54 70 210
54 51 192
55 38 163
55 61 202
55 41 147
55 58 162
57 30 158
58 59 110
58 36 4
59 56 295
59 84 263
59 88 212
60 84 216
60 56 203
60 47 12
60 51 45
60 1 50
61 57 19
61 87 242
61 4 283
62 17 164
62 46 64
63 14 101
64 84 48
64 42 179
66 76 58
66 21 85
67 8 16
68 55 128
68 65 71
69 8 294
69 30 1
69 40 177
71 63 139
71 80 176
71 31 75
74 14 244
75 17 188
75 71 76
75 8 179
75 34 33
76 12 35
76 22 8
78 42 129
78 27 298
79 19 120
79 23 46
81 22 16
82 47 184
83 82 20
83 30 15
83 16 231
83 59 163
83 6 89
84 65 219
84 64 283
84 34 145
85 65 180
85 22 2
86 2 193
86 55 240
86 89 37
86 76 194
86 31 261
88 73 225
88 4 260
88 23 249
89 1 292
89 58 262
-1
270
0 20 183
1 45 117
2 61 242
2 50 70
3 72 54
3 43 282
4 83 243
4 20 171
5 42 94
6 37 71
7 41 29
7 20 32
8 83 122
9 41 5
9 76 158
9 75 82
11 65 247
11 83 88
12 57 203
13 31 223
13 81 79
13 89 89
14 14 146
14 1 96
15 22 299
16 4 207
16 16 66
17 75 255
18 61 17
18 63 118
18 10 3
18 13 220
19 41 132
19 19 102
19 79 49
20 26 295
20 14 297
21 23 5
21 23 229
21 0 138
21 22 268
22 17 40
22 88 45
22 34 60
23 76 264
23 9 81
23 70 106
23 66 90
23 46 76
23 65 51
24 76 151
24 82 296
24 22 21
26 58 195
26 3 261
27 15 192
27 16 80
28 44 175
28 52 100
29 14 159
29 15 201
30 30 228
30 22 46
31 54 56
31 47 154
32 20 211
32 6 284
32 13 293
32 52 183
32 80 24
33 40 136
33 42 38
33 52 52
34 4 27
34 43 51
34 87 294
35 85 41
35 82 126
35 77 266
36 41 265
36 3 93
38 4 222
38 14 229
38 34 32
39 25 173
39 11 86
40 55 143
40 8 293
40 29 138
40 43 12
40 67 210
41 63 240
42 29 72
43 62 237
43 63 221
44 22 164
44 73 138
45 28 187
45 26 74
45 72 98
47 81 224
47 14 173
47 17 147
47 64 40
47 58 218
47 44 129
48 74 152
49 61 122
49 71 110
50 37 243
51 18 163
51 37 49
51 59 67
53 66 225
53 57 55
53 81 275
55 49 163
56 24 36
56 44 249
57 81 157
57 86 4
59 0 60
59 4 203
59 36 226
59 18 182
60 24 4
61 62 78
61 63 48
61 76 216
62 15 257
62 68 151
62 27 176
62 64 179
63 4 159
63 20 142
64 39 50
64 34 147
65 6 260
66 51 163
66 22 212
67 45 183
68 87 12
69 3 28
69 78 208
69 33 208
69 11 119
70 2 103
70 42 207
70 0 279
71 51 281
71 83 187
71 4 256
72 5 33
72 29 215
73 40 93
73 65 6
74 8 294
74 18 12
74 14 85
75 16 198
75 89 297
76 13 204
76 48 128
76 51 15
77 71 185
77 11 182
78 23 188
78 49 239
79 41 45
79 11 80
80 32 288
81 85 10
81 25 43
81 4 212
81 50 166
82 48 56
82 13 81
82 39 165
82 35 287
83 33 36
83 13 112
84 74 174
85 27 122
86 73 268
87 39 55
87 89 119
87 64 117
87 69 290
88 75 79
89 79 12
-1
270
0 59 195
0 68 127
1 47 145
3 68 106
3 7 7
3 18 172
3 24 261
4 89 58
5 4 75
6 36 212
6 21 166
6 86 55
7 81 20
7 15 261
7 2 178
8 51 247
9 34 220
9 79 85
10 6 288
10 16 189
10 43 290
10 0 77
11 0 94
12 54 1
13 89 229
13 37 52
13 8 247
13 5 91
14 42 275
14 35 221
14 82 94
14 5 115
15 38 1
15 40 130
16 20 25
16 40 128
16 39 247
16 25 176
19 34 147
19 26 18
19 1 54
19 8 161
20 67 195
20 53 223
20 78 271
22 42 43
23 61 287
23 43 88
23 59 266
24 27 109
24 20 106
24 74 17
24 33 114
24 69 258
25 71 30
26 54 67
27 7 72
28 55 195
28 72 200
28 72 63
29 8 193
29 43 210
30 34 112
30 65 165
31 55 233
32 0 30
33 39 9
33 26 257
34 81 22
34 80 282
34 57 177
34 84 45
34 14 37
35 5 61
35 46 218
36 41 41
36 24 66
36 40 13
36 50 116
37 27 82
38 69 192
38 57 290
38 71 174
38 63 86
39 6 242
39 79 62
40 3 68
40 58 178
40 6 279
40 29 20
40 30 167
41 40 125
41 85 187
41 62 142
44 88 166
44 83 75
44 3 3
44 5 14
44 66 176
45 52 246
45 41 39
46 39 111
46 51 168
47 33 165
48 55 179
48 28 252
49 17 34
50 84 73
51 15 253
53 45 161
54 27 240
54 21 44
54 10 8
54 75 93
55 15 100
55 76 182
55 36 210
56 67 18
56 18 187
57 19 203
58 48 221
60 22 85
61 41 164
61 72 79
63 2 103
63 32 44
63 68 161
63 3 219
64 52 217
64 16 241
64 5 148
65 75 123
65 50 38
65 20 210
66 44 266
66 27 155
66 36 202
66 31 84
67 36 132
67 33 251
67 40 157
68 30 87
69 1 63
69 42 170
69 47 53
70 56 152
71 53 107
71 67 246
71 86 35
71 16 138
72 51 141
72 42 298
72 79 261
73 22 192
73 79 26
74 56 277
74 59 298
74 4 279
74 38 248
76 80 19
77 49 293
77 32 203
77 33 139
77 16 8
77 57 187
78 28 116
78 61 63
79 11 166
79 63 148
80 13 274
80 65 202
80 24 294
81 7 104
81 82 170
82 36 299
82 59 32
83 69 292
84 80 289
84 26 236
85 25 211
85 12 161
86 0 82
86 72 222
86 79 169
87 48 57
88 32 42
88 21 198
88 71 112
88 2 232
89 16 12
-1
-2
